128 512 1 128 2
55 44 20
44 31 32
31 70 111
70 116 49
116 49 109
49 72 36
72 75 36
75 87 17
87 4 71
4 18 91
18 65 28
65 100 2
100 103 106
103 128 82
128 45 116
45 2 45
2 59 106
59 12 14
12 79 63
79 105 80
105 26 64
26 67 83
67 117 57
117 48 7
48 41 6
41 13 47
13 90 31
90 61 28
61 1 113
1 46 37
46 60 47
60 114 106
114 43 115
43 84 120
84 34 52
34 94 35
94 97 21
97 37 128
37 47 108
47 119 11
119 63 55
63 16 57
16 52 60
52 35 78
35 39 54
39 125 5
125 76 94
76 120 125
120 58 69
58 11 19
11 56 98
56 112 19
112 73 95
73 82 34
82 98 80
98 50 124
50 62 39
62 123 77
123 86 4
86 23 110
23 115 55
115 19 107
19 24 59
24 85 64
85 14 94
14 42 45
42 118 96
118 127 19
127 104 99
104 122 13
122 54 74
54 17 95
17 10 4
10 22 12
22 124 9
124 83 118
83 111 126
111 80 82
80 66 3
66 107 127
107 89 3
89 27 92
27 38 100
38 20 52
20 110 52
110 29 95
29 106 39
106 71 43
71 57 28
57 108 32
108 64 104
64 78 108
78 91 44
91 99 67
99 21 7
21 102 79
102 96 48
96 7 72
7 68 18
68 77 94
77 126 7
126 9 94
9 69 63
69 113 41
113 28 3
28 3 21
3 6 102
6 33 97
33 15 107
15 92 17
92 101 107
101 51 37
51 8 73
8 40 72
40 25 65
25 121 93
121 5 110
5 30 99
30 95 95
95 109 5
109 74 36
74 32 123
32 36 47
36 81 34
81 53 9
53 93 107
93 88 82
88 55 124
119 100 120
119 31 55
98 21 8
111 43 94
71 64 107
115 53 12
37 31 13
16 6 84
3 117 59
20 126 101
29 12 9
59 64 65
23 90 15
111 85 16
42 56 27
101 63 4
41 82 70
33 109 82
41 23 119
20 8 2
62 113 124
37 39 32
86 111 114
71 60 65
60 47 19
12 116 124
33 120 99
87 28 54
106 85 7
91 113 13
35 58 92
18 43 69
82 66 110
43 31 86
22 47 67
62 63 91
114 68 75
37 51 99
68 63 28
116 1 6
67 97 108
112 3 22
29 41 78
29 38 123
52 8 103
44 83 5
75 43 18
19 121 79
122 44 80
43 56 117
64 120 126
61 84 121
121 116 58
6 98 105
93 37 45
56 78 66
123 3 120
20 98 85
24 33 10
94 19 35
105 15 50
89 50 49
72 75 123
34 15 109
38 115 68
80 115 92
109 69 101
35 23 71
23 101 34
28 38 13
80 22 88
80 40 100
126 26 92
86 78 101
58 127 11
47 9 91
80 4 107
42 73 22
98 101 86
78 49 48
32 88 103
121 112 97
12 86 21
128 63 80
112 107 109
47 62 99
70 128 88
92 103 47
47 29 24
87 41 114
93 3 39
79 15 112
58 46 59
10 41 54
100 45 35
32 127 20
61 115 55
66 114 112
43 53 75
60 30 64
12 97 72
35 82 26
60 46 52
116 117 110
37 35 30
114 43 83
98 74 66
117 75 41
19 46 116
68 28 80
103 101 19
91 60 1
72 34 50
90 93 111
3 98 36
80 67 35
17 80 15
96 86 47
117 10 97
84 76 34
11 33 126
124 116 17
85 93 101
116 59 115
48 103 117
66 59 113
7 98 79
65 79 92
95 104 20
100 12 32
99 16 0
24 105 78
46 115 111
126 118 35
68 87 60
53 64 24
12 11 59
42 69 46
112 77 111
126 44 43
16 32 59
54 3 36
109 45 80
52 80 103
10 122 102
25 123 41
2 13 38
101 45 20
112 86 57
119 101 46
44 37 106
38 60 3
65 38 18
17 63 1
113 17 86
34 69 91
94 120 88
128 49 77
92 95 12
105 112 105
48 109 63
55 82 54
94 54 56
17 14 118
15 58 95
35 2 25
122 15 76
128 68 5
113 13 114
37 69 52
37 50 68
111 21 104
88 121 61
12 63 29
89 51 24
94 87 117
87 124 24
106 116 67
114 105 64
25 65 99
59 11 108
94 66 99
71 74 26
122 21 72
52 116 125
98 62 68
118 84 39
66 71 103
42 97 112
7 22 57
49 122 39
47 26 64
53 13 104
47 11 52
18 74 38
41 5 33
118 99 12
20 54 17
93 35 9
13 30 119
27 70 111
122 107 58
64 119 123
75 111 23
120 113 116
111 42 92
91 10 58
114 54 10
12 24 26
81 86 55
126 50 115
109 49 110
99 4 103
125 90 109
20 120 124
78 76 117
41 51 127
33 100 124
114 61 77
20 50 9
71 90 15
6 29 116
111 17 46
52 26 6
39 26 53
96 58 25
80 84 39
81 32 18
63 26 12
19 108 51
71 93 96
6 34 48
80 97 59
73 121 120
89 112 19
106 7 53
84 48 20
64 112 68
124 99 20
36 48 123
107 114 64
41 31 62
69 77 85
94 41 66
27 50 68
6 47 41
94 45 19
51 103 69
83 20 16
50 49 62
123 7 50
52 75 76
81 3 25
7 23 108
119 109 1
120 113 117
49 128 76
33 114 23
74 10 67
59 44 94
127 45 115
87 7 128
66 75 110
11 6 127
19 5 128
25 38 109
39 80 108
32 71 15
58 127 0
13 33 38
78 18 37
10 73 52
88 87 32
82 38 23
53 76 44
63 105 22
5 64 48
34 67 91
43 35 55
103 120 46
119 125 20
40 77 115
3 1 44
87 16 22
9 5 24
49 92 56
72 19 81
51 28 31
93 83 113
47 74 57
50 18 3
41 27 19
40 122 4
69 68 65
46 25 48
73 125 2
71 112 16
74 50 12
53 76 25
63 103 107
72 93 108
94 75 76
25 24 26
10 103 18
117 95 116
80 54 111
58 118 120
115 3 99
39 110 13
103 19 109
12 6 121
35 75 11
96 9 21
1 64 108
2 66 52
106 84 18
76 40 40
111 113 1
13 41 117
49 7 116
54 105 105
7 42 82
18 14 46
112 39 53
20 127 117
78 18 18
60 94 103
76 118 94
66 127 92
36 113 84
64 68 95
110 95 48
25 85 11
30 13 13
113 119 105
10 6 16
64 87 32
70 6 86
73 126 123
28 110 124
117 42 22
5 23 119
108 48 0
22 44 73
21 124 48
22 96 8
23 36 88
11 77 52
17 32 126
40 22 30
89 33 84
105 62 37
33 91 78
107 121 66
109 87 92
117 104 31
86 31 120
112 91 80
19 80 102
125 42 53
111 107 76
12 53 101
125 57 107
102 32 34
64 17 14
51 32 122
26 61 102
36 126 6
51 96 56
87 124 40
111 22 86
52 10 18
118 33 26
90 110 90
22 3 8
16 20 1
20 35 24
68 23 47
5 7 75
19 45 76
116 22 41
87 8 6
124 62 75
38 104 56
10 14 56 45 43
12 26 19 23