N = 32;
M = 51;
Edge_Start = [1, 1, 2, 2, 3, 3, 4, 4, 5, 5, 6, 6, 7, 8, 9, 9, 10, 10, 11, 12, 12, 13, 13, 14, 14, 15, 15, 16, 18, 19, 20, 20, 21, 22, 22, 23, 24, 24, 25, 26, 26, 27, 27, 28, 28, 29, 29, 30, 31, 31, 32];
Edge_End = [3, 4, 3, 22, 1, 5, 1, 15, 2, 31, 11, 31, 9, 32, 8, 16, 9, 14, 5, 13, 21, 12, 15, 1, 3, 4, 13, 21, 26, 18, 6, 11, 10, 7, 9, 24, 23, 29, 7, 20, 27, 19, 30, 19, 30, 2, 25, 28, 23, 29, 17];
L = [1, 1, 1, 1, 1, 1, 1, 1, 1, 1, 1, 1, 1, 1, 1, 1, 1, 1, 1, 1, 1, 1, 1, 1, 1, 1, 1, 1, 1, 1, 1, 1, 1, 1, 1, 1, 1, 1, 1, 1, 1, 1, 1, 1, 1, 1, 1, 1, 1, 1, 1];
T = [1, 1, 1, 1, 1, 1, 1, 1, 1, 1, 1, 1, 1, 1, 1, 1, 1, 1, 1, 1, 1, 1, 1, 1, 1, 1, 1, 1, 1, 1, 1, 1, 1, 1, 1, 1, 1, 1, 1, 1, 1, 1, 1, 1, 1, 1, 1, 1, 1, 1, 1];
Lower_Bound = [7, 5, 6, 8, 4, 3, 7, 8, 7, 10, 3, 11, 10, 11, 9, 8, 10, 0, 3, 2, 9, 6, 5, 6, 6, 1, 2, 4, 5, 3, 4, 9];
Upper_Bound = [7, 5, 6, 8, 4, 3, 7, 8, 7, 10, 3, 11, 10, 11, 9, 8, 10, 0, 3, 2, 9, 6, 5, 6, 6, 1, 2, 4, 5, 3, 4, 9];
Start = 18;
End = 17;
Time = 10;
