N = 26;
M = 41;
Edge_Start = [1, 1, 2, 3, 4, 4, 5, 5, 6, 7, 7, 8, 8, 9, 9, 10, 10, 10, 11, 11, 12, 12, 13, 13, 14, 15, 16, 17, 18, 18, 19, 20, 21, 21, 22, 22, 23, 24, 25, 26, 26];
Edge_End = [7, 14, 4, 4, 3, 5, 4, 22, 1, 9, 16, 15, 25, 8, 15, 7, 14, 22, 12, 19, 19, 24, 1, 24, 10, 26, 6, 20, 11, 17, 13, 23, 2, 5, 5, 10, 18, 1, 21, 2, 25];
L = [10, 182, 19, 16, 16, 66, 66, 213, 18, 159, 19, 164, 414, 177, 339, 179, 9, 794, 188, 329, 144, 378, 210, 106, 9, 135, 12, 9, 78, 20, 127, 20, 43, 58, 213, 794, 9, 109, 60, 213, 114];
T = [0, 17, 1, 1, 1, 4, 4, 13, 1, 9, 1, 11, 28, 12, 20, 17, 0, 75, 12, 20, 9, 25, 12, 7, 0, 8, 0, 0, 4, 1, 7, 1, 2, 4, 13, 75, 0, 7, 4, 13, 7];
Lower_Bound = [44, 95, 96, 96, 96, 45, 44, 66, 55, 62, 9, 17, 32, 61, 75, 45, 1, 1, 25, 0, 92, 109, 3, 39, 88, 82];
Upper_Bound = [47, 96, 97, 103, 97, 47, 51, 69, 62, 80, 12, 28, 36, 62, 90, 46, 6, 24, 26, 4, 93, 114, 10, 44, 92, 102];
Start = 17;
End = 3;
Time = 97;
