N = 46;
M = 118;
Edge_Start = [1, 1, 2, 2, 2, 3, 3, 3, 4, 4, 4, 5, 6, 6, 6, 7, 7, 7, 8, 8, 8, 9, 9, 9, 10, 10, 10, 11, 11, 11, 12, 12, 12, 13, 14, 14, 14, 15, 15, 15, 16, 16, 17, 17, 18, 18, 18, 19, 19, 19, 20, 20, 20, 21, 21, 21, 22, 22, 22, 23, 23, 23, 24, 24, 25, 25, 25, 26, 26, 26, 27, 27, 28, 29, 29, 30, 31, 31, 32, 32, 32, 33, 33, 33, 34, 35, 35, 35, 36, 36, 36, 37, 37, 37, 38, 38, 38, 39, 39, 40, 40, 40, 41, 41, 41, 42, 42, 42, 43, 43, 44, 44, 45, 45, 45, 46, 46, 46];
Edge_End = [32, 43, 18, 24, 44, 6, 12, 41, 7, 10, 46, 9, 3, 11, 41, 4, 18, 21, 19, 26, 33, 5, 36, 40, 4, 45, 46, 6, 12, 22, 3, 11, 37, 35, 15, 22, 37, 14, 23, 25, 20, 36, 33, 35, 2, 7, 45, 8, 21, 46, 16, 26, 32, 7, 19, 33, 11, 14, 25, 15, 27, 31, 2, 34, 15, 22, 31, 8, 20, 36, 23, 30, 29, 28, 35, 27, 23, 25, 1, 20, 45, 8, 17, 21, 24, 13, 17, 29, 9, 16, 26, 12, 14, 38, 37, 39, 42, 38, 40, 9, 39, 42, 3, 6, 42, 38, 40, 41, 1, 44, 2, 43, 10, 18, 32, 4, 10, 19];
L = [1, 1, 1, 1, 1, 1, 1, 1, 1, 1, 1, 1, 1, 1, 1, 1, 1, 1, 1, 1, 1, 1, 1, 1, 1, 1, 1, 1, 1, 1, 1, 1, 1, 1, 1, 1, 1, 1, 1, 1, 1, 1, 1, 1, 1, 1, 1, 1, 1, 1, 1, 1, 1, 1, 1, 1, 1, 1, 1, 1, 1, 1, 1, 1, 1, 1, 1, 1, 1, 1, 1, 1, 1, 1, 1, 1, 1, 1, 1, 1, 1, 1, 1, 1, 1, 1, 1, 1, 1, 1, 1, 1, 1, 1, 1, 1, 1, 1, 1, 1, 1, 1, 1, 1, 1, 1, 1, 1, 1, 1, 1, 1, 1, 1, 1, 1, 1, 1];
T = [1, 1, 1, 1, 1, 1, 1, 1, 1, 1, 1, 1, 1, 1, 1, 1, 1, 1, 1, 1, 1, 1, 1, 1, 1, 1, 1, 1, 1, 1, 1, 1, 1, 1, 1, 1, 1, 1, 1, 1, 1, 1, 1, 1, 1, 1, 1, 1, 1, 1, 1, 1, 1, 1, 1, 1, 1, 1, 1, 1, 1, 1, 1, 1, 1, 1, 1, 1, 1, 1, 1, 1, 1, 1, 1, 1, 1, 1, 1, 1, 1, 1, 1, 1, 1, 1, 1, 1, 1, 1, 1, 1, 1, 1, 1, 1, 1, 1, 1, 1, 1, 1, 1, 1, 1, 1, 1, 1, 1, 1, 1, 1, 1, 1, 1, 1, 1, 1];
Lower_Bound = [5, 4, 8, 3, 5, 8, 2, 1, 4, 4, 9, 9, 3, 9, 10, 4, 1, 3, 2, 3, 1, 10, 11, 5, 11, 2, 12, 4, 3, 13, 12, 4, 0, 6, 2, 3, 8, 7, 6, 5, 7, 6, 6, 5, 4, 3];
Upper_Bound = [5, 4, 8, 3, 5, 8, 2, 1, 4, 4, 9, 9, 3, 9, 10, 4, 1, 3, 2, 3, 1, 10, 11, 5, 11, 2, 12, 4, 3, 13, 12, 4, 0, 6, 2, 3, 8, 7, 6, 5, 7, 6, 6, 5, 4, 3];
Start = 33;
End = 12;
Time = 9;
