N = 131;
M = 329;
Edge_Start = [1, 1, 2, 2, 3, 3, 4, 4, 4, 5, 5, 5, 6, 6, 7, 8, 8, 9, 9, 9, 10, 10, 11, 11, 11, 12, 12, 13, 14, 15, 15, 16, 16, 16, 16, 17, 17, 18, 19, 19, 19, 20, 21, 21, 21, 22, 23, 23, 23, 24, 24, 24, 25, 25, 26, 26, 26, 26, 27, 27, 28, 28, 28, 29, 29, 30, 30, 31, 32, 32, 32, 33, 33, 34, 34, 34, 35, 35, 36, 36, 36, 37, 37, 37, 38, 38, 38, 39, 39, 39, 40, 40, 40, 40, 41, 41, 41, 42, 42, 42, 43, 43, 43, 44, 45, 45, 45, 46, 46, 46, 47, 47, 48, 48, 49, 49, 49, 50, 50, 50, 51, 51, 52, 52, 52, 53, 53, 53, 54, 54, 54, 55, 55, 55, 55, 56, 56, 56, 57, 57, 57, 58, 59, 59, 59, 60, 60, 60, 61, 62, 62, 62, 62, 63, 63, 63, 64, 64, 64, 65, 65, 66, 66, 67, 67, 68, 68, 68, 69, 69, 70, 70, 70, 71, 71, 71, 72, 72, 72, 73, 73, 74, 74, 74, 75, 75, 76, 76, 77, 77, 77, 78, 78, 79, 79, 79, 80, 80, 80, 81, 81, 82, 82, 83, 83, 84, 84, 85, 85, 86, 86, 86, 87, 87, 87, 88, 88, 88, 89, 89, 89, 90, 90, 90, 91, 91, 91, 92, 92, 92, 92, 93, 93, 93, 94, 94, 94, 95, 95, 96, 96, 96, 97, 97, 97, 98, 98, 98, 99, 99, 99, 100, 100, 101, 101, 102, 102, 103, 103, 103, 104, 104, 104, 105, 105, 105, 106, 106, 106, 107, 107, 107, 108, 108, 108, 109, 109, 109, 110, 110, 110, 111, 112, 112, 112, 113, 113, 114, 114, 115, 115, 115, 116, 116, 116, 117, 117, 118, 118, 118, 119, 119, 119, 120, 121, 122, 123, 123, 123, 124, 125, 125, 125, 126, 126, 126, 127, 127, 127, 128, 128, 128, 129, 130, 130, 130, 131, 131, 131];
Edge_End = [98, 131, 115, 131, 4, 19, 3, 26, 46, 19, 118, 119, 64, 81, 121, 79, 123, 15, 24, 57, 17, 127, 92, 126, 130, 49, 51, 58, 102, 9, 62, 17, 48, 53, 120, 10, 16, 115, 3, 5, 47, 62, 29, 50, 51, 62, 24, 57, 99, 9, 23, 104, 34, 65, 4, 36, 109, 118, 90, 97, 37, 63, 109, 31, 33, 25, 32, 29, 30, 34, 37, 13, 35, 25, 32, 39, 31, 33, 26, 37, 39, 28, 32, 36, 40, 102, 103, 34, 36, 41, 38, 72, 73, 74, 39, 65, 118, 83, 84, 89, 66, 86, 89, 56, 66, 83, 89, 4, 109, 117, 19, 48, 16, 47, 12, 50, 55, 21, 49, 94, 13, 21, 97, 111, 112, 16, 55, 119, 59, 60, 99, 49, 53, 56, 119, 44, 55, 130, 9, 23, 62, 88, 54, 88, 125, 54, 61, 104, 60, 15, 20, 22, 57, 28, 98, 131, 6, 30, 116, 12, 41, 43, 45, 68, 105, 67, 70, 96, 70, 90, 68, 69, 107, 72, 74, 107, 40, 71, 90, 40, 121, 40, 71, 77, 79, 113, 14, 86, 74, 80, 108, 95, 105, 7, 75, 122, 77, 84, 103, 82, 85, 81, 87, 42, 45, 42, 80, 8, 87, 43, 76, 103, 82, 85, 123, 58, 59, 93, 42, 43, 45, 27, 69, 72, 92, 93, 94, 11, 91, 93, 94, 88, 91, 92, 50, 91, 92, 78, 108, 68, 105, 106, 27, 52, 101, 1, 63, 116, 23, 54, 104, 101, 110, 97, 100, 38, 73, 38, 80, 86, 24, 60, 99, 67, 78, 96, 96, 107, 108, 70, 71, 106, 77, 95, 106, 26, 28, 46, 100, 112, 116, 52, 52, 110, 113, 64, 112, 115, 117, 2, 18, 114, 64, 98, 110, 46, 114, 5, 26, 41, 5, 53, 55, 16, 75, 123, 8, 87, 122, 125, 59, 124, 126, 11, 125, 127, 10, 126, 128, 127, 129, 130, 128, 11, 56, 128, 1, 2, 63];
L = [1, 1, 1, 1, 1, 1, 1, 1, 1, 1, 1, 1, 1, 1, 1, 1, 1, 1, 1, 1, 1, 1, 1, 1, 1, 1, 1, 1, 1, 1, 1, 1, 1, 1, 1, 1, 1, 1, 1, 1, 1, 1, 1, 1, 1, 1, 1, 1, 1, 1, 1, 1, 1, 1, 1, 1, 1, 1, 1, 1, 1, 1, 1, 1, 1, 1, 1, 1, 1, 1, 1, 1, 1, 1, 1, 1, 1, 1, 1, 1, 1, 1, 1, 1, 1, 1, 1, 1, 1, 1, 1, 1, 1, 1, 1, 1, 1, 1, 1, 1, 1, 1, 1, 1, 1, 1, 1, 1, 1, 1, 1, 1, 1, 1, 1, 1, 1, 1, 1, 1, 1, 1, 1, 1, 1, 1, 1, 1, 1, 1, 1, 1, 1, 1, 1, 1, 1, 1, 1, 1, 1, 1, 1, 1, 1, 1, 1, 1, 1, 1, 1, 1, 1, 1, 1, 1, 1, 1, 1, 1, 1, 1, 1, 1, 1, 1, 1, 1, 1, 1, 1, 1, 1, 1, 1, 1, 1, 1, 1, 1, 1, 1, 1, 1, 1, 1, 1, 1, 1, 1, 1, 1, 1, 1, 1, 1, 1, 1, 1, 1, 1, 1, 1, 1, 1, 1, 1, 1, 1, 1, 1, 1, 1, 1, 1, 1, 1, 1, 1, 1, 1, 1, 1, 1, 1, 1, 1, 1, 1, 1, 1, 1, 1, 1, 1, 1, 1, 1, 1, 1, 1, 1, 1, 1, 1, 1, 1, 1, 1, 1, 1, 1, 1, 1, 1, 1, 1, 1, 1, 1, 1, 1, 1, 1, 1, 1, 1, 1, 1, 1, 1, 1, 1, 1, 1, 1, 1, 1, 1, 1, 1, 1, 1, 1, 1, 1, 1, 1, 1, 1, 1, 1, 1, 1, 1, 1, 1, 1, 1, 1, 1, 1, 1, 1, 1, 1, 1, 1, 1, 1, 1, 1, 1, 1, 1, 1, 1, 1, 1, 1, 1, 1, 1, 1, 1, 1, 1, 1, 1];
T = [1, 1, 1, 1, 1, 1, 1, 1, 1, 1, 1, 1, 1, 1, 1, 1, 1, 1, 1, 1, 1, 1, 1, 1, 1, 1, 1, 1, 1, 1, 1, 1, 1, 1, 1, 1, 1, 1, 1, 1, 1, 1, 1, 1, 1, 1, 1, 1, 1, 1, 1, 1, 1, 1, 1, 1, 1, 1, 1, 1, 1, 1, 1, 1, 1, 1, 1, 1, 1, 1, 1, 1, 1, 1, 1, 1, 1, 1, 1, 1, 1, 1, 1, 1, 1, 1, 1, 1, 1, 1, 1, 1, 1, 1, 1, 1, 1, 1, 1, 1, 1, 1, 1, 1, 1, 1, 1, 1, 1, 1, 1, 1, 1, 1, 1, 1, 1, 1, 1, 1, 1, 1, 1, 1, 1, 1, 1, 1, 1, 1, 1, 1, 1, 1, 1, 1, 1, 1, 1, 1, 1, 1, 1, 1, 1, 1, 1, 1, 1, 1, 1, 1, 1, 1, 1, 1, 1, 1, 1, 1, 1, 1, 1, 1, 1, 1, 1, 1, 1, 1, 1, 1, 1, 1, 1, 1, 1, 1, 1, 1, 1, 1, 1, 1, 1, 1, 1, 1, 1, 1, 1, 1, 1, 1, 1, 1, 1, 1, 1, 1, 1, 1, 1, 1, 1, 1, 1, 1, 1, 1, 1, 1, 1, 1, 1, 1, 1, 1, 1, 1, 1, 1, 1, 1, 1, 1, 1, 1, 1, 1, 1, 1, 1, 1, 1, 1, 1, 1, 1, 1, 1, 1, 1, 1, 1, 1, 1, 1, 1, 1, 1, 1, 1, 1, 1, 1, 1, 1, 1, 1, 1, 1, 1, 1, 1, 1, 1, 1, 1, 1, 1, 1, 1, 1, 1, 1, 1, 1, 1, 1, 1, 1, 1, 1, 1, 1, 1, 1, 1, 1, 1, 1, 1, 1, 1, 1, 1, 1, 1, 1, 1, 1, 1, 1, 1, 1, 1, 1, 1, 1, 1, 1, 1, 1, 1, 1, 1, 1, 1, 1, 1, 1, 1, 1, 1, 1, 1, 1, 1];
Lower_Bound = [10, 16, 17, 13, 13, 8, 7, 9, 21, 19, 16, 11, 14, 5, 22, 16, 16, 14, 14, 22, 13, 22, 19, 20, 9, 13, 5, 12, 14, 8, 16, 9, 16, 10, 16, 11, 11, 3, 11, 2, 11, 3, 5, 15, 5, 13, 17, 16, 12, 13, 12, 7, 16, 17, 13, 14, 21, 15, 17, 18, 19, 21, 11, 7, 11, 5, 5, 5, 6, 4, 4, 3, 3, 2, 6, 4, 0, 3, 7, 1, 13, 10, 4, 3, 10, 5, 10, 16, 4, 4, 15, 15, 17, 15, 2, 3, 6, 10, 18, 8, 8, 4, 2, 19, 4, 2, 3, 1, 14, 8, 8, 8, 6, 15, 13, 8, 16, 13, 14, 18, 5, 7, 8, 19, 17, 17, 18, 16, 17, 15, 11];
Upper_Bound = [14, 25, 23, 14, 15, 9, 11, 10, 23, 22, 28, 14, 15, 7, 24, 21, 27, 18, 24, 24, 14, 26, 32, 24, 11, 18, 8, 13, 15, 13, 18, 15, 23, 14, 24, 23, 18, 5, 20, 3, 20, 7, 11, 19, 6, 16, 18, 18, 20, 16, 18, 10, 19, 19, 14, 17, 22, 17, 21, 32, 23, 23, 15, 17, 15, 17, 6, 6, 7, 5, 12, 8, 5, 11, 10, 6, 5, 6, 10, 4, 14, 21, 7, 7, 13, 10, 14, 25, 9, 7, 17, 16, 21, 17, 10, 17, 24, 11, 22, 14, 17, 14, 9, 34, 6, 10, 5, 2, 20, 13, 19, 9, 8, 21, 17, 9, 19, 19, 19, 24, 8, 10, 9, 23, 21, 20, 21, 19, 20, 24, 12];
Start = 77;
End = 59;
Time = 21;
