N = 46;
M = 118;
Edge_Start = [1, 1, 2, 2, 2, 3, 3, 3, 4, 4, 4, 5, 6, 6, 6, 7, 7, 7, 8, 8, 8, 9, 9, 9, 10, 10, 10, 11, 11, 11, 12, 12, 12, 13, 14, 14, 14, 15, 15, 15, 16, 16, 17, 17, 18, 18, 18, 19, 19, 19, 20, 20, 20, 21, 21, 21, 22, 22, 22, 23, 23, 23, 24, 24, 25, 25, 25, 26, 26, 26, 27, 27, 28, 29, 29, 30, 31, 31, 32, 32, 32, 33, 33, 33, 34, 35, 35, 35, 36, 36, 36, 37, 37, 37, 38, 38, 38, 39, 39, 40, 40, 40, 41, 41, 41, 42, 42, 42, 43, 43, 44, 44, 45, 45, 45, 46, 46, 46];
Edge_End = [32, 43, 18, 24, 44, 6, 12, 41, 7, 10, 46, 9, 3, 11, 41, 4, 18, 21, 19, 26, 33, 5, 36, 40, 4, 45, 46, 6, 12, 22, 3, 11, 37, 35, 15, 22, 37, 14, 23, 25, 20, 36, 33, 35, 2, 7, 45, 8, 21, 46, 16, 26, 32, 7, 19, 33, 11, 14, 25, 15, 27, 31, 2, 34, 15, 22, 31, 8, 20, 36, 23, 30, 29, 28, 35, 27, 23, 25, 1, 20, 45, 8, 17, 21, 24, 13, 17, 29, 9, 16, 26, 12, 14, 38, 37, 39, 42, 38, 40, 9, 39, 42, 3, 6, 42, 38, 40, 41, 1, 44, 2, 43, 10, 18, 32, 4, 10, 19];
L = [27, 26, 27, 31, 57, 101, 43, 141, 63, 109, 94, 13, 101, 49, 123, 63, 26, 20, 23, 28, 129, 13, 71, 97, 109, 28, 42, 49, 109, 34, 43, 109, 6, 97, 29, 112, 24, 29, 33, 113, 24, 160, 23, 29, 27, 26, 180, 23, 143, 24, 24, 154, 31, 20, 143, 24, 34, 112, 29, 33, 28, 115, 31, 26, 113, 29, 29, 28, 154, 28, 28, 24, 26, 26, 30, 24, 115, 29, 27, 31, 25, 129, 23, 24, 26, 97, 29, 30, 71, 160, 28, 6, 24, 21, 21, 24, 218, 24, 244, 97, 244, 18, 141, 123, 23, 218, 18, 23, 26, 72, 57, 72, 28, 180, 25, 94, 42, 24];
T = [4, 3, 3, 4, 8, 14, 6, 20, 9, 15, 13, 2, 14, 7, 17, 9, 3, 2, 3, 4, 18, 2, 10, 13, 15, 4, 6, 7, 15, 4, 6, 15, 1, 13, 4, 16, 3, 4, 4, 16, 3, 22, 3, 4, 3, 3, 25, 3, 20, 3, 3, 22, 4, 2, 20, 3, 4, 16, 4, 4, 4, 16, 4, 3, 16, 4, 4, 4, 22, 4, 4, 3, 3, 3, 4, 3, 16, 4, 4, 4, 3, 18, 3, 3, 3, 13, 4, 4, 10, 22, 4, 1, 3, 3, 3, 3, 31, 3, 34, 13, 34, 2, 20, 17, 3, 31, 2, 3, 3, 10, 8, 10, 4, 25, 3, 13, 6, 3];
Lower_Bound = [32, 11, 74, 15, 41, 73, 7, 18, 36, 29, 78, 80, 20, 84, 89, 43, 3, 8, 22, 42, 3, 83, 94, 16, 86, 22, 96, 15, 11, 99, 90, 36, 0, 18, 7, 26, 81, 82, 86, 52, 55, 51, 29, 19, 33, 25];
Upper_Bound = [34, 12, 75, 24, 47, 74, 9, 23, 41, 32, 80, 82, 26, 88, 91, 48, 14, 9, 28, 45, 7, 84, 103, 23, 93, 30, 101, 19, 13, 100, 101, 37, 6, 19, 8, 27, 84, 100, 93, 56, 61, 57, 32, 20, 35, 33];
Start = 33;
End = 12;
Time = 82;
