N = 88;
M = 168;
Edge_Start = [1, 2, 2, 2, 3, 4, 5, 6, 7, 7, 8, 9, 9, 9, 10, 11, 11, 12, 13, 13, 13, 14, 14, 15, 15, 15, 16, 16, 16, 17, 17, 18, 18, 19, 19, 20, 20, 20, 21, 22, 23, 24, 25, 25, 26, 26, 27, 27, 28, 28, 29, 29, 29, 30, 30, 30, 31, 31, 31, 32, 32, 32, 33, 33, 34, 34, 34, 35, 36, 37, 37, 38, 38, 39, 39, 40, 40, 40, 41, 42, 42, 42, 43, 43, 43, 44, 44, 44, 45, 45, 46, 47, 47, 48, 48, 48, 49, 50, 50, 51, 51, 52, 53, 53, 54, 54, 55, 55, 55, 56, 57, 57, 58, 58, 59, 59, 60, 60, 60, 61, 61, 62, 63, 63, 64, 65, 65, 65, 66, 67, 67, 67, 68, 68, 69, 70, 70, 71, 72, 72, 72, 73, 74, 74, 75, 75, 76, 76, 77, 78, 78, 79, 79, 80, 80, 81, 81, 82, 83, 84, 85, 85, 86, 87, 87, 88, 88, 88];
Edge_End = [12, 39, 59, 69, 60, 6, 35, 18, 29, 65, 26, 47, 72, 74, 51, 32, 67, 68, 15, 16, 54, 30, 78, 13, 31, 88, 13, 32, 34, 21, 58, 17, 21, 61, 64, 36, 45, 53, 4, 77, 50, 20, 30, 88, 33, 46, 42, 44, 29, 65, 7, 27, 60, 25, 28, 57, 15, 34, 43, 11, 16, 48, 44, 67, 16, 31, 43, 84, 62, 1, 55, 80, 82, 2, 24, 42, 65, 86, 75, 7, 27, 40, 31, 34, 60, 33, 59, 69, 23, 66, 69, 9, 48, 11, 32, 47, 45, 22, 61, 52, 56, 10, 2, 24, 13, 55, 37, 54, 88, 19, 30, 78, 17, 72, 42, 44, 3, 29, 43, 23, 64, 63, 49, 62, 66, 28, 40, 57, 53, 11, 33, 83, 14, 75, 39, 58, 74, 76, 9, 58, 73, 72, 9, 76, 14, 81, 71, 74, 52, 79, 87, 14, 81, 5, 84, 41, 85, 38, 8, 41, 80, 82, 40, 51, 56, 15, 25, 55];
L = [77, 10, 83, 17, 148, 16, 19, 12, 11, 86, 50, 144, 107, 64, 5, 99, 10, 112, 78, 108, 49, 77, 10, 78, 6, 70, 108, 63, 128, 30, 177, 30, 11, 33, 38, 165, 50, 15, 11, 101, 13, 10, 159, 22, 95, 87, 11, 35, 85, 11, 11, 63, 35, 159, 29, 10, 6, 44, 140, 99, 63, 68, 114, 49, 128, 44, 100, 12, 27, 120, 161, 12, 8, 10, 57, 65, 214, 35, 10, 62, 11, 65, 140, 100, 58, 114, 11, 93, 103, 13, 28, 144, 10, 175, 68, 10, 29, 8, 13, 5, 22, 4, 64, 10, 49, 24, 161, 24, 77, 74, 10, 70, 177, 47, 35, 11, 148, 35, 58, 15, 11, 40, 205, 40, 108, 11, 214, 28, 31, 10, 49, 67, 57, 55, 13, 64, 153, 52, 107, 47, 82, 82, 64, 55, 13, 16, 52, 55, 20, 9, 41, 14, 12, 31, 19, 10, 31, 8, 27, 36, 25, 34, 35, 135, 144, 70, 22, 77];
T = [5, 0, 6, 1, 10, 1, 2, 0, 0, 6, 6, 10, 7, 5, 0, 7, 0, 8, 5, 7, 3, 5, 0, 5, 0, 8, 7, 4, 9, 2, 12, 2, 0, 2, 2, 11, 3, 1, 0, 7, 1, 0, 14, 2, 11, 10, 0, 2, 6, 0, 0, 4, 2, 14, 2, 0, 0, 3, 10, 7, 4, 5, 8, 3, 9, 3, 7, 1, 2, 8, 14, 1, 1, 0, 4, 4, 15, 2, 0, 4, 0, 4, 10, 7, 4, 8, 0, 6, 7, 1, 3, 10, 0, 21, 5, 0, 2, 0, 1, 0, 1, 0, 4, 0, 3, 3, 14, 3, 9, 5, 0, 5, 12, 3, 2, 0, 10, 2, 4, 1, 0, 4, 14, 4, 7, 0, 15, 2, 2, 0, 3, 8, 4, 4, 1, 5, 18, 6, 7, 3, 9, 9, 5, 6, 0, 1, 6, 6, 1, 0, 3, 1, 0, 3, 2, 0, 3, 1, 3, 4, 2, 3, 2, 9, 10, 8, 2, 9];
Lower_Bound = [69, 55, 64, 19, 75, 20, 54, 48, 15, 78, 37, 74, 41, 67, 46, 34, 17, 20, 84, 59, 19, 70, 69, 59, 56, 54, 50, 60, 54, 62, 46, 30, 40, 43, 77, 70, 61, 74, 55, 54, 67, 50, 50, 48, 62, 64, 25, 25, 90, 70, 78, 78, 60, 44, 47, 79, 62, 5, 48, 54, 71, 72, 76, 71, 60, 63, 37, 82, 54, 0, 30, 8, 17, 18, 67, 24, 77, 67, 67, 72, 67, 73, 45, 74, 70, 56, 70, 54];
Upper_Bound = [69, 55, 64, 19, 75, 20, 54, 48, 15, 78, 37, 74, 41, 67, 46, 34, 17, 20, 84, 59, 19, 70, 69, 59, 56, 54, 50, 60, 54, 62, 46, 30, 40, 43, 77, 70, 61, 74, 55, 54, 67, 50, 50, 48, 62, 64, 25, 25, 90, 70, 78, 78, 60, 44, 47, 79, 62, 5, 48, 54, 71, 72, 76, 71, 60, 63, 37, 82, 54, 0, 30, 8, 17, 18, 67, 24, 77, 67, 67, 72, 67, 73, 45, 74, 70, 56, 70, 54];
Start = 70;
End = 61;
Time = 71;
