N = 75;
M = 133;
Edge_Start = [1, 2, 2, 2, 3, 4, 4, 5, 6, 6, 7, 8, 9, 10, 11, 11, 12, 12, 13, 13, 13, 14, 15, 15, 16, 16, 17, 18, 18, 18, 19, 20, 21, 21, 21, 22, 22, 23, 23, 23, 24, 24, 25, 26, 27, 28, 29, 29, 29, 30, 31, 31, 31, 32, 33, 33, 33, 34, 34, 34, 35, 35, 36, 37, 37, 37, 38, 39, 39, 39, 40, 40, 41, 41, 42, 43, 43, 44, 45, 45, 45, 46, 46, 47, 48, 49, 49, 50, 51, 51, 51, 52, 53, 54, 55, 56, 56, 57, 57, 57, 58, 59, 59, 59, 60, 61, 61, 62, 62, 62, 63, 64, 65, 65, 66, 66, 67, 67, 68, 69, 69, 70, 70, 70, 71, 72, 72, 72, 73, 73, 74, 75, 75];
Edge_End = [47, 18, 20, 70, 6, 39, 60, 41, 23, 71, 22, 21, 20, 11, 14, 35, 17, 28, 36, 37, 67, 32, 26, 50, 15, 52, 45, 2, 29, 42, 14, 42, 8, 24, 45, 16, 26, 6, 38, 72, 21, 27, 7, 34, 28, 43, 18, 51, 53, 62, 13, 25, 55, 10, 58, 69, 72, 7, 22, 31, 19, 44, 37, 13, 31, 57, 3, 4, 61, 72, 48, 62, 49, 52, 53, 55, 75, 45, 17, 21, 27, 39, 58, 56, 12, 15, 50, 67, 29, 60, 64, 5, 64, 38, 46, 66, 73, 37, 59, 74, 40, 57, 70, 74, 51, 54, 63, 30, 66, 73, 54, 4, 23, 33, 48, 62, 13, 34, 25, 1, 33, 2, 9, 59, 65, 23, 33, 39, 1, 69, 9, 31, 68];
L = [12, 5, 46, 5, 29, 179, 46, 13, 45, 24, 11, 107, 6, 263, 50, 73, 504, 34, 173, 7, 61, 311, 5, 14, 14, 222, 12, 5, 5, 46, 15, 4, 107, 455, 34, 8, 15, 45, 23, 241, 455, 50, 81, 11, 19, 44, 5, 5, 46, 58, 13, 15, 181, 14, 45, 196, 11, 15, 18, 84, 18, 21, 167, 7, 13, 9, 20, 179, 27, 9, 36, 95, 94, 16, 5, 37, 110, 484, 12, 34, 484, 42, 43, 13, 50, 114, 117, 32, 5, 5, 46, 15, 5, 22, 44, 159, 12, 9, 4, 52, 40, 4, 5, 47, 5, 202, 110, 58, 13, 152, 95, 5, 19, 252, 99, 13, 61, 25, 56, 71, 196, 5, 47, 5, 25, 241, 11, 9, 13, 59, 5, 72, 14];
T = [0, 0, 3, 0, 2, 13, 3, 1, 3, 1, 0, 7, 0, 19, 3, 5, 36, 2, 20, 0, 4, 16, 0, 1, 1, 16, 0, 0, 0, 3, 1, 0, 7, 36, 2, 0, 1, 3, 1, 17, 36, 4, 5, 0, 1, 3, 0, 0, 3, 4, 0, 1, 13, 0, 3, 14, 0, 1, 1, 6, 1, 1, 20, 0, 1, 0, 1, 13, 1, 0, 2, 6, 6, 1, 0, 2, 7, 34, 0, 2, 34, 3, 3, 1, 3, 8, 8, 2, 0, 0, 3, 1, 0, 1, 3, 11, 0, 0, 0, 3, 2, 0, 0, 3, 0, 14, 8, 4, 1, 10, 7, 0, 1, 18, 7, 1, 4, 1, 4, 5, 14, 0, 3, 0, 1, 17, 0, 0, 1, 4, 0, 5, 1];
Lower_Bound = [124, 109, 122, 112, 131, 124, 114, 68, 112, 0, 19, 112, 109, 22, 115, 114, 59, 109, 25, 112, 61, 114, 122, 97, 109, 115, 93, 94, 109, 117, 109, 0, 105, 114, 24, 129, 109, 121, 105, 107, 132, 112, 97, 25, 59, 102, 124, 109, 138, 116, 109, 130, 112, 120, 99, 125, 109, 105, 109, 109, 106, 113, 114, 112, 126, 114, 113, 105, 119, 109, 125, 105, 123, 112, 104];
Upper_Bound = [135, 117, 130, 118, 140, 135, 117, 74, 120, 7, 27, 120, 117, 32, 124, 120, 67, 116, 31, 118, 66, 118, 131, 101, 113, 122, 98, 100, 118, 128, 114, 6, 113, 121, 31, 138, 121, 129, 110, 111, 142, 118, 98, 32, 64, 109, 129, 115, 144, 126, 112, 136, 119, 126, 102, 134, 117, 113, 116, 116, 114, 121, 124, 114, 135, 124, 119, 115, 128, 116, 134, 113, 130, 120, 113];
Start = 32;
End = 9;
Time = 120;
