N = 128;
M = 250;
Edge_Start = [1, 1, 2, 3, 4, 4, 4, 5, 5, 5, 6, 7, 8, 9, 10, 10, 11, 11, 12, 13, 13, 13, 14, 14, 15, 15, 16, 16, 17, 17, 18, 18, 19, 19, 20, 20, 21, 21, 22, 23, 23, 24, 24, 25, 26, 26, 27, 27, 28, 28, 29, 29, 30, 31, 31, 32, 33, 33, 34, 35, 36, 36, 37, 37, 38, 38, 39, 39, 39, 40, 40, 41, 42, 43, 43, 43, 44, 45, 46, 47, 47, 48, 48, 49, 50, 51, 52, 52, 53, 54, 54, 55, 55, 55, 56, 56, 57, 57, 57, 58, 58, 58, 59, 59, 59, 60, 60, 60, 61, 62, 62, 62, 63, 63, 63, 64, 64, 64, 65, 65, 65, 66, 66, 66, 67, 67, 67, 68, 68, 68, 69, 69, 69, 70, 71, 72, 72, 72, 72, 73, 73, 74, 74, 75, 76, 76, 77, 77, 78, 78, 79, 79, 79, 80, 80, 81, 82, 82, 83, 84, 84, 85, 86, 86, 86, 87, 87, 87, 88, 88, 89, 90, 91, 91, 91, 92, 92, 93, 93, 93, 94, 94, 95, 95, 96, 97, 97, 97, 98, 99, 99, 99, 100, 100, 100, 101, 102, 102, 103, 104, 104, 104, 105, 106, 106, 106, 107, 107, 108, 108, 109, 109, 110, 110, 111, 111, 111, 112, 112, 112, 113, 114, 114, 114, 115, 116, 117, 117, 117, 118, 118, 119, 119, 120, 120, 120, 121, 122, 122, 123, 123, 124, 125, 125, 125, 126, 127, 127, 128, 128];
Edge_End = [87, 124, 109, 33, 17, 113, 114, 59, 69, 76, 35, 8, 47, 3, 6, 46, 49, 125, 38, 7, 79, 103, 40, 115, 63, 117, 49, 125, 4, 112, 43, 71, 18, 71, 21, 107, 59, 107, 20, 24, 39, 23, 39, 28, 81, 88, 42, 128, 96, 106, 44, 80, 79, 42, 128, 31, 10, 35, 99, 9, 83, 89, 36, 122, 37, 80, 23, 24, 56, 14, 27, 125, 84, 18, 53, 64, 73, 25, 13, 51, 127, 52, 77, 102, 45, 118, 16, 19, 11, 50, 56, 57, 60, 62, 39, 50, 55, 58, 65, 57, 59, 66, 5, 21, 58, 55, 62, 63, 72, 55, 60, 65, 15, 60, 67, 43, 87, 106, 57, 62, 66, 58, 65, 68, 63, 68, 117, 66, 67, 69, 5, 68, 117, 99, 48, 12, 61, 74, 123, 85, 99, 12, 73, 123, 5, 72, 2, 78, 52, 77, 13, 30, 108, 37, 83, 88, 29, 90, 112, 31, 32, 92, 4, 51, 82, 1, 54, 64, 119, 122, 17, 44, 93, 98, 114, 74, 75, 91, 97, 98, 43, 106, 82, 90, 94, 93, 100, 101, 101, 34, 70, 85, 97, 104, 105, 105, 8, 103, 13, 100, 111, 116, 116, 28, 45, 64, 20, 22, 7, 79, 2, 78, 14, 27, 104, 120, 121, 29, 80, 86, 114, 4, 86, 91, 40, 121, 15, 67, 69, 53, 87, 36, 89, 111, 124, 126, 126, 26, 110, 72, 76, 120, 16, 19, 41, 1, 86, 95, 26, 110];
L = [179, 46, 14, 263, 61, 173, 7, 199, 66, 94, 15, 19, 44, 14, 18, 21, 36, 95, 239, 484, 34, 12, 8, 28, 48, 168, 99, 13, 61, 25, 196, 71, 59, 13, 79, 6, 65, 78, 98, 28, 24, 28, 23, 29, 91, 13, 174, 14, 24, 45, 29, 11, 107, 12, 175, 63, 73, 50, 335, 311, 5, 14, 14, 222, 370, 370, 24, 23, 46, 8, 160, 58, 13, 196, 45, 11, 627, 20, 484, 37, 110, 13, 158, 50, 22, 44, 159, 12, 40, 202, 110, 51, 120, 75, 46, 95, 51, 50, 75, 50, 55, 76, 199, 65, 55, 120, 48, 329, 532, 75, 48, 51, 48, 329, 185, 11, 9, 241, 75, 51, 50, 76, 50, 69, 185, 117, 62, 69, 117, 54, 66, 54, 116, 408, 12, 63, 532, 41, 9, 8, 30, 44, 13, 29, 94, 31, 69, 13, 157, 13, 34, 107, 455, 8, 15, 82, 81, 15, 11, 10, 63, 13, 13, 181, 15, 179, 27, 9, 94, 16, 32, 79, 4, 52, 9, 8, 12, 4, 5, 47, 252, 19, 56, 66, 25, 5, 5, 47, 5, 335, 408, 30, 5, 5, 46, 6, 34, 504, 12, 5, 5, 46, 4, 45, 23, 241, 6, 99, 50, 455, 14, 69, 163, 11, 5, 5, 46, 15, 18, 84, 167, 7, 13, 9, 25, 5, 168, 62, 116, 43, 42, 114, 117, 5, 5, 46, 5, 15, 135, 9, 30, 5, 13, 152, 58, 5, 72, 14, 133, 14];
T = [13, 3, 1, 19, 4, 20, 0, 15, 8, 7, 1, 1, 3, 0, 1, 1, 2, 6, 13, 34, 2, 0, 1, 2, 5, 20, 7, 1, 4, 1, 14, 5, 4, 1, 8, 0, 5, 8, 11, 3, 2, 3, 2, 2, 11, 1, 12, 1, 1, 3, 2, 0, 7, 0, 12, 4, 5, 3, 26, 16, 0, 1, 1, 16, 26, 26, 2, 2, 5, 1, 12, 4, 1, 14, 3, 0, 34, 1, 34, 2, 7, 1, 11, 3, 1, 3, 11, 0, 2, 14, 8, 5, 13, 8, 5, 7, 5, 5, 8, 5, 6, 8, 15, 5, 6, 13, 5, 37, 29, 8, 5, 5, 5, 37, 20, 0, 0, 17, 8, 5, 5, 8, 5, 7, 20, 13, 7, 7, 13, 6, 8, 6, 14, 32, 0, 4, 29, 3, 0, 0, 2, 2, 1, 2, 7, 2, 5, 1, 11, 1, 2, 7, 36, 0, 1, 9, 5, 1, 0, 0, 4, 1, 0, 13, 1, 13, 1, 0, 6, 1, 2, 5, 0, 3, 0, 0, 1, 0, 0, 3, 18, 1, 4, 4, 1, 0, 0, 3, 0, 26, 32, 2, 0, 0, 3, 0, 2, 36, 0, 0, 0, 3, 0, 3, 1, 17, 0, 11, 4, 36, 1, 5, 12, 0, 0, 0, 3, 1, 1, 6, 20, 0, 1, 0, 1, 0, 20, 7, 14, 3, 3, 8, 8, 0, 0, 3, 0, 1, 9, 0, 2, 0, 1, 10, 4, 0, 5, 1, 9, 1];
Lower_Bound = [112, 140, 0, 109, 161, 25, 93, 94, 0, 24, 107, 151, 59, 151, 203, 114, 113, 119, 123, 189, 181, 200, 121, 121, 122, 131, 139, 124, 114, 68, 152, 156, 19, 176, 22, 115, 114, 164, 119, 152, 117, 151, 105, 114, 121, 25, 97, 124, 109, 120, 99, 125, 105, 106, 192, 114, 187, 182, 176, 197, 181, 192, 208, 105, 187, 182, 188, 175, 169, 182, 124, 152, 148, 149, 150, 154, 135, 136, 61, 114, 142, 109, 115, 152, 148, 109, 105, 132, 116, 109, 109, 149, 109, 126, 105, 125, 109, 112, 150, 109, 112, 112, 59, 109, 112, 122, 189, 97, 141, 139, 109, 114, 129, 109, 153, 112, 183, 102, 138, 109, 112, 130, 152, 109, 113, 112, 104, 140];
Upper_Bound = [119, 146, 4, 115, 169, 35, 102, 101, 4, 34, 118, 158, 64, 158, 208, 122, 125, 126, 128, 194, 192, 211, 127, 129, 128, 139, 142, 129, 123, 77, 162, 161, 27, 180, 34, 125, 120, 174, 131, 159, 122, 159, 110, 119, 132, 36, 104, 127, 118, 126, 106, 136, 111, 114, 200, 124, 198, 190, 186, 204, 190, 199, 217, 108, 193, 189, 196, 182, 176, 188, 133, 159, 155, 156, 161, 164, 141, 143, 66, 125, 148, 118, 119, 155, 158, 118, 111, 142, 122, 116, 115, 154, 114, 133, 117, 134, 113, 116, 154, 118, 118, 119, 66, 114, 121, 132, 197, 106, 147, 144, 117, 123, 139, 118, 161, 118, 190, 109, 146, 110, 120, 140, 157, 118, 121, 120, 114, 150];
Start = 9;
End = 68;
Time = 182;
