N = 128;
M = 232;
Edge_Start = [1, 1, 2, 2, 3, 3, 4, 5, 5, 6, 7, 7, 8, 9, 10, 10, 11, 12, 12, 13, 13, 14, 15, 15, 16, 16, 17, 17, 18, 18, 18, 19, 20, 20, 21, 22, 22, 22, 23, 24, 24, 25, 25, 25, 26, 27, 28, 28, 29, 30, 31, 31, 32, 32, 33, 34, 34, 35, 35, 36, 36, 37, 38, 39, 39, 40, 40, 41, 41, 42, 42, 43, 43, 44, 44, 45, 45, 46, 46, 47, 47, 48, 49, 50, 50, 50, 50, 51, 51, 52, 52, 53, 53, 53, 54, 55, 55, 56, 56, 57, 57, 58, 58, 59, 59, 60, 61, 62, 63, 64, 65, 65, 66, 66, 66, 67, 67, 68, 68, 69, 70, 70, 71, 72, 72, 73, 73, 74, 74, 75, 75, 76, 76, 77, 77, 77, 78, 78, 79, 79, 80, 80, 81, 81, 82, 83, 83, 83, 84, 85, 85, 86, 86, 87, 87, 88, 89, 89, 90, 90, 90, 90, 91, 91, 91, 92, 92, 93, 93, 94, 95, 96, 97, 97, 98, 98, 99, 99, 100, 100, 100, 101, 102, 102, 103, 104, 105, 105, 105, 106, 107, 107, 107, 108, 108, 109, 110, 110, 111, 111, 112, 112, 113, 113, 114, 114, 114, 115, 115, 116, 117, 118, 118, 119, 119, 120, 120, 121, 122, 122, 122, 123, 124, 124, 125, 125, 126, 126, 127, 127, 128, 128];
Edge_End = [19, 128, 18, 111, 13, 74, 13, 42, 75, 117, 17, 20, 116, 73, 105, 115, 13, 39, 121, 3, 4, 73, 84, 106, 84, 85, 18, 96, 17, 22, 96, 1, 7, 32, 112, 18, 24, 95, 110, 22, 23, 68, 88, 118, 35, 62, 31, 62, 52, 80, 7, 32, 20, 27, 118, 21, 109, 55, 114, 83, 99, 19, 26, 12, 43, 70, 122, 78, 81, 5, 50, 29, 39, 47, 93, 22, 23, 50, 83, 87, 100, 38, 46, 42, 46, 60, 98, 68, 115, 53, 72, 52, 57, 102, 53, 6, 38, 37, 90, 29, 43, 89, 105, 54, 118, 46, 105, 63, 28, 100, 80, 120, 56, 91, 104, 6, 55, 25, 51, 108, 40, 81, 85, 54, 59, 14, 123, 97, 107, 5, 101, 16, 122, 9, 89, 92, 41, 113, 106, 122, 113, 127, 41, 70, 114, 36, 46, 76, 15, 36, 71, 66, 91, 90, 100, 33, 58, 77, 86, 87, 91, 92, 56, 66, 90, 77, 123, 44, 47, 79, 2, 48, 124, 125, 49, 50, 114, 119, 34, 47, 64, 75, 53, 107, 125, 66, 10, 58, 61, 16, 30, 102, 108, 8, 126, 21, 44, 109, 20, 27, 24, 95, 69, 80, 82, 83, 99, 10, 51, 126, 45, 25, 59, 67, 117, 65, 127, 12, 40, 78, 79, 86, 57, 102, 97, 103, 11, 74, 94, 120, 37, 90];
L = [6, 187, 26, 92, 15, 128, 63, 118, 49, 13, 42, 16, 4, 30, 139, 95, 65, 70, 71, 15, 63, 53, 84, 145, 140, 43, 43, 43, 43, 76, 17, 6, 16, 120, 74, 76, 42, 32, 70, 42, 19, 50, 114, 49, 41, 15, 18, 15, 5, 61, 152, 17, 120, 21, 111, 128, 95, 29, 186, 10, 138, 186, 21, 70, 48, 32, 214, 43, 83, 118, 27, 28, 48, 81, 190, 23, 76, 60, 42, 9, 7, 28, 130, 27, 60, 119, 61, 50, 137, 8, 6, 8, 5, 155, 5, 10, 86, 79, 15, 8, 29, 53, 134, 33, 32, 163, 41, 11, 11, 158, 65, 79, 105, 104, 229, 36, 35, 50, 50, 66, 32, 92, 122, 8, 34, 53, 18, 142, 6, 49, 14, 15, 194, 91, 124, 20, 43, 91, 116, 14, 15, 110, 83, 92, 197, 10, 42, 191, 84, 154, 122, 105, 6, 120, 10, 52, 53, 124, 14, 120, 13, 162, 6, 104, 13, 20, 67, 190, 81, 114, 21, 12, 88, 65, 47, 61, 10, 84, 27, 7, 158, 14, 155, 233, 72, 229, 139, 134, 41, 78, 69, 233, 16, 216, 6, 26, 77, 37, 20, 157, 26, 76, 63, 15, 197, 140, 10, 95, 137, 217, 15, 49, 32, 47, 85, 79, 97, 71, 214, 241, 14, 83, 157, 6, 65, 72, 62, 15, 106, 97, 10, 84];
T = [0, 13, 1, 6, 1, 9, 7, 9, 3, 1, 3, 1, 0, 3, 10, 6, 4, 5, 5, 1, 7, 6, 9, 16, 16, 3, 3, 3, 3, 5, 1, 0, 1, 8, 5, 5, 3, 2, 5, 3, 1, 3, 13, 3, 3, 1, 1, 1, 0, 4, 11, 1, 8, 1, 13, 14, 6, 2, 13, 0, 9, 13, 1, 5, 3, 3, 25, 4, 8, 9, 2, 2, 3, 5, 19, 1, 5, 4, 3, 0, 0, 2, 15, 2, 4, 13, 7, 3, 9, 0, 0, 0, 0, 11, 0, 0, 6, 5, 1, 0, 2, 3, 9, 2, 2, 18, 10, 0, 0, 19, 6, 8, 7, 7, 16, 2, 2, 3, 3, 4, 3, 9, 14, 0, 2, 6, 2, 10, 0, 3, 1, 1, 14, 11, 8, 1, 4, 6, 8, 1, 1, 8, 8, 9, 22, 0, 3, 13, 9, 11, 14, 7, 0, 8, 0, 6, 3, 8, 1, 8, 0, 11, 0, 7, 0, 1, 4, 19, 5, 8, 1, 0, 6, 7, 5, 7, 1, 6, 2, 0, 19, 1, 11, 16, 7, 16, 10, 9, 10, 5, 5, 16, 1, 15, 0, 1, 5, 2, 1, 11, 1, 5, 4, 1, 22, 10, 1, 6, 9, 15, 1, 3, 2, 3, 6, 8, 10, 5, 25, 17, 1, 6, 11, 0, 7, 7, 4, 1, 7, 10, 1, 6];
Lower_Bound = [95, 53, 41, 47, 45, 47, 61, 47, 100, 88, 36, 70, 40, 109, 38, 13, 57, 54, 95, 60, 62, 50, 54, 53, 67, 54, 69, 70, 60, 38, 71, 68, 86, 71, 57, 27, 82, 53, 65, 26, 22, 36, 62, 64, 49, 30, 69, 55, 46, 34, 73, 60, 60, 60, 47, 77, 60, 100, 62, 47, 108, 70, 70, 88, 51, 84, 45, 70, 28, 29, 30, 60, 103, 33, 48, 40, 89, 18, 0, 25, 30, 59, 27, 29, 16, 78, 69, 80, 97, 77, 77, 88, 83, 40, 52, 55, 43, 41, 36, 69, 49, 49, 57, 100, 98, 8, 33, 32, 61, 59, 59, 67, 24, 37, 82, 47, 48, 64, 42, 43, 75, 1, 92, 49, 50, 32, 33, 108];
Upper_Bound = [100, 57, 47, 58, 55, 57, 68, 51, 106, 95, 45, 77, 48, 115, 44, 22, 66, 60, 103, 66, 71, 56, 58, 60, 70, 59, 73, 78, 69, 46, 79, 73, 93, 79, 62, 34, 90, 60, 67, 33, 30, 46, 69, 69, 60, 37, 76, 59, 54, 43, 79, 64, 68, 64, 51, 81, 66, 106, 69, 56, 115, 77, 75, 94, 58, 88, 51, 77, 37, 36, 35, 69, 113, 41, 56, 45, 97, 24, 7, 31, 33, 66, 34, 35, 22, 85, 77, 85, 106, 84, 85, 96, 90, 47, 57, 63, 51, 50, 42, 74, 58, 52, 63, 107, 104, 15, 35, 38, 70, 66, 69, 73, 29, 40, 91, 52, 52, 69, 47, 51, 83, 8, 99, 57, 58, 38, 41, 118];
Start = 79;
End = 89;
Time = 106;
