N = 27;
M = 50;
Edge_Start = [1, 1, 1, 2, 3, 3, 3, 4, 4, 5, 5, 5, 6, 6, 7, 7, 8, 9, 10, 11, 12, 12, 12, 13, 13, 14, 14, 14, 15, 15, 15, 16, 16, 17, 17, 18, 19, 20, 20, 20, 21, 22, 22, 23, 24, 25, 26, 26, 27, 27];
Edge_End = [6, 12, 26, 16, 9, 12, 13, 5, 14, 4, 15, 20, 1, 24, 10, 22, 15, 3, 2, 17, 3, 7, 18, 3, 21, 4, 20, 26, 5, 8, 20, 2, 22, 7, 18, 19, 11, 5, 14, 15, 13, 6, 12, 25, 23, 27, 1, 14, 1, 24];
L = [13, 263, 25, 17, 17, 51, 152, 62, 51, 62, 46, 108, 13, 187, 20, 15, 25, 17, 61, 20, 51, 14, 200, 152, 86, 51, 132, 5, 46, 25, 281, 17, 79, 201, 11, 20, 11, 108, 132, 281, 86, 253, 17, 10, 12, 12, 25, 5, 191, 11];
T = [1, 19, 1, 1, 4, 3, 17, 7, 6, 7, 5, 13, 1, 13, 2, 1, 3, 4, 7, 1, 3, 1, 14, 17, 20, 6, 31, 0, 5, 3, 67, 1, 9, 14, 0, 1, 0, 13, 31, 67, 20, 18, 1, 0, 0, 0, 1, 0, 13, 0];
Lower_Bound = [14, 43, 36, 7, 0, 15, 34, 8, 40, 36, 48, 33, 53, 13, 5, 44, 49, 47, 48, 13, 73, 35, 28, 28, 28, 13, 28];
Upper_Bound = [14, 43, 36, 7, 0, 15, 34, 8, 40, 36, 48, 33, 53, 13, 5, 44, 49, 47, 48, 13, 73, 35, 28, 28, 28, 13, 28];
Start = 5;
End = 21;
Time = 73;
