N = 96;
M = 105;
Edge_Start = [1, 1, 2, 3, 4, 5, 5, 7, 8, 9, 9, 10, 11, 11, 12, 13, 14, 15, 16, 17, 17, 19, 19, 20, 21, 22, 23, 23, 24, 25, 26, 27, 28, 28, 29, 30, 30, 32, 32, 33, 34, 35, 36, 37, 38, 39, 40, 40, 42, 43, 43, 44, 45, 45, 46, 47, 48, 49, 49, 50, 51, 51, 53, 54, 55, 56, 57, 58, 58, 59, 60, 61, 62, 62, 63, 64, 64, 66, 67, 68, 70, 71, 71, 72, 73, 73, 74, 75, 77, 78, 79, 80, 81, 81, 82, 84, 85, 86, 88, 89, 91, 92, 93, 94, 95];
Edge_End = [2, 14, 3, 4, 5, 6, 18, 20, 9, 10, 22, 11, 12, 24, 13, 26, 15, 16, 17, 18, 31, 20, 33, 21, 35, 23, 24, 37, 25, 26, 27, 41, 29, 42, 30, 31, 44, 33, 46, 34, 35, 36, 50, 38, 52, 40, 41, 54, 43, 44, 57, 45, 46, 59, 47, 48, 49, 50, 63, 51, 52, 65, 67, 55, 69, 57, 58, 59, 72, 60, 74, 62, 63, 76, 64, 65, 78, 80, 68, 82, 71, 72, 84, 73, 74, 86, 75, 88, 90, 79, 92, 81, 82, 94, 83, 85, 86, 87, 89, 90, 92, 93, 94, 95, 96];
L = [1, 18, 12, 11, 12, 18, 3, 9, 12, 8, 18, 14, 15, 4, 10, 11, 17, 1, 15, 5, 12, 9, 17, 6, 16, 2, 10, 18, 6, 8, 12, 7, 18, 2, 1, 8, 14, 14, 9, 4, 12, 11, 13, 16, 17, 2, 11, 14, 18, 6, 6, 19, 1, 8, 9, 6, 7, 15, 2, 15, 17, 7, 4, 12, 9, 17, 7, 18, 8, 18, 2, 9, 14, 17, 16, 2, 12, 11, 8, 13, 5, 6, 14, 9, 4, 4, 4, 12, 17, 8, 10, 17, 1, 16, 11, 15, 11, 1, 5, 15, 8, 7, 13, 6, 16];
T = [1, 19, 22, 11, 20, 20, 1, 17, 13, 10, 21, 20, 15, 4, 13, 12, 16, 1, 17, 4, 6, 8, 17, 2, 20, 4, 16, 19, 4, 4, 14, 9, 22, 10, 4, 2, 17, 10, 18, 1, 16, 12, 16, 10, 25, 1, 5, 7, 17, 3, 12, 22, 7, 11, 12, 1, 2, 19, 1, 21, 17, 10, 1, 11, 13, 21, 1, 27, 1, 13, 1, 6, 14, 13, 11, 1, 6, 14, 10, 4, 1, 11, 5, 5, 11, 2, 8, 10, 15, 10, 10, 21, 1, 16, 12, 6, 10, 1, 4, 13, 7, 5, 19, 9, 18];
Lower_Bound = [0, 1, 23, 34, 54, 74, 177, 255, 243, 252, 237, 251, 252, 19, 37, 37, 54, 58, 154, 160, 163, 220, 216, 233, 236, 240, 254, 88, 66, 61, 59, 127, 136, 136, 152, 159, 197, 189, 269, 269, 263, 97, 81, 79, 102, 108, 119, 120, 122, 141, 145, 162, 216, 275, 287, 116, 95, 95, 111, 115, 143, 140, 128, 134, 135, 236, 215, 205, 299, 107, 106, 96, 101, 111, 119, 150, 161, 140, 150, 223, 200, 201, 213, 111, 112, 102, 103, 129, 133, 146, 167, 160, 167, 185, 194, 211];
Upper_Bound = [5, 3, 29, 41, 73, 78, 184, 258, 244, 257, 238, 258, 261, 30, 38, 41, 59, 65, 155, 164, 170, 223, 217, 236, 237, 244, 257, 102, 69, 66, 62, 133, 140, 144, 153, 164, 199, 193, 272, 273, 265, 102, 82, 80, 109, 112, 130, 125, 123, 142, 146, 163, 217, 290, 292, 117, 96, 98, 124, 127, 144, 142, 134, 142, 141, 239, 216, 208, 303, 109, 109, 100, 102, 119, 122, 165, 165, 148, 152, 233, 204, 218, 220, 114, 115, 103, 107, 130, 134, 149, 168, 173, 168, 187, 202, 213];
Start = 1;
End = 96;
Time = 213;
