N = 70;
M = 81;
Edge_Start = [1, 1, 2, 3, 3, 5, 5, 6, 7, 7, 8, 9, 9, 10, 11, 12, 13, 14, 15, 16, 17, 17, 18, 19, 20, 21, 22, 23, 24, 24, 25, 26, 26, 27, 28, 29, 30, 31, 32, 32, 33, 34, 34, 36, 37, 38, 39, 39, 40, 41, 41, 42, 43, 44, 45, 45, 46, 47, 48, 48, 49, 50, 51, 52, 52, 53, 54, 54, 55, 56, 56, 58, 58, 60, 61, 62, 63, 64, 66, 68, 69];
Edge_End = [2, 12, 3, 4, 14, 6, 16, 7, 8, 18, 9, 10, 20, 11, 22, 13, 25, 15, 27, 17, 18, 29, 19, 31, 21, 22, 23, 35, 25, 36, 26, 27, 38, 28, 40, 30, 31, 32, 33, 44, 34, 35, 46, 37, 49, 39, 40, 51, 41, 42, 53, 43, 44, 45, 46, 57, 47, 59, 49, 60, 50, 51, 52, 53, 64, 54, 55, 66, 56, 57, 68, 59, 70, 61, 62, 63, 64, 65, 67, 69, 70];
L = [12, 9, 11, 19, 15, 12, 5, 4, 9, 15, 15, 4, 2, 9, 6, 1, 10, 10, 14, 9, 8, 18, 1, 6, 17, 1, 3, 12, 1, 7, 7, 16, 11, 17, 1, 10, 1, 2, 8, 11, 15, 6, 4, 5, 13, 16, 17, 12, 1, 19, 6, 6, 15, 17, 16, 6, 11, 12, 15, 11, 9, 12, 16, 8, 2, 4, 11, 17, 1, 18, 16, 16, 12, 7, 12, 9, 11, 8, 3, 12, 6];
T = [11, 9, 15, 19, 15, 8, 12, 11, 1, 10, 19, 4, 5, 10, 2, 1, 9, 13, 10, 13, 23, 22, 8, 4, 13, 2, 1, 15, 6, 14, 1, 17, 11, 15, 3, 16, 1, 4, 15, 14, 12, 9, 3, 2, 11, 16, 9, 17, 1, 18, 9, 1, 8, 21, 14, 1, 20, 13, 18, 14, 6, 16, 18, 10, 10, 5, 12, 10, 1, 15, 9, 15, 19, 1, 8, 13, 13, 16, 7, 17, 9];
Lower_Bound = [0, 11, 26, 45, 142, 134, 123, 124, 143, 147, 143, 9, 10, 41, 47, 149, 136, 113, 105, 148, 143, 141, 140, 25, 19, 20, 37, 52, 118, 102, 101, 97, 112, 116, 125, 39, 41, 31, 47, 55, 56, 74, 75, 83, 99, 113, 133, 70, 52, 58, 64, 75, 65, 70, 82, 83, 98, 137, 146, 84, 85, 93, 98, 85, 101, 80, 87, 92, 109, 118];
Upper_Bound = [0, 11, 26, 45, 142, 134, 123, 124, 143, 147, 143, 9, 10, 41, 47, 149, 136, 113, 105, 148, 143, 141, 140, 25, 19, 20, 37, 52, 118, 102, 101, 97, 112, 116, 125, 39, 41, 31, 47, 55, 56, 74, 75, 83, 99, 113, 133, 70, 52, 58, 64, 75, 65, 70, 82, 83, 98, 137, 146, 84, 85, 93, 98, 85, 101, 80, 87, 92, 109, 118];
Start = 1;
End = 70;
Time = 118;
