N = 96;
M = 105;
Edge_Start = [1, 1, 2, 3, 4, 5, 5, 7, 8, 9, 9, 10, 11, 11, 12, 13, 14, 15, 16, 17, 17, 19, 19, 20, 21, 22, 23, 23, 24, 25, 26, 27, 28, 28, 29, 30, 30, 32, 32, 33, 34, 35, 36, 37, 38, 39, 40, 40, 42, 43, 43, 44, 45, 45, 46, 47, 48, 49, 49, 50, 51, 51, 53, 54, 55, 56, 57, 58, 58, 59, 60, 61, 62, 62, 63, 64, 64, 66, 67, 68, 70, 71, 71, 72, 73, 73, 74, 75, 77, 78, 79, 80, 81, 81, 82, 84, 85, 86, 88, 89, 91, 92, 93, 94, 95];
Edge_End = [2, 14, 3, 4, 5, 6, 18, 20, 9, 10, 22, 11, 12, 24, 13, 26, 15, 16, 17, 18, 31, 20, 33, 21, 35, 23, 24, 37, 25, 26, 27, 41, 29, 42, 30, 31, 44, 33, 46, 34, 35, 36, 50, 38, 52, 40, 41, 54, 43, 44, 57, 45, 46, 59, 47, 48, 49, 50, 63, 51, 52, 65, 67, 55, 69, 57, 58, 59, 72, 60, 74, 62, 63, 76, 64, 65, 78, 80, 68, 82, 71, 72, 84, 73, 74, 86, 75, 88, 90, 79, 92, 81, 82, 94, 83, 85, 86, 87, 89, 90, 92, 93, 94, 95, 96];
L = [1, 1, 1, 1, 1, 1, 1, 1, 1, 1, 1, 1, 1, 1, 1, 1, 1, 1, 1, 1, 1, 1, 1, 1, 1, 1, 1, 1, 1, 1, 1, 1, 1, 1, 1, 1, 1, 1, 1, 1, 1, 1, 1, 1, 1, 1, 1, 1, 1, 1, 1, 1, 1, 1, 1, 1, 1, 1, 1, 1, 1, 1, 1, 1, 1, 1, 1, 1, 1, 1, 1, 1, 1, 1, 1, 1, 1, 1, 1, 1, 1, 1, 1, 1, 1, 1, 1, 1, 1, 1, 1, 1, 1, 1, 1, 1, 1, 1, 1, 1, 1, 1, 1, 1, 1];
T = [1, 1, 1, 1, 1, 1, 1, 1, 1, 1, 1, 1, 1, 1, 1, 1, 1, 1, 1, 1, 1, 1, 1, 1, 1, 1, 1, 1, 1, 1, 1, 1, 1, 1, 1, 1, 1, 1, 1, 1, 1, 1, 1, 1, 1, 1, 1, 1, 1, 1, 1, 1, 1, 1, 1, 1, 1, 1, 1, 1, 1, 1, 1, 1, 1, 1, 1, 1, 1, 1, 1, 1, 1, 1, 1, 1, 1, 1, 1, 1, 1, 1, 1, 1, 1, 1, 1, 1, 1, 1, 1, 1, 1, 1, 1, 1, 1, 1, 1, 1, 1, 1, 1, 1, 1];
Lower_Bound = [0, 1, 2, 3, 4, 5, 14, 21, 20, 21, 20, 21, 22, 1, 2, 3, 4, 5, 12, 13, 14, 19, 18, 19, 20, 21, 22, 8, 7, 6, 5, 10, 11, 12, 13, 14, 17, 16, 25, 24, 23, 9, 8, 7, 8, 9, 10, 11, 12, 13, 14, 15, 24, 25, 26, 10, 9, 10, 9, 10, 15, 14, 13, 14, 15, 22, 23, 22, 27, 13, 12, 11, 12, 11, 12, 15, 16, 15, 16, 21, 20, 21, 22, 13, 14, 13, 14, 13, 14, 15, 18, 17, 18, 19, 20, 21];
Upper_Bound = [0, 1, 2, 3, 4, 5, 14, 21, 20, 21, 20, 21, 22, 1, 2, 3, 4, 5, 12, 13, 14, 19, 18, 19, 20, 21, 22, 8, 7, 6, 5, 10, 11, 12, 13, 14, 17, 16, 25, 24, 23, 9, 8, 7, 8, 9, 10, 11, 12, 13, 14, 15, 24, 25, 26, 10, 9, 10, 9, 10, 15, 14, 13, 14, 15, 22, 23, 22, 27, 13, 12, 11, 12, 11, 12, 15, 16, 15, 16, 21, 20, 21, 22, 13, 14, 13, 14, 13, 14, 15, 18, 17, 18, 19, 20, 21];
Start = 1;
End = 96;
Time = 21;
