N = 126;
M = 143;
Edge_Start = [1, 2, 3, 3, 4, 5, 6, 7, 7, 8, 9, 9, 10, 11, 13, 14, 15, 16, 17, 19, 19, 20, 21, 22, 23, 23, 24, 25, 25, 26, 27, 27, 28, 29, 29, 30, 31, 32, 32, 33, 34, 34, 36, 38, 38, 39, 40, 40, 41, 42, 43, 44, 44, 45, 46, 46, 48, 49, 49, 50, 51, 51, 52, 53, 54, 55, 55, 57, 57, 58, 59, 59, 61, 61, 62, 63, 64, 64, 65, 66, 66, 68, 68, 69, 70, 71, 72, 72, 73, 74, 74, 76, 77, 80, 81, 82, 83, 83, 84, 85, 85, 86, 87, 87, 88, 91, 92, 93, 93, 94, 95, 96, 97, 98, 98, 100, 100, 101, 102, 102, 104, 105, 106, 106, 107, 108, 108, 109, 110, 110, 112, 113, 114, 115, 116, 118, 119, 120, 121, 122, 123, 124, 125];
Edge_End = [16, 3, 4, 18, 5, 20, 7, 8, 22, 9, 10, 24, 11, 12, 28, 15, 30, 17, 33, 20, 35, 21, 37, 23, 24, 39, 25, 26, 41, 27, 28, 43, 29, 30, 45, 31, 47, 33, 48, 34, 35, 50, 37, 39, 54, 40, 41, 56, 42, 43, 44, 45, 60, 46, 47, 62, 49, 50, 65, 51, 52, 67, 53, 69, 55, 56, 71, 58, 73, 59, 60, 75, 62, 77, 63, 79, 65, 80, 66, 67, 82, 69, 84, 70, 71, 72, 73, 88, 74, 75, 90, 77, 78, 81, 82, 83, 84, 99, 85, 86, 101, 87, 88, 103, 89, 92, 93, 94, 109, 95, 111, 97, 98, 99, 114, 101, 116, 102, 103, 118, 105, 106, 107, 122, 108, 109, 124, 110, 111, 126, 113, 114, 115, 116, 117, 119, 120, 121, 122, 123, 124, 125, 126];
L = [5, 16, 7, 5, 4, 16, 7, 11, 14, 1, 16, 1, 13, 5, 1, 3, 1, 12, 18, 4, 6, 6, 4, 11, 16, 4, 10, 7, 4, 1, 6, 9, 8, 5, 5, 15, 9, 6, 14, 2, 2, 11, 1, 12, 12, 3, 6, 2, 3, 3, 4, 15, 15, 8, 7, 8, 7, 9, 6, 15, 1, 1, 2, 4, 2, 1, 3, 12, 14, 9, 5, 19, 13, 6, 10, 10, 14, 15, 8, 10, 1, 1, 14, 6, 16, 17, 9, 19, 1, 15, 2, 8, 16, 8, 9, 3, 3, 3, 7, 12, 18, 8, 4, 15, 9, 10, 2, 5, 19, 8, 11, 8, 1, 9, 18, 11, 2, 14, 8, 9, 6, 18, 17, 6, 10, 16, 15, 13, 17, 3, 11, 15, 9, 3, 9, 14, 12, 9, 16, 12, 15, 6, 1];
T = [10, 19, 10, 7, 4, 14, 10, 24, 13, 1, 19, 1, 21, 5, 2, 1, 4, 14, 25, 14, 9, 15, 10, 1, 16, 7, 12, 10, 1, 6, 11, 13, 1, 10, 1, 10, 11, 1, 21, 9, 1, 16, 5, 10, 10, 1, 9, 1, 1, 1, 14, 17, 6, 7, 4, 8, 9, 2, 10, 19, 2, 1, 1, 7, 8, 7, 1, 3, 16, 10, 2, 14, 18, 7, 7, 3, 10, 20, 4, 14, 1, 1, 22, 3, 12, 22, 3, 16, 1, 19, 1, 9, 21, 10, 13, 6, 2, 1, 1, 14, 28, 11, 5, 16, 4, 6, 1, 9, 30, 7, 16, 11, 9, 1, 17, 6, 1, 16, 9, 3, 6, 21, 16, 5, 4, 20, 16, 17, 18, 7, 15, 21, 10, 4, 7, 5, 6, 2, 16, 8, 6, 1, 1];
Lower_Bound = [0, 129, 110, 100, 96, 159, 149, 151, 150, 169, 190, 195, 164, 178, 177, 10, 24, 117, 68, 82, 97, 136, 135, 149, 137, 147, 151, 162, 163, 173, 183, 50, 49, 58, 59, 112, 107, 137, 128, 127, 136, 137, 138, 152, 164, 171, 175, 71, 76, 74, 93, 95, 96, 127, 119, 126, 159, 162, 160, 158, 197, 179, 186, 96, 86, 90, 94, 104, 103, 106, 118, 140, 143, 144, 163, 213, 204, 225, 189, 114, 104, 91, 97, 99, 100, 114, 125, 130, 134, 145, 253, 247, 246, 240, 233, 119, 108, 99, 98, 131, 128, 144, 141, 208, 202, 181, 197, 201, 216, 199, 217, 152, 137, 116, 126, 130, 137, 147, 152, 158, 160, 176, 184, 190, 191, 192];
Upper_Bound = [0, 129, 110, 100, 96, 159, 149, 151, 150, 169, 190, 195, 164, 178, 177, 10, 24, 117, 68, 82, 97, 136, 135, 149, 137, 147, 151, 162, 163, 173, 183, 50, 49, 58, 59, 112, 107, 137, 128, 127, 136, 137, 138, 152, 164, 171, 175, 71, 76, 74, 93, 95, 96, 127, 119, 126, 159, 162, 160, 158, 197, 179, 186, 96, 86, 90, 94, 104, 103, 106, 118, 140, 143, 144, 163, 213, 204, 225, 189, 114, 104, 91, 97, 99, 100, 114, 125, 130, 134, 145, 253, 247, 246, 240, 233, 119, 108, 99, 98, 131, 128, 144, 141, 208, 202, 181, 197, 201, 216, 199, 217, 152, 137, 116, 126, 130, 137, 147, 152, 158, 160, 176, 184, 190, 191, 192];
Start = 1;
End = 126;
Time = 192;
