N = 30;
M = 34;
Edge_Start = [1, 2, 3, 3, 4, 5, 6, 7, 8, 9, 9, 10, 11, 12, 13, 13, 14, 15, 16, 16, 17, 18, 18, 20, 20, 21, 22, 22, 24, 25, 26, 27, 28, 29];
Edge_End = [2, 3, 4, 10, 5, 12, 7, 14, 9, 10, 17, 11, 12, 13, 14, 21, 15, 23, 17, 24, 18, 19, 26, 21, 28, 22, 23, 30, 25, 26, 27, 28, 29, 30];
L = [10, 1, 10, 19, 12, 4, 5, 4, 7, 12, 10, 3, 7, 16, 7, 18, 2, 11, 7, 14, 5, 8, 6, 13, 16, 16, 3, 14, 1, 10, 7, 6, 3, 16];
T = [8, 1, 4, 18, 13, 1, 5, 1, 11, 15, 11, 7, 14, 29, 2, 14, 9, 4, 1, 1, 1, 8, 9, 5, 21, 16, 1, 17, 1, 14, 8, 7, 1, 17];
Lower_Bound = [0, 8, 9, 13, 26, 64, 59, 53, 42, 27, 34, 27, 56, 58, 67, 54, 53, 54, 62, 75, 70, 72, 71, 55, 56, 63, 71, 78, 79, 89];
Upper_Bound = [0, 8, 9, 13, 26, 64, 59, 53, 42, 27, 34, 27, 56, 58, 67, 54, 53, 54, 62, 75, 70, 72, 71, 55, 56, 63, 71, 78, 79, 89];
Start = 1;
End = 30;
Time = 89;
