N = 160;
M = 182;
Edge_Start = [1, 1, 2, 3, 3, 4, 5, 5, 6, 7, 8, 9, 10, 11, 11, 12, 13, 13, 14, 15, 15, 16, 17, 18, 19, 19, 20, 21, 21, 23, 23, 24, 25, 27, 29, 29, 30, 31, 31, 33, 33, 34, 35, 36, 36, 37, 38, 38, 39, 40, 41, 42, 42, 44, 44, 46, 47, 48, 49, 50, 51, 52, 52, 54, 55, 55, 56, 57, 57, 58, 59, 60, 61, 61, 62, 63, 63, 64, 65, 66, 67, 68, 69, 69, 70, 71, 72, 72, 73, 74, 74, 75, 76, 76, 78, 78, 79, 80, 80, 81, 82, 82, 84, 84, 85, 86, 86, 87, 88, 90, 91, 91, 93, 93, 94, 95, 95, 96, 97, 97, 99, 99, 100, 101, 101, 103, 103, 105, 105, 107, 108, 108, 109, 110, 111, 112, 113, 114, 115, 117, 118, 119, 120, 121, 123, 124, 124, 126, 127, 128, 129, 129, 131, 131, 132, 133, 133, 134, 135, 135, 136, 137, 137, 139, 139, 140, 142, 143, 144, 145, 146, 147, 148, 149, 151, 152, 153, 154, 155, 156, 157, 159];
Edge_End = [2, 18, 3, 4, 20, 5, 6, 22, 7, 24, 9, 26, 11, 12, 28, 13, 14, 30, 15, 16, 32, 17, 34, 19, 20, 37, 21, 22, 39, 24, 41, 25, 26, 28, 30, 47, 31, 32, 49, 34, 51, 35, 53, 37, 54, 38, 39, 56, 40, 58, 42, 43, 60, 45, 62, 64, 48, 49, 50, 68, 52, 53, 70, 55, 56, 73, 57, 58, 75, 59, 77, 61, 62, 79, 63, 64, 81, 65, 66, 67, 68, 69, 70, 87, 71, 89, 73, 90, 74, 75, 92, 76, 77, 94, 79, 96, 80, 81, 98, 82, 83, 100, 85, 102, 86, 87, 104, 88, 106, 91, 92, 109, 94, 111, 95, 96, 113, 97, 98, 115, 100, 117, 101, 102, 119, 104, 121, 106, 123, 125, 109, 126, 110, 111, 112, 113, 114, 115, 116, 118, 119, 120, 138, 122, 124, 125, 142, 127, 144, 129, 130, 146, 132, 148, 133, 134, 150, 135, 136, 152, 137, 138, 154, 140, 156, 141, 143, 160, 145, 146, 147, 148, 149, 150, 152, 153, 154, 155, 156, 157, 158, 160];
L = [4, 4, 12, 14, 9, 1, 9, 16, 6, 9, 4, 3, 17, 2, 16, 4, 2, 15, 11, 15, 16, 17, 16, 3, 17, 8, 1, 17, 8, 15, 17, 3, 9, 1, 19, 13, 18, 16, 13, 19, 14, 5, 8, 15, 1, 18, 4, 7, 5, 10, 3, 8, 6, 6, 10, 16, 16, 1, 8, 4, 1, 10, 8, 2, 5, 2, 17, 3, 10, 5, 18, 7, 6, 7, 11, 7, 4, 2, 5, 12, 7, 9, 18, 10, 7, 9, 7, 17, 3, 12, 1, 18, 13, 12, 5, 1, 2, 2, 12, 1, 10, 16, 1, 16, 5, 6, 8, 10, 15, 13, 7, 6, 5, 14, 15, 10, 1, 5, 3, 16, 10, 9, 12, 2, 19, 11, 19, 16, 5, 7, 18, 4, 9, 3, 3, 3, 5, 10, 11, 9, 14, 9, 11, 5, 3, 12, 7, 1, 15, 12, 16, 14, 2, 2, 4, 6, 15, 9, 3, 13, 10, 15, 6, 15, 9, 16, 17, 16, 7, 8, 12, 1, 16, 16, 3, 13, 11, 13, 18, 4, 15, 9];
T = [1, 8, 12, 11, 8, 1, 5, 18, 2, 15, 9, 4, 23, 4, 16, 3, 1, 17, 21, 15, 6, 16, 19, 2, 12, 1, 2, 18, 13, 17, 7, 5, 7, 1, 18, 19, 16, 18, 11, 20, 8, 5, 4, 7, 1, 12, 6, 5, 3, 7, 4, 17, 7, 4, 9, 13, 16, 1, 2, 12, 1, 1, 21, 1, 10, 4, 15, 1, 8, 4, 15, 7, 12, 2, 12, 14, 4, 1, 7, 16, 7, 12, 16, 13, 1, 10, 2, 11, 4, 19, 1, 19, 9, 17, 1, 1, 2, 2, 6, 7, 4, 17, 1, 8, 3, 6, 19, 10, 18, 5, 5, 9, 1, 14, 24, 7, 3, 4, 1, 21, 11, 3, 9, 1, 10, 7, 14, 20, 9, 15, 10, 1, 1, 5, 4, 11, 2, 17, 8, 2, 19, 2, 6, 7, 6, 13, 6, 1, 17, 4, 12, 16, 1, 5, 1, 14, 8, 7, 1, 8, 11, 15, 1, 10, 12, 9, 20, 9, 15, 11, 2, 2, 22, 21, 8, 20, 17, 10, 15, 2, 31, 1];
Lower_Bound = [0, 1, 13, 24, 25, 30, 32, 72, 63, 217, 194, 190, 187, 188, 178, 193, 207, 8, 10, 21, 23, 41, 64, 47, 52, 59, 211, 210, 179, 170, 154, 172, 187, 188, 183, 18, 11, 23, 29, 32, 71, 75, 92, 99, 103, 111, 160, 144, 143, 141, 179, 178, 179, 19, 20, 28, 40, 39, 43, 82, 78, 90, 84, 98, 99, 106, 122, 129, 141, 157, 158, 26, 24, 28, 47, 66, 58, 75, 76, 78, 80, 87, 91, 122, 123, 126, 132, 142, 168, 37, 34, 29, 63, 64, 67, 74, 78, 79, 115, 104, 113, 114, 152, 145, 180, 160, 223, 53, 43, 44, 49, 53, 64, 66, 83, 91, 118, 120, 123, 125, 166, 173, 189, 195, 208, 54, 55, 118, 114, 126, 107, 108, 109, 123, 130, 131, 142, 131, 180, 190, 199, 201, 221, 72, 87, 98, 100, 102, 124, 117, 146, 138, 158, 143, 153, 168, 170, 201, 231, 230];
Upper_Bound = [0, 1, 13, 24, 25, 30, 32, 72, 63, 217, 194, 190, 187, 188, 178, 193, 207, 8, 10, 21, 23, 41, 64, 47, 52, 59, 211, 210, 179, 170, 154, 172, 187, 188, 183, 18, 11, 23, 29, 32, 71, 75, 92, 99, 103, 111, 160, 144, 143, 141, 179, 178, 179, 19, 20, 28, 40, 39, 43, 82, 78, 90, 84, 98, 99, 106, 122, 129, 141, 157, 158, 26, 24, 28, 47, 66, 58, 75, 76, 78, 80, 87, 91, 122, 123, 126, 132, 142, 168, 37, 34, 29, 63, 64, 67, 74, 78, 79, 115, 104, 113, 114, 152, 145, 180, 160, 223, 53, 43, 44, 49, 53, 64, 66, 83, 91, 118, 120, 123, 125, 166, 173, 189, 195, 208, 54, 55, 118, 114, 126, 107, 108, 109, 123, 130, 131, 142, 131, 180, 190, 199, 201, 221, 72, 87, 98, 100, 102, 124, 117, 146, 138, 158, 143, 153, 168, 170, 201, 231, 230];
Start = 1;
End = 160;
Time = 230;
