N = 48;
M = 57;
Edge_Start = [1, 1, 2, 3, 3, 4, 5, 5, 6, 7, 8, 10, 11, 12, 13, 13, 14, 15, 16, 17, 18, 19, 20, 20, 21, 22, 22, 23, 24, 24, 25, 26, 26, 27, 28, 28, 30, 31, 31, 32, 33, 33, 34, 35, 35, 36, 37, 37, 38, 40, 41, 42, 43, 44, 45, 46, 47];
Edge_End = [2, 10, 3, 4, 12, 5, 6, 14, 7, 8, 9, 11, 12, 13, 14, 23, 15, 16, 17, 27, 19, 29, 21, 30, 22, 23, 32, 24, 25, 34, 26, 27, 36, 28, 29, 38, 31, 32, 40, 33, 34, 42, 35, 36, 44, 37, 38, 46, 39, 41, 42, 43, 44, 45, 46, 47, 48];
L = [6, 5, 16, 2, 8, 9, 6, 7, 17, 16, 1, 13, 6, 15, 12, 2, 16, 12, 8, 11, 5, 1, 16, 4, 7, 1, 7, 10, 3, 9, 11, 1, 19, 3, 11, 5, 5, 11, 15, 14, 9, 18, 6, 6, 8, 18, 2, 8, 7, 5, 16, 5, 9, 17, 8, 18, 11];
T = [3, 6, 6, 1, 2, 20, 1, 16, 20, 17, 1, 16, 8, 18, 25, 1, 16, 7, 2, 11, 4, 1, 10, 1, 1, 5, 15, 1, 1, 12, 8, 1, 15, 1, 12, 6, 3, 15, 12, 15, 9, 17, 2, 5, 3, 9, 1, 6, 1, 5, 19, 12, 7, 17, 11, 27, 16];
Lower_Bound = [0, 3, 9, 10, 30, 31, 51, 68, 69, 7, 19, 12, 29, 46, 61, 54, 53, 60, 58, 46, 37, 35, 30, 32, 32, 40, 42, 42, 54, 48, 52, 50, 53, 43, 45, 50, 49, 48, 49, 62, 68, 68, 57, 48, 65, 55, 83, 98];
Upper_Bound = [1, 5, 11, 18, 36, 32, 52, 70, 82, 8, 21, 15, 34, 62, 84, 57, 57, 65, 86, 51, 49, 44, 46, 35, 39, 41, 54, 51, 63, 54, 54, 51, 55, 46, 47, 63, 54, 65, 60, 65, 73, 79, 62, 64, 66, 61, 86, 102];
Start = 1;
End = 48;
Time = 102;
