N = 126;
M = 140;
Edge_Start = [1, 1, 3, 3, 4, 5, 5, 6, 7, 7, 8, 9, 10, 11, 11, 12, 13, 14, 15, 16, 17, 18, 19, 20, 21, 22, 23, 23, 24, 25, 25, 27, 27, 28, 29, 30, 32, 32, 33, 34, 34, 35, 36, 37, 38, 39, 40, 40, 42, 44, 44, 45, 46, 46, 48, 49, 49, 50, 51, 52, 53, 53, 54, 55, 56, 57, 57, 58, 59, 60, 61, 61, 63, 64, 64, 65, 66, 66, 67, 68, 68, 69, 70, 72, 73, 74, 74, 75, 76, 77, 78, 80, 81, 81, 82, 83, 83, 85, 86, 87, 87, 89, 89, 90, 91, 91, 93, 93, 94, 95, 96, 97, 98, 98, 99, 101, 102, 103, 104, 104, 105, 106, 106, 108, 109, 110, 110, 112, 113, 114, 115, 116, 117, 118, 119, 120, 122, 123, 124, 125];
Edge_End = [2, 16, 4, 18, 5, 6, 20, 7, 8, 22, 9, 10, 11, 12, 26, 13, 14, 15, 30, 17, 33, 19, 35, 21, 22, 23, 24, 39, 25, 26, 41, 28, 43, 29, 30, 31, 33, 48, 34, 35, 50, 36, 37, 38, 54, 40, 41, 56, 43, 45, 60, 46, 47, 62, 49, 50, 65, 51, 67, 53, 54, 69, 55, 71, 57, 58, 73, 59, 60, 61, 62, 77, 79, 65, 80, 66, 67, 82, 68, 69, 84, 70, 71, 73, 74, 75, 90, 76, 92, 78, 79, 81, 82, 97, 83, 84, 99, 101, 87, 88, 103, 90, 105, 91, 92, 107, 94, 109, 95, 111, 97, 98, 99, 114, 100, 102, 103, 104, 105, 120, 106, 107, 122, 124, 110, 111, 126, 113, 114, 115, 116, 117, 118, 119, 120, 121, 123, 124, 125, 126];
L = [11, 7, 3, 3, 10, 10, 17, 12, 14, 10, 16, 13, 9, 5, 12, 9, 6, 11, 10, 1, 14, 5, 15, 11, 9, 4, 17, 8, 17, 2, 14, 6, 17, 12, 16, 9, 1, 14, 18, 8, 6, 17, 12, 2, 1, 18, 7, 10, 1, 12, 13, 10, 1, 11, 7, 16, 16, 4, 4, 8, 10, 9, 10, 13, 11, 11, 9, 4, 14, 8, 12, 11, 5, 3, 1, 2, 8, 8, 4, 13, 15, 19, 5, 16, 10, 8, 11, 5, 15, 14, 15, 7, 5, 8, 19, 18, 9, 2, 1, 1, 14, 1, 7, 5, 17, 7, 17, 6, 7, 3, 14, 9, 9, 7, 11, 5, 5, 17, 12, 5, 1, 15, 19, 19, 1, 12, 15, 15, 5, 1, 9, 7, 4, 1, 14, 16, 7, 3, 4, 5];
T = [6, 5, 1, 4, 15, 17, 11, 14, 22, 5, 16, 7, 6, 2, 7, 10, 5, 11, 15, 1, 9, 7, 8, 10, 14, 8, 22, 6, 12, 1, 10, 7, 11, 7, 15, 9, 4, 21, 30, 5, 1, 8, 17, 4, 6, 19, 7, 19, 1, 16, 21, 1, 1, 13, 1, 19, 13, 4, 11, 1, 6, 5, 6, 7, 6, 15, 11, 3, 13, 3, 15, 11, 6, 1, 3, 1, 1, 4, 7, 12, 9, 21, 6, 11, 4, 1, 14, 6, 19, 13, 19, 17, 6, 4, 19, 29, 12, 7, 3, 4, 13, 1, 4, 12, 12, 5, 21, 7, 13, 1, 13, 3, 19, 1, 20, 3, 3, 19, 15, 1, 1, 26, 21, 13, 1, 13, 17, 7, 6, 8, 5, 10, 7, 2, 17, 22, 8, 2, 2, 5];
Lower_Bound = [0, 6, 69, 70, 85, 102, 117, 138, 154, 161, 168, 172, 179, 184, 198, 5, 7, 65, 59, 96, 106, 121, 131, 150, 162, 163, 240, 234, 225, 210, 220, 19, 16, 45, 50, 58, 75, 80, 134, 153, 160, 251, 250, 227, 235, 234, 235, 40, 41, 47, 51, 81, 80, 85, 91, 173, 172, 187, 190, 204, 206, 222, 257, 55, 54, 56, 56, 63, 75, 97, 99, 173, 161, 157, 158, 165, 217, 230, 249, 62, 67, 59, 78, 73, 155, 158, 155, 159, 143, 146, 156, 168, 202, 221, 208, 84, 69, 74, 90, 110, 148, 146, 144, 123, 138, 139, 160, 183, 195, 194, 207, 87, 80, 74, 83, 86, 96, 104, 105, 123, 144, 160, 168, 170, 173, 177];
Upper_Bound = [1, 13, 79, 72, 86, 103, 120, 139, 156, 172, 169, 196, 182, 186, 212, 6, 10, 68, 64, 97, 118, 135, 135, 160, 163, 167, 243, 239, 226, 222, 230, 41, 18, 46, 55, 61, 77, 88, 139, 156, 167, 257, 251, 233, 239, 245, 238, 41, 45, 52, 56, 82, 83, 89, 94, 174, 179, 194, 194, 205, 207, 232, 259, 64, 55, 59, 57, 66, 79, 98, 100, 175, 163, 160, 159, 176, 218, 231, 251, 63, 86, 61, 86, 83, 159, 165, 157, 161, 146, 147, 161, 171, 209, 235, 211, 90, 73, 75, 91, 111, 149, 149, 145, 130, 146, 142, 163, 185, 200, 202, 211, 99, 90, 84, 86, 96, 99, 109, 108, 128, 146, 187, 170, 177, 176, 194];
Start = 1;
End = 126;
Time = 194;
