N = 198;
M = 225;
Edge_Start = [1, 1, 2, 3, 3, 4, 5, 6, 7, 8, 9, 9, 10, 11, 11, 13, 14, 15, 16, 17, 18, 19, 20, 21, 22, 23, 23, 24, 25, 25, 26, 27, 27, 28, 29, 29, 30, 31, 31, 32, 33, 34, 35, 35, 37, 37, 38, 39, 40, 40, 41, 42, 42, 43, 44, 45, 46, 46, 48, 48, 49, 50, 51, 52, 54, 54, 55, 56, 56, 57, 58, 58, 60, 61, 61, 62, 63, 63, 65, 66, 67, 67, 68, 69, 70, 71, 72, 73, 75, 76, 77, 77, 78, 79, 80, 80, 81, 82, 83, 84, 85, 86, 88, 88, 89, 90, 90, 92, 92, 93, 94, 95, 96, 97, 98, 98, 100, 101, 103, 103, 105, 106, 107, 107, 108, 109, 109, 110, 111, 111, 112, 113, 113, 114, 115, 115, 116, 117, 118, 120, 120, 121, 122, 122, 123, 124, 125, 126, 127, 128, 129, 130, 130, 131, 132, 132, 133, 134, 135, 136, 136, 137, 138, 138, 140, 143, 143, 144, 145, 145, 147, 148, 149, 150, 151, 151, 153, 154, 155, 155, 156, 157, 157, 158, 159, 160, 160, 161, 162, 162, 163, 164, 164, 165, 166, 166, 167, 168, 168, 169, 170, 170, 171, 172, 173, 174, 174, 176, 176, 178, 178, 181, 182, 183, 184, 186, 187, 189, 190, 191, 193, 194, 195, 196, 197];
Edge_End = [2, 20, 3, 4, 22, 5, 24, 7, 8, 9, 10, 28, 11, 12, 30, 32, 15, 16, 17, 36, 19, 38, 21, 41, 23, 24, 43, 25, 26, 45, 27, 28, 47, 29, 30, 49, 31, 32, 51, 33, 53, 35, 36, 55, 38, 57, 39, 59, 41, 60, 42, 43, 62, 44, 45, 46, 47, 66, 49, 68, 50, 51, 52, 72, 55, 74, 56, 57, 76, 58, 59, 78, 61, 62, 81, 63, 64, 83, 85, 67, 68, 87, 69, 70, 71, 72, 73, 74, 95, 77, 78, 97, 79, 99, 81, 100, 82, 83, 84, 85, 86, 87, 89, 108, 90, 91, 110, 93, 112, 94, 114, 96, 116, 98, 99, 118, 101, 102, 104, 123, 106, 107, 108, 127, 109, 110, 129, 111, 112, 131, 113, 114, 133, 115, 116, 135, 117, 118, 119, 121, 140, 122, 123, 142, 124, 144, 126, 127, 128, 148, 130, 131, 150, 132, 133, 152, 134, 135, 136, 137, 156, 138, 139, 158, 141, 144, 163, 145, 146, 165, 167, 149, 150, 151, 152, 171, 154, 155, 156, 175, 157, 158, 177, 159, 179, 161, 180, 162, 163, 182, 164, 165, 184, 166, 167, 186, 168, 169, 188, 170, 171, 190, 172, 192, 174, 175, 194, 177, 196, 179, 198, 182, 183, 184, 185, 187, 188, 190, 191, 192, 194, 195, 196, 197, 198];
L = [1, 14, 6, 11, 8, 14, 4, 16, 9, 18, 1, 4, 8, 9, 13, 2, 2, 15, 9, 14, 14, 13, 9, 16, 7, 18, 5, 13, 10, 17, 7, 15, 11, 11, 11, 14, 3, 19, 18, 8, 6, 12, 3, 19, 18, 3, 7, 10, 1, 16, 1, 18, 1, 1, 4, 4, 9, 6, 9, 16, 7, 1, 13, 11, 17, 18, 2, 1, 13, 9, 4, 19, 1, 2, 19, 5, 9, 2, 8, 14, 17, 2, 11, 5, 14, 16, 4, 10, 12, 3, 4, 19, 15, 16, 5, 6, 6, 10, 6, 18, 1, 5, 14, 3, 5, 14, 5, 9, 3, 13, 6, 14, 18, 3, 10, 4, 17, 11, 9, 2, 3, 14, 9, 5, 1, 8, 7, 6, 5, 15, 1, 12, 10, 16, 8, 14, 15, 15, 8, 5, 9, 17, 3, 2, 12, 6, 13, 8, 5, 5, 2, 10, 12, 16, 18, 10, 1, 15, 16, 7, 9, 12, 9, 18, 3, 6, 3, 12, 10, 2, 16, 7, 17, 1, 2, 17, 6, 4, 12, 2, 13, 12, 15, 10, 13, 14, 6, 8, 14, 4, 11, 17, 18, 14, 3, 16, 11, 4, 11, 7, 18, 10, 2, 1, 3, 1, 6, 1, 1, 19, 12, 13, 8, 9, 2, 10, 17, 10, 9, 9, 6, 18, 6, 19, 7];
T = [6, 19, 9, 11, 6, 17, 1, 21, 4, 24, 1, 1, 8, 13, 16, 7, 1, 6, 8, 19, 17, 13, 15, 27, 5, 16, 1, 7, 8, 18, 3, 9, 8, 7, 7, 12, 8, 23, 19, 11, 8, 6, 7, 17, 18, 3, 13, 11, 2, 16, 3, 21, 1, 3, 6, 6, 10, 2, 18, 13, 7, 9, 17, 8, 22, 19, 4, 1, 11, 8, 1, 16, 6, 3, 13, 1, 12, 1, 17, 11, 18, 10, 14, 1, 8, 11, 9, 10, 8, 10, 12, 25, 18, 17, 7, 1, 9, 13, 11, 19, 4, 8, 16, 1, 12, 10, 4, 8, 1, 21, 15, 7, 23, 6, 3, 12, 17, 19, 11, 7, 10, 20, 4, 1, 1, 13, 12, 6, 4, 19, 1, 5, 1, 21, 7, 10, 9, 11, 10, 1, 7, 12, 1, 3, 19, 1, 21, 14, 1, 1, 6, 1, 13, 12, 24, 8, 1, 10, 16, 3, 11, 16, 6, 8, 1, 1, 11, 10, 8, 2, 20, 1, 15, 3, 1, 16, 6, 12, 11, 6, 17, 18, 18, 6, 7, 11, 5, 8, 14, 1, 8, 21, 15, 16, 7, 16, 7, 14, 11, 11, 29, 9, 1, 1, 1, 1, 6, 1, 1, 16, 10, 11, 16, 7, 9, 8, 18, 5, 1, 7, 3, 20, 5, 17, 7];
Lower_Bound = [0, 6, 15, 26, 43, 119, 98, 94, 70, 71, 79, 92, 121, 225, 224, 218, 210, 223, 206, 19, 34, 21, 26, 42, 49, 57, 60, 69, 76, 83, 91, 114, 125, 190, 184, 191, 175, 193, 192, 53, 51, 48, 27, 30, 36, 42, 52, 86, 88, 95, 104, 115, 133, 145, 167, 171, 172, 180, 181, 58, 52, 49, 50, 62, 94, 44, 55, 73, 87, 88, 96, 107, 116, 126, 293, 182, 192, 196, 214, 72, 65, 64, 51, 62, 77, 73, 65, 310, 311, 299, 309, 286, 294, 298, 285, 278, 217, 223, 226, 73, 90, 109, 445, 456, 343, 333, 313, 309, 308, 295, 289, 285, 284, 283, 262, 255, 246, 235, 245, 452, 451, 439, 438, 419, 349, 328, 314, 315, 315, 309, 308, 307, 283, 282, 272, 288, 291, 307, 313, 459, 460, 442, 419, 418, 408, 416, 403, 316, 317, 319, 316, 315, 328, 322, 310, 299, 316, 315, 321, 463, 452, 444, 430, 427, 406, 390, 383, 376, 362, 351, 332, 333, 318, 317, 316, 335, 334, 344, 328, 468, 456, 445, 449, 442, 451, 406, 405, 387, 347, 342, 341, 334, 326, 323, 341, 336, 353, 354];
Upper_Bound = [0, 6, 15, 26, 43, 119, 98, 94, 70, 71, 79, 92, 121, 225, 224, 218, 210, 223, 206, 19, 34, 21, 26, 42, 49, 57, 60, 69, 76, 83, 91, 114, 125, 190, 184, 191, 175, 193, 192, 53, 51, 48, 27, 30, 36, 42, 52, 86, 88, 95, 104, 115, 133, 145, 167, 171, 172, 180, 181, 58, 52, 49, 50, 62, 94, 44, 55, 73, 87, 88, 96, 107, 116, 126, 293, 182, 192, 196, 214, 72, 65, 64, 51, 62, 77, 73, 65, 310, 311, 299, 309, 286, 294, 298, 285, 278, 217, 223, 226, 73, 90, 109, 445, 456, 343, 333, 313, 309, 308, 295, 289, 285, 284, 283, 262, 255, 246, 235, 245, 452, 451, 439, 438, 419, 349, 328, 314, 315, 315, 309, 308, 307, 283, 282, 272, 288, 291, 307, 313, 459, 460, 442, 419, 418, 408, 416, 403, 316, 317, 319, 316, 315, 328, 322, 310, 299, 316, 315, 321, 463, 452, 444, 430, 427, 406, 390, 383, 376, 362, 351, 332, 333, 318, 317, 316, 335, 334, 344, 328, 468, 456, 445, 449, 442, 451, 406, 405, 387, 347, 342, 341, 334, 326, 323, 341, 336, 353, 354];
Start = 1;
End = 198;
Time = 354;
