N = 48;
M = 59;
Edge_Start = [1, 1, 2, 3, 3, 4, 5, 5, 6, 7, 7, 8, 9, 10, 11, 11, 12, 13, 13, 14, 15, 15, 16, 17, 17, 19, 20, 21, 22, 22, 23, 24, 24, 25, 26, 26, 28, 28, 30, 31, 32, 33, 33, 34, 35, 35, 36, 37, 37, 38, 39, 40, 41, 42, 43, 44, 45, 46, 47];
Edge_End = [2, 10, 3, 4, 12, 5, 6, 14, 7, 8, 16, 9, 18, 11, 12, 21, 13, 14, 23, 15, 16, 25, 17, 18, 27, 29, 21, 22, 23, 32, 24, 25, 34, 26, 27, 36, 29, 38, 31, 40, 33, 34, 42, 35, 36, 44, 37, 38, 46, 39, 48, 41, 42, 43, 44, 45, 46, 47, 48];
L = [1, 13, 11, 1, 18, 8, 12, 13, 1, 3, 5, 1, 15, 6, 8, 19, 5, 11, 10, 10, 10, 6, 16, 12, 6, 11, 2, 7, 12, 3, 7, 2, 12, 19, 6, 4, 14, 2, 1, 11, 4, 13, 15, 1, 18, 16, 5, 10, 9, 15, 11, 11, 3, 5, 8, 10, 2, 7, 13];
T = [1, 18, 11, 1, 17, 8, 14, 9, 4, 4, 1, 1, 16, 11, 3, 22, 8, 9, 11, 15, 12, 8, 7, 1, 1, 10, 7, 6, 16, 6, 5, 10, 4, 11, 7, 4, 11, 13, 1, 11, 3, 3, 22, 3, 30, 19, 5, 5, 9, 9, 12, 13, 9, 7, 7, 11, 1, 9, 10];
Lower_Bound = [0, 1, 12, 13, 21, 35, 39, 43, 44, 18, 29, 29, 37, 30, 45, 40, 47, 48, 103, 58, 51, 57, 48, 53, 53, 55, 48, 82, 93, 116, 115, 63, 60, 57, 60, 59, 64, 69, 78, 104, 91, 82, 86, 79, 74, 73, 82, 90];
Upper_Bound = [0, 1, 12, 13, 21, 35, 39, 43, 44, 18, 29, 29, 37, 30, 45, 40, 47, 48, 103, 58, 51, 57, 48, 53, 53, 55, 48, 82, 93, 116, 115, 63, 60, 57, 60, 59, 64, 69, 78, 104, 91, 82, 86, 79, 74, 73, 82, 90];
Start = 1;
End = 48;
Time = 90;
