N = 16;
M = 19;
Edge_Start = [1, 1, 2, 3, 3, 4, 5, 6, 7, 7, 8, 9, 9, 10, 11, 12, 13, 14, 15];
Edge_End = [2, 6, 3, 4, 8, 5, 10, 7, 8, 12, 9, 10, 14, 11, 16, 13, 14, 15, 16];
L = [5, 12, 13, 15, 1, 1, 10, 18, 15, 2, 4, 6, 3, 14, 12, 8, 12, 2, 15];
T = [9, 16, 19, 12, 1, 1, 3, 11, 16, 2, 2, 1, 1, 12, 9, 14, 15, 1, 16];
Lower_Bound = [0, 9, 28, 36, 35, 16, 27, 29, 31, 32, 44, 29, 43, 32, 33, 49];
Upper_Bound = [0, 9, 28, 36, 35, 16, 27, 29, 31, 32, 44, 29, 43, 32, 33, 49];
Start = 1;
End = 16;
Time = 49;
