N = 96;
M = 109;
Edge_Start = [1, 1, 2, 3, 3, 4, 5, 5, 7, 8, 9, 9, 10, 11, 11, 12, 13, 14, 15, 15, 16, 17, 18, 19, 19, 20, 21, 21, 23, 23, 24, 25, 25, 26, 27, 28, 28, 30, 30, 31, 32, 32, 33, 34, 36, 36, 37, 38, 39, 40, 42, 43, 43, 44, 45, 46, 47, 47, 48, 49, 49, 50, 51, 52, 53, 54, 55, 56, 57, 58, 58, 60, 60, 61, 62, 62, 64, 64, 65, 66, 67, 68, 68, 70, 71, 71, 72, 73, 73, 74, 75, 76, 77, 77, 78, 79, 79, 81, 83, 84, 85, 86, 88, 89, 91, 92, 93, 94, 95];
Edge_End = [2, 14, 3, 4, 16, 5, 6, 18, 20, 9, 10, 22, 11, 12, 24, 13, 26, 15, 16, 29, 17, 31, 19, 20, 33, 21, 22, 35, 24, 37, 25, 26, 39, 27, 41, 29, 42, 31, 44, 32, 33, 46, 34, 35, 37, 50, 38, 39, 40, 41, 43, 44, 57, 45, 59, 47, 48, 61, 49, 50, 63, 51, 65, 53, 54, 55, 69, 57, 58, 59, 72, 61, 74, 62, 63, 76, 65, 78, 66, 67, 68, 69, 82, 71, 72, 84, 73, 74, 86, 75, 88, 77, 78, 90, 79, 80, 92, 82, 96, 85, 86, 87, 89, 90, 92, 93, 94, 95, 96];
L = [9, 19, 8, 9, 3, 17, 8, 18, 8, 12, 16, 5, 3, 2, 16, 12, 7, 9, 12, 5, 11, 10, 2, 18, 2, 12, 6, 4, 9, 19, 11, 5, 4, 7, 3, 7, 5, 7, 7, 12, 18, 2, 16, 3, 11, 18, 10, 3, 11, 1, 13, 9, 10, 17, 12, 10, 10, 2, 17, 13, 8, 16, 5, 5, 19, 17, 19, 5, 3, 1, 2, 15, 9, 12, 9, 16, 11, 3, 15, 11, 5, 18, 11, 16, 11, 2, 5, 4, 10, 17, 8, 13, 15, 8, 1, 7, 19, 5, 17, 16, 17, 15, 2, 1, 16, 4, 16, 11, 9];
T = [10, 13, 11, 9, 1, 9, 1, 16, 9, 11, 10, 14, 5, 1, 14, 14, 13, 19, 13, 10, 15, 15, 4, 15, 1, 14, 9, 8, 12, 14, 15, 1, 3, 3, 1, 1, 3, 7, 11, 5, 29, 7, 6, 2, 14, 23, 7, 10, 8, 1, 8, 7, 8, 17, 5, 11, 12, 1, 21, 17, 5, 18, 11, 8, 20, 15, 13, 8, 7, 1, 11, 3, 3, 8, 1, 17, 11, 5, 19, 2, 2, 11, 14, 13, 13, 1, 9, 1, 12, 17, 4, 12, 14, 2, 1, 9, 20, 9, 5, 13, 12, 15, 6, 5, 14, 6, 15, 3, 4];
Lower_Bound = [0, 10, 21, 30, 39, 40, 83, 110, 99, 109, 114, 115, 129, 13, 32, 22, 37, 55, 59, 74, 76, 85, 140, 128, 143, 142, 145, 43, 42, 59, 52, 57, 60, 66, 68, 130, 144, 151, 146, 147, 146, 46, 54, 61, 75, 64, 75, 87, 90, 107, 125, 226, 218, 198, 183, 70, 62, 69, 70, 79, 76, 84, 85, 132, 136, 155, 157, 159, 170, 106, 93, 80, 83, 82, 99, 101, 113, 127, 128, 137, 182, 173, 181, 94, 107, 95, 110, 103, 109, 114, 162, 148, 154, 169, 172, 176];
Upper_Bound = [0, 10, 21, 30, 39, 40, 83, 110, 99, 109, 114, 115, 129, 13, 32, 22, 37, 55, 59, 74, 76, 85, 140, 128, 143, 142, 145, 43, 42, 59, 52, 57, 60, 66, 68, 130, 144, 151, 146, 147, 146, 46, 54, 61, 75, 64, 75, 87, 90, 107, 125, 226, 218, 198, 183, 70, 62, 69, 70, 79, 76, 84, 85, 132, 136, 155, 157, 159, 170, 106, 93, 80, 83, 82, 99, 101, 113, 127, 128, 137, 182, 173, 181, 94, 107, 95, 110, 103, 109, 114, 162, 148, 154, 169, 172, 176];
Start = 1;
End = 96;
Time = 176;
