305 655 167 10 30
1 121 1
1 160 1
2 95 1
3 220 1
3 275 1
3 290 1
4 163 1
4 220 1
5 34 1
5 149 1
5 181 1
6 26 1
6 32 1
6 294 1
7 283 1
8 86 1
9 49 1
10 246 1
11 144 1
11 185 1
12 88 1
12 182 1
12 194 1
13 179 1
14 171 1
15 112 1
15 140 1
15 298 1
16 17 1
17 16 1
17 39 1
17 280 1
18 19 1
18 96 1
18 205 1
19 18 1
19 59 1
19 199 1
20 146 1
21 23 1
21 45 1
21 288 1
22 45 1
22 138 1
22 288 1
23 21 1
23 186 1
23 288 1
24 216 1
24 287 1
25 47 1
25 203 1
25 298 1
26 6 1
26 209 1
26 294 1
27 32 1
27 266 1
27 289 1
28 165 1
29 218 1
30 73 1
30 227 1
30 274 1
31 44 1
31 272 1
32 6 1
32 27 1
32 266 1
33 53 1
33 275 1
33 292 1
34 5 1
34 56 1
34 268 1
35 143 1
35 195 1
36 68 1
37 54 1
37 219 1
37 295 1
38 103 1
39 17 1
39 222 1
39 224 1
40 112 1
40 283 1
41 290 1
42 200 1
43 125 1
43 179 1
43 225 1
44 31 1
44 201 1
45 21 1
45 22 1
45 184 1
46 72 1
46 127 1
46 218 1
47 25 1
47 126 1
47 296 1
48 24 1
48 167 1
49 79 1
49 187 1
50 52 1
50 67 1
50 68 1
51 209 1
52 50 1
52 77 1
52 161 1
53 33 1
53 121 1
53 160 1
54 48 1
54 91 1
55 139 1
56 34 1
56 289 1
57 58 1
57 107 1
57 303 1
58 57 1
58 120 1
58 253 1
59 19 1
59 97 1
60 70 1
60 209 1
60 284 1
61 300 1
62 66 1
62 81 1
62 253 1
63 71 1
63 277 1
63 299 1
64 65 1
64 102 1
64 271 1
65 64 1
65 271 1
65 293 1
66 62 1
66 67 1
66 226 1
67 50 1
67 66 1
67 243 1
68 36 1
68 50 1
68 156 1
69 223 1
69 282 1
70 60 1
70 102 1
70 284 1
71 63 1
72 41 1
72 85 1
73 30 1
73 107 1
73 159 1
73 227 1
74 106 1
74 152 1
74 230 1
75 128 1
75 269 1
76 194 1
76 247 1
76 251 1
77 77 1
77 52 1
78 213 1
79 48 1
79 91 1
80 257 1
81 81 1
81 62 1
82 188 1
83 164 1
83 282 1
84 287 1
85 41 1
85 164 1
86 197 1
86 276 1
87 10 1
88 12 1
88 147 1
88 182 1
89 178 1
90 270 1
91 9 1
92 94 1
92 102 1
92 135 1
93 174 1
94 92 1
94 119 1
94 129 1
95 180 1
96 18 1
96 119 1
96 129 1
97 59 1
97 123 1
98 267 1
99 93 1
100 137 1
100 279 1
101 216 1
101 287 1
102 64 1
102 70 1
102 92 1
102 193 1
103 89 1
104 107 1
104 123 1
104 227 1
104 274 1
105 176 1
105 254 1
106 74 1
106 113 1
106 152 1
107 57 1
107 73 1
107 104 1
108 153 1
109 159 1
110 54 1
110 219 1
111 35 1
112 15 1
112 40 1
113 106 1
113 118 1
113 152 1
114 173 1
115 125 1
115 179 1
116 116 1
116 253 1
117 156 1
118 113 1
119 94 1
119 96 1
119 122 1
120 120 1
120 58 1
121 1 1
121 53 1
122 119 1
122 123 1
122 205 1
123 97 1
123 104 1
123 122 1
123 199 1
124 233 1
124 278 1
125 43 1
125 108 1
126 47 1
126 258 1
126 304 1
127 46 1
128 51 1
128 162 1
129 94 1
129 96 1
129 135 1
130 140 1
130 255 1
130 259 1
131 141 1
132 256 1
132 273 1
133 137 1
133 210 1
134 169 1
134 219 1
134 249 1
134 255 1
135 92 1
135 129 1
135 193 1
136 8 1
136 131 1
137 100 1
137 133 1
137 237 1
138 22 1
138 239 1
138 240 1
139 55 1
139 78 1
139 261 1
140 15 1
140 130 1
140 212 1
140 283 1
141 10 1
142 4 1
142 278 1
143 44 1
143 194 1
144 185 1
144 300 1
145 230 1
145 259 1
146 20 1
146 150 1
146 264 1
147 88 1
147 182 1
147 230 1
148 200 1
148 208 1
149 5 1
149 181 1
149 192 1
150 146 1
150 217 1
151 281 1
152 74 1
152 106 1
152 113 1
153 105 1
154 155 1
155 154 1
155 156 1
155 286 1
156 68 1
156 117 1
156 155 1
157 145 1
157 241 1
158 183 1
158 192 1
158 204 1
159 73 1
159 109 1
159 291 1
160 1 1
160 53 1
160 275 1
161 52 1
161 285 1
161 302 1
162 132 1
162 305 1
163 244 1
164 85 1
164 282 1
165 176 1
166 190 1
167 75 1
167 110 1
168 240 1
169 134 1
169 295 1
169 296 1
170 35 1
170 80 1
171 14 1
171 172 1
171 175 1
172 115 1
172 171 1
173 111 1
173 257 1
174 2 1
175 146 1
175 191 1
175 217 1
176 11 1
177 166 1
177 265 1
178 215 1
179 13 1
179 115 1
179 171 1
180 99 1
180 211 1
181 5 1
181 149 1
181 266 1
182 12 1
182 88 1
182 147 1
183 158 1
183 204 1
183 268 1
184 45 1
184 186 1
184 295 1
185 177 1
186 21 1
186 23 1
186 184 1
187 38 1
188 114 1
188 245 1
189 261 1
190 28 1
190 221 1
191 175 1
192 149 1
192 158 1
192 204 1
193 102 1
193 135 1
193 284 1
194 12 1
194 76 1
194 195 1
195 170 1
195 260 1
196 197 1
196 234 1
197 78 1
197 276 1
198 151 1
199 19 1
199 123 1
199 205 1
200 42 1
200 148 1
200 222 1
201 31 1
201 202 1
202 228 1
202 272 1
203 25 1
203 212 1
203 258 1
204 158 1
204 183 1
204 192 1
205 18 1
205 122 1
205 199 1
206 207 1
207 206 1
207 299 1
208 148 1
209 26 1
209 51 1
209 60 1
209 162 1
210 133 1
211 231 1
212 140 1
212 203 1
212 298 1
213 196 1
213 214 1
214 196 1
215 79 1
215 187 1
216 101 1
216 263 1
217 172 1
217 175 1
218 29 1
218 46 1
218 248 1
219 37 1
219 134 1
220 3 1
220 163 1
221 28 1
222 39 1
222 200 1
222 299 1
223 69 1
224 39 1
225 43 1
226 226 1
226 66 1
227 30 1
227 73 1
227 104 1
228 202 1
228 272 1
228 275 1
229 166 1
229 265 1
230 74 1
230 145 1
230 147 1
231 137 1
231 279 1
232 131 1
233 46 1
233 72 1
234 141 1
234 232 1
235 273 1
236 240 1
237 277 1
237 297 1
238 100 1
238 237 1
239 138 1
240 138 1
240 168 1
240 236 1
241 110 1
242 43 1
242 108 1
243 243 1
243 67 1
244 114 1
245 98 1
245 142 1
246 198 1
247 76 1
247 250 1
247 251 1
248 218 1
249 134 1
249 296 1
249 304 1
250 247 1
251 76 1
251 247 1
251 262 1
252 99 1
252 211 1
253 58 1
253 62 1
253 116 1
254 242 1
255 130 1
255 134 1
255 258 1
255 304 1
256 170 1
256 260 1
257 82 1
257 161 1
258 126 1
258 203 1
258 255 1
259 130 1
259 145 1
259 241 1
260 132 1
260 305 1
261 139 1
261 189 1
262 251 1
263 150 1
263 264 1
264 101 1
264 263 1
265 252 1
266 27 1
266 32 1
266 181 1
267 87 1
268 34 1
268 183 1
269 128 1
270 83 1
270 90 1
271 64 1
271 65 1
271 293 1
271 294 1
272 31 1
272 228 1
273 235 1
273 256 1
274 30 1
274 104 1
275 3 1
275 33 1
275 160 1
275 228 1
276 261 1
277 63 1
277 297 1
278 4 1
278 124 1
279 229 1
280 17 1
280 301 1
281 136 1
282 69 1
282 83 1
282 270 1
283 7 1
283 40 1
283 140 1
284 60 1
284 70 1
284 193 1
285 82 1
285 161 1
286 155 1
287 24 1
287 84 1
287 167 1
288 22 1
288 23 1
288 239 1
289 27 1
289 56 1
289 293 1
290 124 1
290 233 1
291 159 1
292 33 1
292 83 1
293 65 1
293 271 1
293 289 1
294 6 1
294 26 1
294 271 1
295 37 1
295 169 1
295 184 1
296 47 1
296 169 1
296 249 1
297 285 1
297 302 1
298 15 1
298 25 1
298 212 1
299 63 1
299 207 1
299 222 1
300 61 1
300 144 1
301 280 1
302 238 1
302 303 1
303 57 1
303 238 1
304 126 1
304 249 1
304 255 1
305 75 1
305 157 1
5 1
7 1
29 1
41 1
50 1
80 1
81 1
86 1
96 1
109 1
112 1
113 1
137 1
141 1
151 1
157 1
161 1
179 1
197 1
198 1
208 1
223 1
226 1
252 1
255 1
265 1
284 1
287 1
290 1
300 1
