128 232 79 89 12
1 19 1
1 128 1
2 18 1
2 111 1
3 13 1
3 74 1
4 13 1
5 42 1
5 75 1
6 117 1
7 17 1
7 20 1
8 116 1
9 73 1
10 105 1
10 115 1
11 13 1
12 39 1
12 121 1
13 3 1
13 4 1
14 73 1
15 84 1
15 106 1
16 84 1
16 85 1
17 18 1
17 96 1
18 17 1
18 22 1
18 96 1
19 1 1
20 7 1
20 32 1
21 112 1
22 18 1
22 24 1
22 95 1
23 110 1
24 22 1
24 23 1
25 68 1
25 88 1
25 118 1
26 35 1
27 62 1
28 31 1
28 62 1
29 52 1
30 80 1
31 7 1
31 32 1
32 20 1
32 27 1
33 118 1
34 21 1
34 109 1
35 55 1
35 114 1
36 83 1
36 99 1
37 19 1
38 26 1
39 12 1
39 43 1
40 70 1
40 122 1
41 78 1
41 81 1
42 5 1
42 50 1
43 29 1
43 39 1
44 47 1
44 93 1
45 22 1
45 23 1
46 50 1
46 83 1
47 87 1
47 100 1
48 38 1
49 46 1
50 42 1
50 46 1
50 60 1
50 98 1
51 68 1
51 115 1
52 53 1
52 72 1
53 52 1
53 57 1
53 102 1
54 53 1
55 6 1
55 38 1
56 37 1
56 90 1
57 29 1
57 43 1
58 89 1
58 105 1
59 54 1
59 118 1
60 46 1
61 105 1
62 63 1
63 28 1
64 100 1
65 80 1
65 120 1
66 56 1
66 91 1
66 104 1
67 6 1
67 55 1
68 25 1
68 51 1
69 108 1
70 40 1
70 81 1
71 85 1
72 54 1
72 59 1
73 14 1
73 123 1
74 97 1
74 107 1
75 5 1
75 101 1
76 16 1
76 122 1
77 9 1
77 89 1
77 92 1
78 41 1
78 113 1
79 106 1
79 122 1
80 113 1
80 127 1
81 41 1
81 70 1
82 114 1
83 36 1
83 46 1
83 76 1
84 15 1
85 36 1
85 71 1
86 66 1
86 91 1
87 90 1
87 100 1
88 33 1
89 58 1
89 77 1
90 86 1
90 87 1
90 91 1
90 92 1
91 56 1
91 66 1
91 90 1
92 77 1
92 123 1
93 44 1
93 47 1
94 79 1
95 2 1
96 48 1
97 124 1
97 125 1
98 49 1
98 50 1
99 114 1
99 119 1
100 34 1
100 47 1
100 64 1
101 75 1
102 53 1
102 107 1
103 125 1
104 66 1
105 10 1
105 58 1
105 61 1
106 16 1
107 30 1
107 102 1
107 108 1
108 8 1
108 126 1
109 21 1
110 44 1
110 109 1
111 20 1
111 27 1
112 24 1
112 95 1
113 69 1
113 80 1
114 82 1
114 83 1
114 99 1
115 10 1
115 51 1
116 126 1
117 45 1
118 25 1
118 59 1
119 67 1
119 117 1
120 65 1
120 127 1
121 12 1
122 40 1
122 78 1
122 79 1
123 86 1
124 57 1
124 102 1
125 97 1
125 103 1
126 11 1
126 74 1
127 94 1
127 120 1
128 37 1
128 90 1
22 1
35 1
36 1
52 1
62 1
65 1
83 1
85 1
88 1
99 1
110 1
111 1
