366 734 251 132 1
1 109 1
1 251 1
2 3 1
2 355 1
2 366 1
3 2 1
3 239 1
3 246 1
4 188 1
4 356 1
5 35 1
5 260 1
6 145 1
6 215 1
7 66 1
8 14 1
8 283 1
9 29 1
9 226 1
9 351 1
10 149 1
10 185 1
11 329 1
11 358 1
12 11 1
12 185 1
12 186 1
13 54 1
13 313 1
13 314 1
14 5 1
14 58 1
15 16 1
15 157 1
16 15 1
16 17 1
16 34 1
17 16 1
17 152 1
17 288 1
18 165 1
18 223 1
19 38 1
19 331 1
20 320 1
21 332 1
22 31 1
22 245 1
23 27 1
23 28 1
23 210 1
24 27 1
24 138 1
24 263 1
25 157 1
25 244 1
26 289 1
27 23 1
27 24 1
27 28 1
28 27 1
28 194 1
28 307 1
29 9 1
29 43 1
29 224 1
30 92 1
30 227 1
31 22 1
31 37 1
31 66 1
31 323 1
32 73 1
32 295 1
33 339 1
33 365 1
34 160 1
35 99 1
36 133 1
37 22 1
37 31 1
37 198 1
37 207 1
38 18 1
38 201 1
39 43 1
39 142 1
39 316 1
40 249 1
40 335 1
41 69 1
41 313 1
42 45 1
42 322 1
42 323 1
43 39 1
43 312 1
44 84 1
44 95 1
45 7 1
45 323 1
46 42 1
46 322 1
47 70 1
47 102 1
48 8 1
48 347 1
49 300 1
50 173 1
50 276 1
51 219 1
51 252 1
52 324 1
52 326 1
53 67 1
53 172 1
54 13 1
54 119 1
55 122 1
55 127 1
56 57 1
56 136 1
56 264 1
57 56 1
57 136 1
57 244 1
58 48 1
58 94 1
59 199 1
59 261 1
59 267 1
60 266 1
61 116 1
61 335 1
62 313 1
63 64 1
64 63 1
64 283 1
65 93 1
66 31 1
66 198 1
67 96 1
67 189 1
68 270 1
69 55 1
69 176 1
70 47 1
70 330 1
71 290 1
72 77 1
72 100 1
72 218 1
73 206 1
73 278 1
74 117 1
75 76 1
75 78 1
75 264 1
76 75 1
76 247 1
76 355 1
76 366 1
77 26 1
77 291 1
78 129 1
78 263 1
79 80 1
79 81 1
79 240 1
80 65 1
80 79 1
80 366 1
81 79 1
81 82 1
81 93 1
81 242 1
82 81 1
82 83 1
82 292 1
83 82 1
83 88 1
83 178 1
84 44 1
85 30 1
85 86 1
85 88 1
86 85 1
86 87 1
86 167 1
87 86 1
87 163 1
87 273 1
88 83 1
88 85 1
88 92 1
89 294 1
89 310 1
90 91 1
90 94 1
90 227 1
90 229 1
91 90 1
91 111 1
91 229 1
92 88 1
92 94 1
92 178 1
93 81 1
93 292 1
94 90 1
94 92 1
94 227 1
95 44 1
95 107 1
96 67 1
96 230 1
96 266 1
97 53 1
97 201 1
98 182 1
98 228 1
99 36 1
100 72 1
100 304 1
101 242 1
102 47 1
102 187 1
103 311 1
103 330 1
104 327 1
105 188 1
105 280 1
106 56 1
106 57 1
107 293 1
108 120 1
108 310 1
109 1 1
109 268 1
109 333 1
110 254 1
110 333 1
111 91 1
111 112 1
111 237 1
112 111 1
112 113 1
112 237 1
113 112 1
113 234 1
113 354 1
114 100 1
114 218 1
114 271 1
115 259 1
116 61 1
117 74 1
117 334 1
118 214 1
118 297 1
118 301 1
119 191 1
119 220 1
120 8 1
120 99 1
121 180 1
122 176 1
122 191 1
123 132 1
124 58 1
124 347 1
125 123 1
125 353 1
126 125 1
126 364 1
127 183 1
127 272 1
128 20 1
128 216 1
129 24 1
129 282 1
130 139 1
130 255 1
131 317 1
131 360 1
132 55 1
132 127 1
133 194 1
133 205 1
133 307 1
134 183 1
135 202 1
135 205 1
136 75 1
136 247 1
137 33 1
137 217 1
138 106 1
139 130 1
139 311 1
140 190 1
141 7 1
141 188 1
141 362 1
142 39 1
142 171 1
143 290 1
144 98 1
144 161 1
144 289 1
145 22 1
146 302 1
146 344 1
147 257 1
148 332 1
148 352 1
149 140 1
150 168 1
150 204 1
150 336 1
151 110 1
151 277 1
152 17 1
152 155 1
152 288 1
153 202 1
153 204 1
154 221 1
154 346 1
155 152 1
155 156 1
155 159 1
156 17 1
156 152 1
156 316 1
157 15 1
157 25 1
158 142 1
158 308 1
159 155 1
159 156 1
160 157 1
161 144 1
161 248 1
161 315 1
162 163 1
162 171 1
163 87 1
163 162 1
163 309 1
164 159 1
164 184 1
165 19 1
166 172 1
166 181 1
166 321 1
167 83 1
167 85 1
168 150 1
168 359 1
169 337 1
169 341 1
170 286 1
170 338 1
171 142 1
171 162 1
171 279 1
172 21 1
172 166 1
172 173 1
173 97 1
173 197 1
174 200 1
174 342 1
175 174 1
176 54 1
176 119 1
177 208 1
178 82 1
178 242 1
179 261 1
180 200 1
181 21 1
181 148 1
182 212 1
182 351 1
183 272 1
184 262 1
185 149 1
185 186 1
186 12 1
186 73 1
186 209 1
187 102 1
187 203 1
188 4 1
188 84 1
188 105 1
188 141 1
189 60 1
189 166 1
189 325 1
190 41 1
190 62 1
191 217 1
191 220 1
192 232 1
193 350 1
194 3 1
194 124 1
194 133 1
194 239 1
195 269 1
196 117 1
196 146 1
196 276 1
197 349 1
198 37 1
199 281 1
199 285 1
200 174 1
200 180 1
201 296 1
202 135 1
202 204 1
202 331 1
203 187 1
203 327 1
204 150 1
204 168 1
205 133 1
205 135 1
206 12 1
206 222 1
207 37 1
208 177 1
208 275 1
209 73 1
209 186 1
210 23 1
211 298 1
212 226 1
213 68 1
213 255 1
214 118 1
214 229 1
215 9 1
215 224 1
215 258 1
216 128 1
216 294 1
217 134 1
217 191 1
218 114 1
218 259 1
219 51 1
219 104 1
219 277 1
220 33 1
221 154 1
221 252 1
222 206 1
222 278 1
223 36 1
223 260 1
224 215 1
224 303 1
225 265 1
225 358 1
226 144 1
226 212 1
226 248 1
227 90 1
227 114 1
228 26 1
228 98 1
229 48 1
229 90 1
230 96 1
231 164 1
231 232 1
232 192 1
232 224 1
232 231 1
233 222 1
233 361 1
234 235 1
234 301 1
235 112 1
235 238 1
236 113 1
236 354 1
237 236 1
238 111 1
238 214 1
239 3 1
239 194 1
239 240 1
240 79 1
240 239 1
240 246 1
241 175 1
242 81 1
242 101 1
242 240 1
243 328 1
244 25 1
244 57 1
245 345 1
246 2 1
246 80 1
247 65 1
247 76 1
248 29 1
248 226 1
248 312 1
249 40 1
249 169 1
250 61 1
250 253 1
251 268 1
251 277 1
252 51 1
252 221 1
252 305 1
253 51 1
254 213 1
255 130 1
255 151 1
255 213 1
256 251 1
257 121 1
257 147 1
258 215 1
259 91 1
259 115 1
260 35 1
260 223 1
261 59 1
261 179 1
262 199 1
262 267 1
263 24 1
263 138 1
263 264 1
264 56 1
264 75 1
264 263 1
265 164 1
266 63 1
266 96 1
267 225 1
267 265 1
268 110 1
269 195 1
269 306 1
269 308 1
270 68 1
270 255 1
271 162 1
271 309 1
272 131 1
273 163 1
274 300 1
274 326 1
275 137 1
275 208 1
276 197 1
277 154 1
277 219 1
277 251 1
278 361 1
279 100 1
280 45 1
281 199 1
281 261 1
282 129 1
283 53 1
283 296 1
284 296 1
285 155 1
285 184 1
286 170 1
286 352 1
287 211 1
287 299 1
287 356 1
288 281 1
288 285 1
289 72 1
289 304 1
290 71 1
290 143 1
290 350 1
291 77 1
292 167 1
292 273 1
293 147 1
294 89 1
294 216 1
295 32 1
296 14 1
296 283 1
296 284 1
297 235 1
298 211 1
298 299 1
299 364 1
300 49 1
300 274 1
301 118 1
301 297 1
302 146 1
303 46 1
303 322 1
304 158 1
304 161 1
305 250 1
306 269 1
306 279 1
307 28 1
308 269 1
308 306 1
309 86 1
309 87 1
310 89 1
310 108 1
310 348 1
311 103 1
311 139 1
312 248 1
313 13 1
313 62 1
314 13 1
315 161 1
316 34 1
316 39 1
316 156 1
316 231 1
317 123 1
317 125 1
318 253 1
318 327 1
318 335 1
319 6 1
319 46 1
320 52 1
320 321 1
321 166 1
321 320 1
321 325 1
322 42 1
322 233 1
323 31 1
323 42 1
323 319 1
324 321 1
325 20 1
325 128 1
326 274 1
326 324 1
327 203 1
327 318 1
328 32 1
328 287 1
329 10 1
330 70 1
330 103 1
331 359 1
332 346 1
332 363 1
333 109 1
334 221 1
334 305 1
335 40 1
335 318 1
336 150 1
336 153 1
336 343 1
337 336 1
337 344 1
338 170 1
339 208 1
340 343 1
341 340 1
341 343 1
342 126 1
342 317 1
343 336 1
343 337 1
343 341 1
344 169 1
344 249 1
345 245 1
345 319 1
346 50 1
346 196 1
346 332 1
347 108 1
348 310 1
349 38 1
349 97 1
350 193 1
350 290 1
350 365 1
351 9 1
352 148 1
352 286 1
352 363 1
353 69 1
353 243 1
354 113 1
354 357 1
355 76 1
355 78 1
356 287 1
357 354 1
358 225 1
358 329 1
359 349 1
360 241 1
360 317 1
361 105 1
361 280 1
362 141 1
363 256 1
363 352 1
364 243 1
364 353 1
365 339 1
365 350 1
366 2 1
366 76 1
366 80 1
55 1
