510 1045 400 215 21
1 113 1
1 316 1
2 5 1
2 439 1
3 344 1
4 17 1
4 174 1
4 192 1
5 439 1
6 141 1
6 243 1
7 117 1
7 146 1
7 499 1
8 140 1
8 227 1
9 16 1
9 196 1
9 391 1
10 124 1
10 132 1
10 187 1
11 131 1
11 304 1
12 305 1
12 399 1
12 422 1
13 243 1
14 29 1
14 182 1
14 480 1
15 15 1
15 220 1
16 9 1
16 225 1
17 4 1
17 192 1
17 503 1
18 220 1
19 150 1
19 179 1
19 246 1
20 161 1
21 35 1
21 255 1
22 97 1
23 479 1
23 480 1
24 81 1
24 180 1
25 183 1
25 251 1
25 431 1
26 101 1
26 180 1
26 186 1
27 28 1
27 138 1
27 424 1
28 27 1
28 272 1
28 424 1
29 14 1
29 166 1
29 235 1
29 322 1
30 100 1
31 306 1
32 36 1
32 109 1
32 416 1
33 33 1
33 36 1
34 43 1
35 157 1
35 378 1
35 468 1
36 32 1
36 33 1
36 42 1
37 50 1
38 169 1
38 189 1
39 252 1
40 42 1
40 48 1
41 240 1
42 36 1
42 40 1
42 340 1
43 34 1
43 162 1
43 461 1
44 66 1
44 147 1
44 168 1
45 2 1
45 410 1
46 189 1
46 320 1
47 198 1
47 428 1
47 496 1
48 40 1
48 51 1
48 61 1
49 199 1
49 478 1
49 486 1
50 37 1
50 40 1
50 51 1
51 50 1
51 55 1
52 50 1
52 55 1
53 292 1
53 450 1
54 284 1
55 52 1
55 136 1
56 231 1
56 460 1
57 85 1
57 356 1
58 160 1
59 52 1
59 64 1
60 54 1
60 62 1
61 48 1
62 54 1
62 424 1
63 64 1
63 136 1
64 59 1
65 184 1
65 500 1
66 44 1
66 76 1
66 492 1
67 125 1
67 454 1
68 265 1
68 495 1
68 496 1
69 70 1
69 126 1
70 69 1
70 78 1
71 160 1
72 413 1
73 259 1
73 408 1
74 7 1
74 72 1
74 291 1
75 308 1
75 312 1
75 477 1
76 60 1
76 66 1
76 390 1
77 236 1
77 238 1
78 298 1
79 246 1
79 394 1
80 401 1
81 104 1
81 263 1
82 330 1
82 431 1
83 158 1
83 364 1
84 460 1
85 195 1
85 501 1
86 440 1
87 208 1
87 458 1
88 87 1
88 335 1
89 293 1
89 437 1
90 208 1
90 458 1
91 223 1
92 207 1
92 331 1
92 447 1
93 215 1
93 233 1
93 475 1
94 313 1
94 339 1
94 470 1
95 245 1
95 507 1
95 508 1
96 487 1
97 22 1
97 130 1
97 276 1
98 435 1
99 354 1
99 432 1
99 484 1
100 30 1
100 211 1
100 327 1
101 26 1
101 252 1
101 295 1
102 243 1
103 190 1
103 405 1
104 445 1
104 488 1
105 106 1
105 109 1
106 107 1
106 114 1
107 108 1
107 111 1
108 105 1
108 112 1
109 32 1
109 106 1
110 133 1
110 306 1
111 108 1
111 219 1
112 105 1
112 264 1
113 1 1
113 157 1
113 468 1
114 107 1
114 315 1
115 170 1
116 11 1
116 198 1
117 499 1
118 470 1
119 416 1
120 372 1
120 414 1
121 188 1
122 157 1
122 357 1
122 454 1
123 241 1
124 10 1
125 67 1
125 294 1
125 370 1
126 23 1
126 481 1
127 256 1
127 510 1
128 421 1
129 199 1
129 422 1
129 478 1
130 97 1
130 326 1
130 332 1
131 11 1
131 198 1
132 10 1
133 134 1
134 286 1
135 192 1
135 303 1
136 63 1
137 209 1
137 428 1
138 27 1
139 90 1
139 320 1
140 8 1
140 412 1
141 154 1
141 219 1
142 142 1
142 205 1
143 493 1
144 266 1
144 338 1
145 240 1
145 288 1
146 7 1
146 497 1
147 44 1
147 444 1
148 185 1
149 282 1
149 367 1
149 465 1
150 19 1
150 246 1
151 97 1
151 153 1
152 77 1
152 462 1
153 326 1
153 333 1
153 492 1
154 141 1
154 178 1
154 443 1
155 283 1
155 389 1
156 181 1
156 214 1
157 35 1
157 113 1
157 122 1
157 485 1
158 56 1
159 254 1
159 294 1
160 58 1
160 71 1
160 290 1
161 20 1
161 273 1
162 43 1
162 385 1
162 466 1
163 210 1
163 211 1
163 322 1
164 251 1
165 171 1
165 203 1
165 420 1
166 29 1
166 194 1
166 235 1
167 352 1
168 404 1
169 38 1
170 115 1
170 214 1
171 165 1
171 212 1
171 229 1
172 203 1
172 500 1
173 281 1
173 376 1
174 4 1
174 235 1
174 307 1
174 479 1
175 364 1
176 175 1
176 177 1
177 175 1
177 438 1
178 469 1
178 498 1
179 19 1
179 371 1
180 24 1
180 26 1
180 464 1
181 156 1
181 214 1
182 14 1
182 275 1
182 449 1
183 25 1
183 185 1
183 251 1
184 65 1
184 203 1
184 483 1
185 148 1
185 183 1
185 186 1
186 26 1
186 185 1
186 252 1
187 10 1
187 324 1
187 461 1
188 395 1
188 411 1
188 474 1
189 38 1
189 46 1
190 128 1
190 287 1
191 202 1
191 204 1
191 361 1
192 4 1
192 17 1
192 135 1
193 6 1
193 505 1
194 166 1
194 210 1
194 307 1
195 490 1
195 501 1
196 9 1
196 310 1
196 450 1
197 441 1
198 47 1
198 116 1
198 309 1
199 49 1
199 129 1
199 378 1
200 69 1
200 78 1
201 90 1
201 139 1
202 191 1
202 354 1
203 165 1
203 172 1
203 184 1
203 307 1
204 191 1
205 142 1
205 309 1
205 328 1
206 391 1
206 448 1
206 472 1
207 92 1
208 53 1
208 201 1
209 137 1
209 374 1
209 428 1
210 163 1
210 194 1
210 211 1
211 100 1
211 163 1
211 210 1
212 171 1
212 420 1
213 445 1
213 488 1
214 156 1
214 170 1
214 181 1
214 503 1
215 93 1
215 220 1
215 315 1
216 3 1
217 310 1
218 437 1
218 459 1
219 111 1
219 141 1
219 301 1
220 15 1
220 18 1
220 215 1
221 324 1
222 426 1
222 477 1
223 91 1
223 226 1
223 296 1
224 427 1
224 493 1
224 503 1
225 244 1
225 302 1
225 435 1
226 223 1
227 8 1
228 385 1
229 171 1
230 256 1
230 473 1
231 56 1
231 336 1
231 443 1
232 93 1
232 315 1
233 70 1
233 126 1
234 76 1
234 168 1
235 29 1
235 166 1
235 174 1
236 277 1
236 317 1
237 407 1
238 152 1
238 362 1
239 409 1
240 41 1
240 145 1
240 271 1
241 123 1
241 269 1
241 305 1
242 253 1
242 436 1
243 6 1
243 13 1
243 102 1
244 16 1
244 225 1
245 95 1
246 19 1
246 79 1
246 150 1
247 230 1
248 418 1
249 269 1
250 239 1
250 325 1
251 25 1
251 164 1
251 183 1
252 39 1
252 101 1
252 186 1
253 281 1
254 159 1
254 314 1
255 21 1
255 486 1
255 504 1
256 452 1
257 290 1
257 335 1
257 412 1
258 340 1
258 429 1
259 73 1
260 86 1
261 437 1
262 360 1
263 173 1
263 265 1
264 112 1
264 269 1
264 384 1
265 68 1
265 104 1
265 263 1
266 144 1
266 372 1
267 268 1
267 311 1
268 267 1
268 425 1
269 241 1
269 264 1
270 2 1
270 410 1
271 147 1
271 444 1
272 28 1
273 283 1
273 389 1
274 336 1
275 182 1
276 177 1
276 438 1
277 317 1
277 463 1
278 238 1
278 277 1
279 359 1
279 395 1
280 297 1
280 318 1
280 449 1
281 350 1
281 506 1
282 149 1
282 367 1
282 415 1
283 268 1
283 311 1
284 151 1
285 405 1
286 291 1
286 387 1
287 502 1
288 349 1
289 504 1
290 160 1
290 257 1
290 453 1
291 234 1
292 145 1
292 271 1
293 89 1
293 419 1
294 125 1
294 159 1
294 384 1
295 101 1
295 432 1
295 464 1
296 223 1
296 335 1
296 459 1
297 280 1
298 262 1
298 440 1
299 423 1
299 451 1
300 176 1
301 219 1
301 357 1
301 485 1
302 292 1
302 450 1
303 135 1
303 386 1
303 493 1
304 213 1
304 457 1
305 241 1
305 249 1
306 31 1
306 110 1
306 405 1
307 174 1
307 194 1
307 203 1
308 75 1
308 345 1
308 361 1
308 477 1
309 116 1
309 205 1
310 196 1
310 217 1
311 155 1
312 75 1
313 94 1
314 254 1
314 370 1
314 433 1
315 114 1
315 215 1
315 232 1
316 1 1
316 193 1
316 485 1
317 146 1
318 280 1
319 237 1
320 46 1
320 139 1
320 397 1
321 323 1
321 337 1
321 499 1
322 29 1
322 163 1
322 327 1
323 321 1
323 334 1
323 337 1
324 187 1
324 221 1
324 338 1
325 406 1
326 97 1
326 153 1
327 100 1
327 322 1
327 449 1
328 205 1
328 419 1
329 44 1
329 492 1
330 82 1
331 92 1
331 339 1
331 415 1
332 130 1
332 333 1
333 329 1
334 323 1
334 342 1
334 347 1
335 88 1
335 257 1
335 296 1
336 231 1
336 274 1
337 347 1
338 144 1
338 324 1
339 94 1
339 331 1
339 470 1
340 42 1
340 258 1
340 416 1
341 250 1
342 334 1
342 353 1
342 358 1
343 507 1
344 173 1
344 348 1
345 308 1
346 467 1
347 358 1
348 265 1
349 103 1
349 134 1
350 344 1
351 414 1
351 491 1
352 167 1
352 356 1
353 342 1
353 363 1
353 369 1
354 99 1
354 202 1
355 356 1
356 57 1
356 352 1
356 355 1
357 301 1
357 417 1
358 369 1
359 80 1
359 411 1
360 365 1
360 393 1
361 191 1
361 308 1
361 385 1
362 20 1
362 273 1
363 353 1
363 373 1
363 375 1
364 158 1
364 469 1
365 360 1
366 179 1
366 371 1
367 149 1
367 282 1
367 446 1
368 489 1
369 375 1
370 125 1
370 314 1
370 430 1
371 392 1
372 120 1
372 266 1
373 363 1
373 377 1
373 381 1
374 209 1
375 381 1
376 200 1
377 373 1
378 35 1
378 199 1
378 430 1
379 399 1
379 422 1
379 433 1
380 253 1
380 376 1
381 390 1
382 434 1
382 436 1
383 443 1
384 264 1
384 294 1
384 417 1
385 162 1
385 228 1
385 361 1
386 303 1
387 74 1
387 476 1
388 496 1
389 152 1
389 362 1
390 76 1
390 377 1
391 9 1
391 206 1
391 472 1
392 260 1
392 262 1
393 394 1
394 366 1
395 279 1
395 487 1
396 259 1
396 408 1
397 320 1
397 461 1
397 508 1
398 73 1
399 12 1
399 249 1
399 379 1
400 248 1
401 83 1
402 128 1
402 285 1
403 454 1
404 240 1
404 288 1
405 103 1
405 133 1
405 306 1
406 121 1
407 398 1
408 270 1
409 325 1
409 406 1
410 396 1
411 80 1
411 474 1
412 140 1
412 257 1
413 455 1
414 120 1
414 351 1
415 282 1
415 331 1
415 464 1
416 32 1
416 119 1
416 340 1
417 67 1
417 357 1
417 384 1
418 402 1
418 421 1
419 293 1
419 328 1
420 165 1
420 212 1
420 509 1
421 287 1
421 400 1
422 12 1
422 129 1
422 379 1
422 494 1
423 45 1
423 299 1
424 27 1
424 28 1
424 62 1
425 319 1
426 222 1
426 441 1
427 224 1
428 47 1
428 137 1
428 209 1
429 258 1
430 370 1
430 378 1
430 494 1
431 25 1
431 82 1
431 491 1
432 99 1
432 295 1
432 441 1
433 314 1
433 379 1
433 494 1
434 380 1
435 98 1
435 225 1
436 242 1
436 434 1
437 89 1
437 218 1
437 261 1
438 247 1
439 45 1
439 299 1
440 382 1
441 197 1
441 426 1
441 432 1
442 486 1
442 489 1
443 154 1
443 231 1
443 383 1
444 53 1
444 201 1
445 131 1
445 304 1
446 367 1
447 92 1
448 206 1
449 182 1
449 280 1
449 327 1
450 196 1
450 244 1
450 302 1
451 127 1
452 423 1
452 451 1
453 290 1
454 67 1
454 122 1
454 403 1
455 278 1
455 463 1
456 500 1
457 87 1
457 88 1
458 213 1
458 457 1
459 218 1
459 296 1
460 84 1
460 154 1
461 43 1
461 187 1
461 397 1
462 77 1
463 497 1
464 180 1
464 295 1
464 415 1
465 149 1
466 162 1
466 467 1
467 346 1
467 466 1
468 35 1
468 113 1
469 300 1
469 498 1
470 94 1
470 118 1
470 339 1
471 121 1
472 206 1
472 391 1
473 471 1
473 510 1
474 247 1
475 93 1
475 232 1
476 72 1
477 75 1
477 222 1
477 308 1
478 49 1
478 129 1
479 174 1
479 480 1
480 14 1
480 23 1
480 481 1
481 300 1
481 482 1
482 233 1
482 475 1
483 184 1
484 99 1
485 157 1
485 301 1
485 316 1
486 49 1
486 255 1
486 442 1
487 96 1
487 279 1
488 24 1
488 81 1
489 368 1
489 442 1
490 195 1
491 351 1
491 431 1
492 66 1
492 153 1
492 284 1
493 143 1
493 224 1
493 303 1
494 422 1
494 430 1
494 433 1
495 68 1
496 47 1
496 68 1
496 388 1
497 74 1
497 413 1
497 455 1
498 482 1
499 7 1
499 74 1
499 321 1
500 65 1
500 172 1
500 456 1
501 350 1
501 506 1
502 216 1
503 17 1
503 214 1
503 224 1
504 255 1
504 289 1
505 193 1
506 57 1
506 85 1
507 95 1
507 343 1
507 508 1
508 95 1
508 397 1
508 507 1
509 420 1
510 341 1
510 471 1
13 41
21 39
76 35
81 13
115 3
116 1
124 10
129 18
155 9
188 44
207 14
231 22
236 37
278 13
280 14
312 2
331 34
370 32
391 7
396 11
498 20
