1115 2574 978 440 25
1 159 1
1 407 1
1 956 1
2 238 1
2 564 1
3 26 1
3 408 1
3 522 1
4 357 1
4 1111 1
5 772 1
5 862 1
5 863 1
6 649 1
6 652 1
6 660 1
6 661 1
7 749 1
7 909 1
7 1101 1
8 199 1
8 632 1
8 966 1
9 529 1
9 1074 1
10 359 1
10 642 1
11 111 1
11 335 1
12 204 1
12 414 1
12 588 1
13 22 1
13 74 1
13 851 1
14 672 1
14 783 1
14 820 1
15 16 1
15 256 1
15 440 1
16 15 1
16 1096 1
16 1113 1
17 198 1
17 512 1
17 764 1
18 237 1
18 248 1
18 392 1
19 240 1
19 659 1
19 1062 1
20 391 1
20 399 1
21 1025 1
22 13 1
23 568 1
24 407 1
24 986 1
25 260 1
25 1018 1
26 3 1
26 525 1
26 718 1
27 49 1
27 555 1
28 117 1
28 177 1
28 555 1
28 587 1
29 32 1
29 230 1
29 818 1
30 524 1
30 572 1
30 846 1
31 280 1
31 872 1
31 898 1
32 29 1
32 283 1
32 1103 1
33 282 1
33 622 1
34 366 1
34 719 1
34 829 1
34 849 1
35 437 1
35 484 1
36 642 1
37 301 1
37 697 1
37 818 1
38 235 1
38 472 1
38 845 1
39 735 1
39 964 1
40 136 1
41 899 1
41 1069 1
42 787 1
42 810 1
43 136 1
43 703 1
44 593 1
44 640 1
44 955 1
45 46 1
45 298 1
45 901 1
46 45 1
46 702 1
46 978 1
47 412 1
47 535 1
48 112 1
48 116 1
49 27 1
49 528 1
49 831 1
50 857 1
50 864 1
50 887 1
51 299 1
51 856 1
52 534 1
52 645 1
52 775 1
53 97 1
53 297 1
53 553 1
54 803 1
55 803 1
56 741 1
56 1040 1
57 313 1
57 594 1
57 748 1
58 180 1
58 1075 1
59 87 1
59 206 1
59 883 1
60 162 1
60 748 1
61 908 1
61 1088 1
62 163 1
62 691 1
62 1099 1
63 66 1
64 223 1
64 473 1
65 79 1
65 356 1
66 63 1
66 68 1
66 699 1
67 173 1
67 1076 1
68 66 1
68 235 1
68 424 1
69 802 1
70 773 1
70 1051 1
71 324 1
71 937 1
72 124 1
72 125 1
72 144 1
72 1001 1
73 246 1
73 248 1
73 1005 1
74 13 1
74 1105 1
75 77 1
76 78 1
76 582 1
77 80 1
78 85 1
78 279 1
78 284 1
79 65 1
79 216 1
80 357 1
81 83 1
81 253 1
81 977 1
82 322 1
82 737 1
83 81 1
84 85 1
84 279 1
84 877 1
85 84 1
85 88 1
86 122 1
86 817 1
87 59 1
88 84 1
88 237 1
89 295 1
89 402 1
89 1034 1
90 35 1
90 612 1
90 882 1
91 204 1
91 713 1
91 952 1
92 160 1
92 490 1
92 904 1
92 918 1
93 506 1
93 613 1
93 954 1
94 363 1
94 616 1
94 711 1
95 108 1
95 811 1
95 813 1
96 827 1
96 911 1
97 53 1
97 545 1
97 983 1
98 259 1
98 904 1
99 786 1
99 924 1
100 470 1
100 684 1
101 550 1
101 602 1
102 675 1
103 109 1
103 504 1
104 107 1
104 827 1
105 86 1
106 307 1
107 104 1
107 664 1
108 95 1
108 646 1
108 914 1
109 320 1
109 504 1
110 105 1
110 903 1
111 11 1
112 320 1
112 907 1
113 48 1
113 112 1
114 802 1
115 655 1
115 661 1
116 117 1
116 907 1
117 28 1
117 116 1
117 281 1
117 944 1
118 520 1
118 945 1
118 949 1
119 969 1
120 457 1
120 543 1
120 580 1
121 217 1
121 614 1
121 954 1
122 325 1
122 1030 1
123 821 1
123 1040 1
124 72 1
124 246 1
124 1003 1
125 72 1
125 144 1
125 446 1
125 1000 1
126 127 1
126 1015 1
127 1015 1
127 1050 1
128 285 1
128 403 1
129 130 1
129 190 1
129 361 1
130 129 1
130 131 1
130 190 1
131 130 1
131 241 1
131 1028 1
132 278 1
132 427 1
132 471 1
132 594 1
133 286 1
133 303 1
134 976 1
134 1087 1
135 143 1
135 501 1
136 40 1
136 43 1
136 393 1
137 784 1
138 448 1
138 723 1
139 656 1
140 140 1
140 218 1
141 215 1
141 890 1
141 1035 1
142 135 1
142 143 1
143 142 1
143 621 1
144 72 1
144 125 1
144 446 1
145 178 1
145 316 1
145 347 1
146 287 1
146 422 1
146 793 1
147 248 1
147 387 1
147 394 1
148 163 1
148 691 1
149 405 1
149 411 1
150 151 1
150 153 1
151 193 1
151 244 1
151 332 1
152 193 1
152 592 1
153 154 1
154 110 1
154 157 1
155 667 1
155 680 1
155 681 1
156 153 1
156 191 1
157 45 1
157 156 1
158 841 1
159 1 1
159 624 1
159 990 1
160 92 1
160 345 1
160 379 1
161 590 1
161 877 1
162 251 1
162 438 1
163 1032 1
163 1099 1
164 166 1
164 592 1
165 597 1
165 1079 1
166 447 1
167 488 1
168 466 1
168 685 1
169 581 1
169 1002 1
169 1085 1
170 388 1
170 1089 1
171 338 1
171 354 1
172 1098 1
173 67 1
173 556 1
173 798 1
174 522 1
174 718 1
174 742 1
175 280 1
175 287 1
175 842 1
176 776 1
176 816 1
176 1074 1
177 28 1
177 181 1
177 991 1
178 145 1
178 912 1
178 962 1
179 183 1
179 725 1
179 991 1
180 58 1
180 896 1
180 897 1
181 177 1
181 725 1
181 991 1
182 58 1
182 1075 1
183 179 1
183 184 1
183 555 1
184 183 1
184 531 1
184 725 1
185 208 1
185 954 1
185 999 1
186 209 1
186 643 1
186 839 1
187 187 1
187 842 1
188 285 1
189 714 1
190 129 1
190 130 1
190 523 1
191 151 1
191 332 1
192 731 1
192 943 1
192 986 1
193 244 1
193 669 1
194 524 1
195 537 1
195 775 1
195 834 1
196 629 1
196 737 1
197 452 1
197 464 1
197 737 1
198 17 1
198 315 1
198 507 1
198 995 1
199 8 1
199 409 1
199 678 1
199 722 1
200 596 1
200 1033 1
201 343 1
201 402 1
201 1082 1
202 877 1
202 1031 1
202 1086 1
203 582 1
203 923 1
203 1086 1
204 12 1
204 91 1
204 521 1
205 751 1
206 59 1
207 515 1
207 864 1
207 887 1
208 185 1
208 613 1
208 1034 1
209 186 1
209 837 1
209 999 1
210 678 1
210 722 1
210 724 1
211 294 1
211 969 1
211 1057 1
212 378 1
212 926 1
212 979 1
213 265 1
213 1019 1
214 599 1
215 141 1
215 301 1
215 780 1
216 79 1
217 121 1
218 140 1
218 219 1
218 461 1
219 218 1
219 762 1
220 214 1
220 866 1
221 278 1
221 1024 1
222 511 1
223 64 1
223 526 1
223 1026 1
224 139 1
224 669 1
225 573 1
226 920 1
227 56 1
227 226 1
228 1025 1
229 377 1
229 919 1
229 1088 1
230 29 1
231 957 1
231 958 1
232 417 1
232 631 1
232 1067 1
233 232 1
233 260 1
233 398 1
234 1105 1
235 38 1
235 68 1
235 477 1
236 540 1
237 18 1
237 88 1
237 927 1
238 2 1
238 316 1
238 347 1
239 379 1
239 812 1
239 841 1
240 417 1
240 1067 1
241 856 1
241 857 1
242 249 1
242 250 1
242 973 1
243 436 1
243 530 1
243 778 1
244 150 1
244 245 1
244 621 1
245 760 1
245 1010 1
246 73 1
246 124 1
246 446 1
247 755 1
247 756 1
247 1009 1
248 18 1
248 73 1
248 147 1
248 590 1
249 242 1
249 442 1
249 751 1
250 242 1
250 282 1
250 751 1
251 438 1
251 892 1
251 961 1
252 253 1
252 746 1
252 977 1
253 81 1
253 252 1
253 254 1
254 253 1
254 256 1
255 463 1
255 672 1
255 820 1
256 15 1
256 254 1
257 638 1
257 953 1
257 984 1
258 96 1
258 911 1
259 258 1
260 25 1
260 233 1
260 741 1
261 1098 1
262 547 1
262 772 1
262 955 1
263 263 1
263 868 1
264 733 1
264 847 1
264 1089 1
265 213 1
265 766 1
265 836 1
266 400 1
266 570 1
266 733 1
267 455 1
267 569 1
267 854 1
267 1068 1
268 610 1
268 922 1
268 1114 1
269 449 1
270 650 1
270 910 1
271 317 1
271 605 1
271 626 1
272 612 1
273 682 1
274 516 1
274 821 1
275 821 1
275 1007 1
276 628 1
277 368 1
278 132 1
278 221 1
278 523 1
278 843 1
279 76 1
279 78 1
279 1086 1
280 31 1
280 175 1
281 117 1
281 742 1
281 1042 1
282 33 1
282 250 1
282 973 1
283 32 1
283 270 1
283 500 1
284 78 1
284 728 1
284 895 1
285 128 1
285 188 1
285 286 1
286 133 1
286 285 1
287 146 1
287 175 1
287 872 1
288 367 1
288 517 1
288 773 1
289 752 1
289 975 1
290 367 1
290 721 1
290 752 1
291 547 1
291 772 1
291 835 1
292 381 1
292 568 1
292 870 1
293 341 1
293 536 1
293 537 1
293 978 1
294 211 1
295 89 1
295 343 1
295 745 1
296 544 1
296 745 1
296 983 1
297 53 1
297 814 1
297 837 1
298 45 1
298 788 1
298 812 1
299 51 1
299 721 1
300 418 1
300 696 1
300 1052 1
301 37 1
301 215 1
301 883 1
302 133 1
302 303 1
302 675 1
303 623 1
303 683 1
304 617 1
305 302 1
305 309 1
305 674 1
306 387 1
306 401 1
306 678 1
307 106 1
307 1041 1
308 603 1
308 607 1
308 939 1
309 305 1
309 653 1
310 488 1
310 562 1
310 603 1
311 314 1
311 648 1
311 965 1
312 438 1
312 451 1
313 57 1
313 435 1
313 566 1
314 311 1
314 468 1
315 198 1
315 595 1
315 836 1
315 880 1
316 145 1
316 238 1
316 894 1
317 271 1
318 513 1
319 729 1
319 1038 1
320 113 1
320 934 1
320 936 1
321 955 1
322 82 1
323 458 1
324 71 1
324 270 1
325 126 1
325 326 1
325 906 1
326 86 1
326 325 1
326 936 1
327 182 1
328 383 1
328 533 1
328 754 1
329 327 1
330 331 1
330 905 1
330 1020 1
331 330 1
332 152 1
333 333 1
333 747 1
334 353 1
334 800 1
334 810 1
335 11 1
335 1008 1
336 11 1
336 111 1
337 345 1
338 171 1
338 371 1
338 663 1
339 340 1
340 339 1
340 342 1
340 841 1
341 293 1
341 794 1
341 978 1
342 340 1
342 344 1
342 345 1
343 201 1
343 295 1
343 459 1
344 342 1
345 160 1
345 337 1
345 342 1
346 391 1
346 964 1
347 145 1
347 238 1
347 348 1
348 347 1
349 705 1
349 808 1
350 771 1
351 476 1
351 514 1
352 890 1
353 334 1
353 1022 1
354 171 1
355 899 1
356 65 1
356 749 1
357 4 1
357 648 1
358 360 1
358 424 1
358 981 1
359 10 1
359 873 1
359 1112 1
360 358 1
361 129 1
361 633 1
361 850 1
362 370 1
362 415 1
362 529 1
363 94 1
363 639 1
364 614 1
365 366 1
366 34 1
366 365 1
366 671 1
367 288 1
367 290 1
367 848 1
368 277 1
368 384 1
368 1016 1
369 791 1
369 998 1
370 362 1
370 1103 1
371 338 1
371 374 1
372 716 1
372 759 1
372 1051 1
373 445 1
373 731 1
374 371 1
374 871 1
375 1038 1
376 413 1
376 868 1
376 980 1
377 229 1
377 780 1
377 818 1
378 212 1
379 160 1
379 239 1
379 993 1
380 1004 1
381 381 1
381 292 1
382 520 1
382 1061 1
382 1108 1
383 328 1
384 368 1
384 783 1
384 867 1
385 895 1
386 369 1
386 380 1
386 781 1
387 147 1
387 306 1
388 820 1
388 867 1
389 395 1
389 1061 1
390 148 1
390 949 1
390 1032 1
391 20 1
391 346 1
392 18 1
392 448 1
393 99 1
393 136 1
393 412 1
394 147 1
394 397 1
395 41 1
395 556 1
396 508 1
396 988 1
397 392 1
397 448 1
398 227 1
398 233 1
399 266 1
399 400 1
400 404 1
400 406 1
401 306 1
401 409 1
402 201 1
402 613 1
403 20 1
403 399 1
404 128 1
404 403 1
405 401 1
405 409 1
405 446 1
406 404 1
406 869 1
407 1 1
407 24 1
408 3 1
408 525 1
408 719 1
409 149 1
409 199 1
409 405 1
410 959 1
410 960 1
411 149 1
411 168 1
411 685 1
412 924 1
412 979 1
413 376 1
414 12 1
414 720 1
415 362 1
415 565 1
416 420 1
416 861 1
417 233 1
417 260 1
418 300 1
418 481 1
418 666 1
418 951 1
419 816 1
420 416 1
420 1113 1
421 33 1
421 982 1
422 146 1
422 609 1
423 482 1
423 513 1
424 68 1
424 358 1
424 634 1
425 670 1
425 671 1
425 980 1
426 219 1
426 461 1
427 132 1
427 1044 1
428 425 1
428 1017 1
429 649 1
429 660 1
429 834 1
429 1049 1
430 637 1
430 871 1
431 712 1
432 788 1
432 812 1
432 838 1
433 481 1
433 666 1
433 838 1
434 631 1
435 313 1
435 427 1
436 243 1
436 816 1
437 35 1
438 162 1
438 312 1
438 430 1
439 742 1
440 15 1
440 686 1
441 164 1
441 573 1
442 249 1
442 1096 1
443 1073 1
444 686 1
444 952 1
445 441 1
446 125 1
446 144 1
446 246 1
446 405 1
447 373 1
447 990 1
448 138 1
448 394 1
448 397 1
449 269 1
449 798 1
449 828 1
450 942 1
450 972 1
451 312 1
452 197 1
452 453 1
452 724 1
453 452 1
454 464 1
455 496 1
455 806 1
456 457 1
456 542 1
456 837 1
457 120 1
457 456 1
457 839 1
458 323 1
458 817 1
458 1057 1
459 343 1
459 462 1
460 226 1
460 1084 1
461 480 1
461 483 1
462 479 1
462 552 1
463 255 1
463 739 1
463 932 1
464 197 1
464 454 1
464 723 1
465 466 1
465 765 1
465 921 1
466 231 1
466 465 1
466 958 1
466 959 1
467 410 1
467 958 1
467 998 1
468 214 1
468 220 1
468 314 1
468 1108 1
469 1062 1
470 667 1
470 827 1
471 132 1
471 523 1
471 594 1
471 850 1
472 38 1
472 478 1
473 64 1
473 843 1
474 459 1
474 1053 1
475 469 1
475 1063 1
476 351 1
476 509 1
476 766 1
477 235 1
477 472 1
478 475 1
478 1064 1
479 474 1
479 1074 1
480 1033 1
480 1039 1
481 418 1
481 433 1
481 788 1
482 1065 1
482 1112 1
483 222 1
483 480 1
484 35 1
484 612 1
484 740 1
485 705 1
485 753 1
486 489 1
486 491 1
487 892 1
487 932 1
488 167 1
488 276 1
488 310 1
489 486 1
489 1047 1
490 92 1
490 1088 1
491 1070 1
492 578 1
492 1070 1
493 492 1
493 655 1
494 657 1
494 661 1
494 679 1
495 496 1
496 129 1
496 495 1
497 890 1
497 931 1
497 1035 1
498 499 1
499 498 1
499 502 1
499 1014 1
500 283 1
500 618 1
500 697 1
501 135 1
502 499 1
503 567 1
503 589 1
503 674 1
504 423 1
505 521 1
505 1081 1
506 510 1
506 1017 1
507 198 1
507 836 1
507 1083 1
508 819 1
508 996 1
509 200 1
509 694 1
510 506 1
510 688 1
510 690 1
511 222 1
511 875 1
512 17 1
512 994 1
512 995 1
513 318 1
513 946 1
514 351 1
515 207 1
515 519 1
515 1028 1
516 274 1
516 443 1
517 288 1
517 732 1
518 709 1
518 809 1
519 515 1
519 976 1
519 1029 1
520 118 1
520 382 1
520 668 1
520 882 1
521 204 1
521 505 1
521 584 1
521 1063 1
522 3 1
522 174 1
522 718 1
523 190 1
523 278 1
523 471 1
524 30 1
524 194 1
524 547 1
525 26 1
525 408 1
525 829 1
526 223 1
526 757 1
527 699 1
527 845 1
527 973 1
528 49 1
528 555 1
528 577 1
529 9 1
529 362 1
529 815 1
529 1115 1
530 243 1
530 776 1
531 184 1
532 639 1
532 1076 1
533 486 1
533 1047 1
534 52 1
534 571 1
534 636 1
535 47 1
535 380 1
535 386 1
536 293 1
536 571 1
536 775 1
536 794 1
537 195 1
537 293 1
537 658 1
538 969 1
539 736 1
539 888 1
540 236 1
540 541 1
541 540 1
541 1071 1
542 456 1
543 120 1
543 553 1
543 828 1
544 296 1
544 552 1
544 727 1
545 97 1
545 795 1
546 487 1
546 892 1
547 262 1
547 291 1
547 524 1
548 460 1
548 1109 1
549 603 1
549 879 1
550 604 1
550 1060 1
551 831 1
552 462 1
552 544 1
552 745 1
553 543 1
553 545 1
553 985 1
554 414 1
554 720 1
555 28 1
555 183 1
555 528 1
556 173 1
556 801 1
557 558 1
557 862 1
557 1091 1
558 557 1
558 559 1
558 1091 1
559 558 1
559 563 1
559 620 1
560 19 1
560 659 1
560 1018 1
561 1041 1
562 310 1
563 559 1
563 606 1
564 2 1
565 61 1
565 908 1
566 313 1
566 896 1
567 503 1
567 675 1
568 23 1
568 292 1
568 1046 1
569 267 1
570 847 1
571 534 1
571 536 1
571 617 1
572 30 1
572 859 1
572 860 1
573 225 1
573 441 1
573 647 1
574 575 1
574 885 1
575 586 1
576 849 1
576 994 1
576 1092 1
577 528 1
577 595 1
577 596 1
577 831 1
578 489 1
578 492 1
579 814 1
579 999 1
579 1034 1
580 120 1
580 803 1
580 1036 1
581 951 1
581 1052 1
582 76 1
582 203 1
582 653 1
583 688 1
584 521 1
585 574 1
586 881 1
587 28 1
588 12 1
588 782 1
588 1064 1
589 286 1
589 503 1
590 161 1
590 248 1
590 1005 1
591 1048 1
592 152 1
592 166 1
593 44 1
593 620 1
593 862 1
594 57 1
594 132 1
594 471 1
595 315 1
595 577 1
595 694 1
595 1092 1
596 200 1
596 577 1
596 694 1
597 633 1
597 852 1
598 623 1
599 382 1
599 715 1
600 976 1
600 1102 1
601 708 1
601 826 1
602 101 1
602 604 1
602 939 1
603 308 1
603 310 1
604 550 1
604 602 1
604 607 1
605 271 1
605 1022 1
606 563 1
606 611 1
607 604 1
607 1060 1
608 270 1
608 324 1
609 830 1
610 268 1
610 921 1
611 606 1
611 790 1
611 826 1
612 90 1
612 272 1
612 484 1
613 93 1
613 208 1
613 402 1
614 121 1
614 364 1
614 763 1
615 628 1
616 94 1
616 711 1
616 940 1
617 304 1
617 571 1
617 790 1
618 71 1
618 500 1
619 766 1
620 559 1
620 593 1
621 244 1
621 625 1
621 644 1
622 33 1
622 699 1
622 717 1
623 598 1
623 683 1
623 823 1
624 159 1
624 630 1
625 142 1
625 621 1
626 271 1
627 231 1
627 957 1
628 549 1
628 615 1
629 196 1
629 963 1
630 624 1
630 956 1
631 434 1
631 714 1
632 792 1
632 922 1
633 361 1
633 495 1
633 1027 1
634 421 1
634 424 1
634 984 1
635 636 1
635 677 1
635 1070 1
636 534 1
636 635 1
636 641 1
637 60 1
637 430 1
637 1048 1
638 257 1
638 717 1
638 982 1
639 363 1
639 436 1
639 532 1
640 44 1
641 636 1
641 645 1
641 652 1
642 10 1
642 36 1
642 842 1
643 186 1
644 139 1
644 224 1
645 52 1
645 641 1
645 649 1
646 4 1
646 108 1
646 648 1
647 573 1
648 311 1
648 646 1
649 6 1
649 429 1
649 645 1
649 1049 1
650 910 1
650 1115 1
651 1022 1
652 6 1
652 641 1
652 655 1
653 309 1
653 582 1
653 1031 1
654 728 1
654 895 1
655 115 1
655 493 1
655 652 1
655 657 1
656 625 1
656 644 1
657 494 1
657 655 1
657 992 1
658 537 1
658 662 1
658 665 1
658 834 1
659 560 1
659 701 1
659 825 1
660 6 1
660 429 1
660 665 1
661 6 1
661 115 1
661 494 1
661 664 1
662 658 1
662 665 1
662 978 1
663 338 1
663 701 1
664 107 1
664 661 1
664 667 1
665 658 1
665 660 1
665 662 1
665 827 1
666 418 1
666 433 1
666 840 1
667 155 1
667 664 1
668 520 1
668 785 1
668 940 1
669 224 1
669 244 1
670 425 1
670 428 1
670 764 1
671 366 1
671 670 1
672 14 1
672 255 1
673 679 1
673 992 1
674 305 1
674 503 1
675 102 1
675 302 1
675 567 1
676 957 1
676 1078 1
677 491 1
677 635 1
678 199 1
678 210 1
678 306 1
679 494 1
679 673 1
679 680 1
679 687 1
680 155 1
680 679 1
680 689 1
681 155 1
681 682 1
681 693 1
682 273 1
682 681 1
682 684 1
682 695 1
683 302 1
683 305 1
684 100 1
684 682 1
685 792 1
686 440 1
686 444 1
686 1051 1
687 679 1
687 689 1
688 510 1
688 583 1
688 878 1
689 680 1
689 687 1
689 693 1
690 510 1
690 738 1
690 878 1
691 137 1
692 994 1
693 681 1
693 689 1
693 695 1
694 509 1
694 595 1
694 596 1
694 836 1
695 682 1
695 693 1
696 300 1
697 37 1
697 500 1
697 883 1
698 964 1
699 66 1
699 527 1
699 622 1
700 980 1
701 469 1
701 659 1
701 1063 1
702 156 1
702 846 1
703 43 1
703 704 1
704 703 1
704 893 1
705 349 1
705 485 1
705 832 1
706 962 1
707 839 1
708 601 1
709 1054 1
710 530 1
711 710 1
712 431 1
712 1007 1
712 1084 1
713 91 1
714 189 1
714 631 1
714 1067 1
714 1090 1
715 599 1
716 372 1
717 622 1
717 638 1
717 953 1
718 26 1
718 174 1
718 522 1
718 829 1
719 27 1
719 34 1
719 408 1
719 944 1
720 442 1
720 554 1
720 782 1
721 299 1
721 975 1
722 199 1
722 210 1
722 963 1
723 138 1
723 464 1
723 724 1
724 210 1
724 452 1
724 723 1
725 179 1
725 181 1
725 184 1
726 915 1
726 928 1
726 929 1
727 544 1
727 816 1
727 983 1
728 284 1
728 654 1
728 823 1
729 734 1
729 809 1
729 900 1
730 823 1
731 192 1
731 445 1
732 267 1
732 854 1
732 856 1
733 264 1
733 266 1
733 570 1
734 518 1
735 39 1
735 736 1
736 539 1
736 735 1
737 82 1
737 196 1
737 197 1
738 690 1
739 463 1
740 484 1
741 56 1
741 233 1
742 174 1
742 281 1
742 439 1
743 914 1
743 1109 1
744 765 1
745 295 1
745 296 1
745 552 1
745 814 1
746 252 1
746 768 1
747 333 1
747 990 1
748 57 1
748 60 1
748 850 1
749 7 1
749 356 1
749 888 1
750 977 1
751 205 1
751 249 1
751 250 1
752 289 1
752 290 1
753 485 1
753 769 1
754 328 1
755 396 1
756 247 1
756 755 1
756 974 1
757 526 1
758 247 1
758 1009 1
759 372 1
760 247 1
760 756 1
761 762 1
762 761 1
762 874 1
763 614 1
764 17 1
764 1083 1
765 465 1
765 627 1
765 744 1
766 265 1
766 476 1
766 619 1
767 770 1
767 799 1
767 853 1
768 746 1
768 1071 1
769 349 1
769 808 1
770 767 1
770 884 1
771 350 1
771 809 1
771 917 1
772 5 1
772 262 1
772 291 1
773 288 1
773 952 1
774 753 1
775 52 1
775 195 1
775 536 1
775 1049 1
776 1006 1
777 797 1
777 985 1
778 363 1
778 710 1
779 898 1
780 215 1
780 377 1
780 1011 1
781 386 1
781 789 1
781 810 1
782 588 1
782 720 1
782 845 1
783 14 1
783 384 1
784 786 1
785 945 1
785 950 1
786 40 1
786 99 1
786 784 1
787 781 1
787 1032 1
788 298 1
788 432 1
788 481 1
789 386 1
789 791 1
790 611 1
790 617 1
790 794 1
791 369 1
791 807 1
792 921 1
793 146 1
793 872 1
793 898 1
794 341 1
794 536 1
794 790 1
795 419 1
795 545 1
796 985 1
797 67 1
798 173 1
798 449 1
798 1055 1
799 767 1
800 390 1
800 950 1
801 355 1
801 1036 1
802 69 1
802 114 1
802 804 1
802 1071 1
803 54 1
803 55 1
803 580 1
804 802 1
805 1077 1
805 1079 1
806 455 1
806 1079 1
807 789 1
807 791 1
807 810 1
808 865 1
809 709 1
809 729 1
809 771 1
810 42 1
810 334 1
810 781 1
810 807 1
811 95 1
811 813 1
811 933 1
812 239 1
812 298 1
812 432 1
813 511 1
814 297 1
814 579 1
814 745 1
815 529 1
815 1085 1
816 176 1
816 436 1
816 727 1
817 122 1
817 458 1
818 29 1
818 37 1
818 377 1
819 770 1
820 14 1
820 255 1
820 388 1
821 275 1
821 1040 1
822 774 1
822 1087 1
823 623 1
823 728 1
823 730 1
824 608 1
824 1006 1
825 560 1
825 942 1
826 601 1
826 611 1
827 96 1
827 104 1
827 470 1
827 665 1
828 449 1
828 543 1
828 833 1
829 34 1
829 525 1
829 718 1
830 232 1
830 398 1
831 49 1
831 551 1
831 577 1
831 849 1
832 705 1
833 828 1
834 195 1
834 429 1
834 658 1
835 291 1
836 265 1
836 315 1
836 507 1
836 694 1
837 209 1
837 297 1
837 456 1
838 432 1
838 433 1
838 840 1
839 186 1
839 457 1
839 707 1
840 666 1
840 838 1
840 993 1
841 158 1
841 239 1
841 340 1
842 175 1
842 187 1
842 642 1
843 278 1
843 473 1
844 860 1
845 38 1
845 527 1
845 782 1
846 30 1
846 878 1
847 170 1
848 367 1
848 885 1
848 1014 1
849 34 1
849 576 1
849 831 1
850 361 1
850 471 1
850 748 1
850 1021 1
851 13 1
851 1012 1
851 1106 1
852 871 1
852 913 1
853 891 1
853 996 1
854 517 1
854 732 1
855 822 1
856 51 1
856 241 1
856 732 1
857 50 1
857 241 1
857 1102 1
858 51 1
858 1102 1
859 572 1
860 572 1
860 844 1
861 416 1
862 5 1
862 557 1
862 593 1
863 5 1
864 50 1
864 207 1
864 1028 1
865 855 1
865 889 1
866 220 1
866 314 1
866 965 1
867 384 1
867 388 1
867 1016 1
868 263 1
868 376 1
868 1098 1
869 406 1
869 870 1
870 292 1
870 869 1
871 165 1
871 374 1
871 597 1
872 31 1
872 287 1
872 793 1
873 359 1
874 113 1
874 934 1
875 218 1
875 874 1
876 585 1
877 161 1
877 202 1
878 688 1
878 690 1
878 846 1
879 549 1
880 315 1
880 995 1
880 1092 1
881 876 1
882 90 1
882 520 1
882 948 1
882 967 1
883 59 1
883 301 1
883 697 1
884 335 1
884 1008 1
885 575 1
885 848 1
886 1010 1
886 1105 1
886 1106 1
887 50 1
887 207 1
887 1102 1
888 539 1
888 749 1
889 855 1
890 141 1
890 352 1
890 497 1
891 758 1
892 251 1
892 487 1
893 216 1
893 704 1
894 316 1
894 1013 1
895 284 1
895 385 1
895 654 1
896 180 1
896 566 1
897 180 1
897 896 1
897 961 1
898 31 1
898 779 1
898 793 1
899 1019 1
899 1093 1
900 375 1
900 902 1
901 98 1
901 259 1
902 734 1
902 900 1
902 905 1
903 105 1
903 936 1
904 92 1
904 98 1
904 928 1
905 330 1
905 902 1
905 906 1
906 325 1
906 905 1
906 1030 1
907 157 1
907 903 1
908 415 1
908 565 1
908 1085 1
909 7 1
910 608 1
910 824 1
911 46 1
911 901 1
912 178 1
913 637 1
914 95 1
914 108 1
914 920 1
915 726 1
915 918 1
915 930 1
916 918 1
916 919 1
916 931 1
917 771 1
918 92 1
918 915 1
918 916 1
919 229 1
919 916 1
919 1011 1
920 609 1
920 811 1
920 914 1
921 465 1
921 610 1
922 268 1
923 203 1
924 62 1
925 925 1
925 956 1
926 212 1
927 237 1
928 726 1
928 904 1
928 929 1
929 726 1
929 928 1
929 930 1
930 915 1
930 929 1
930 931 1
931 497 1
931 916 1
931 930 1
932 463 1
932 487 1
933 811 1
933 875 1
933 934 1
934 320 1
934 482 1
934 933 1
935 940 1
936 109 1
936 320 1
936 326 1
937 935 1
937 938 1
938 785 1
938 935 1
939 308 1
939 602 1
939 942 1
940 616 1
940 668 1
940 1059 1
941 943 1
942 450 1
942 825 1
942 939 1
943 192 1
943 941 1
944 117 1
944 719 1
945 118 1
945 949 1
945 950 1
946 513 1
946 962 1
946 1050 1
947 1095 1
948 882 1
948 947 1
949 118 1
949 390 1
949 947 1
950 618 1
950 938 1
951 418 1
951 581 1
951 1002 1
952 91 1
952 444 1
952 773 1
953 257 1
953 717 1
953 1025 1
954 93 1
954 121 1
954 185 1
955 44 1
955 262 1
955 321 1
956 1 1
956 630 1
956 925 1
957 676 1
957 958 1
958 467 1
958 959 1
959 168 1
959 466 1
959 960 1
960 411 1
961 546 1
961 897 1
962 178 1
962 706 1
962 946 1
963 629 1
963 722 1
963 966 1
964 39 1
964 346 1
964 698 1
965 866 1
965 1056 1
965 1109 1
966 8 1
966 963 1
967 882 1
968 351 1
968 1033 1
969 119 1
969 211 1
969 538 1
970 1093 1
971 974 1
972 450 1
973 242 1
973 282 1
973 527 1
974 756 1
974 971 1
975 289 1
975 721 1
976 134 1
976 519 1
976 600 1
977 81 1
977 252 1
977 750 1
978 46 1
978 293 1
978 341 1
978 662 1
979 212 1
979 412 1
979 1037 1
979 1043 1
980 376 1
980 425 1
980 700 1
981 358 1
982 421 1
982 638 1
982 984 1
983 97 1
983 296 1
983 727 1
984 257 1
984 634 1
984 982 1
985 553 1
985 777 1
985 796 1
986 24 1
986 192 1
987 334 1
987 353 1
987 807 1
988 989 1
989 988 1
989 1058 1
990 159 1
990 447 1
990 747 1
991 177 1
991 179 1
991 181 1
992 657 1
992 673 1
992 1045 1
993 379 1
993 840 1
993 1002 1
994 512 1
994 576 1
994 692 1
995 198 1
995 512 1
995 880 1
996 396 1
996 891 1
997 330 1
997 336 1
998 467 1
998 987 1
999 185 1
999 209 1
999 579 1
1000 125 1
1000 1001 1
1001 72 1
1001 1000 1
1001 1003 1
1002 169 1
1002 951 1
1002 993 1
1003 124 1
1003 1001 1
1003 1005 1
1004 47 1
1004 386 1
1004 1043 1
1005 73 1
1005 590 1
1005 1003 1
1006 9 1
1006 776 1
1006 824 1
1007 516 1
1007 712 1
1008 335 1
1008 1020 1
1009 1010 1
1010 245 1
1010 886 1
1010 1012 1
1011 780 1
1011 919 1
1011 1035 1
1012 150 1
1012 851 1
1013 126 1
1013 894 1
1014 499 1
1014 848 1
1015 103 1
1015 326 1
1016 368 1
1016 867 1
1016 1089 1
1017 93 1
1017 428 1
1017 506 1
1018 25 1
1018 560 1
1019 968 1
1019 970 1
1020 1023 1
1021 913 1
1021 1048 1
1022 353 1
1022 605 1
1022 651 1
1023 375 1
1023 902 1
1024 221 1
1024 1094 1
1025 21 1
1025 228 1
1025 953 1
1026 223 1
1026 1029 1
1026 1094 1
1027 852 1
1027 913 1
1028 131 1
1028 515 1
1028 864 1
1028 1094 1
1029 519 1
1029 1026 1
1030 997 1
1031 202 1
1031 653 1
1032 390 1
1032 787 1
1032 800 1
1033 200 1
1033 426 1
1033 480 1
1034 89 1
1034 208 1
1034 579 1
1035 141 1
1035 497 1
1035 1011 1
1036 355 1
1036 580 1
1037 979 1
1038 319 1
1039 968 1
1039 970 1
1040 56 1
1040 106 1
1040 123 1
1040 821 1
1041 123 1
1041 561 1
1042 281 1
1043 979 1
1043 1004 1
1043 1101 1
1044 427 1
1044 435 1
1045 992 1
1046 568 1
1046 1097 1
1047 383 1
1047 489 1
1047 533 1
1048 591 1
1048 637 1
1048 1021 1
1049 429 1
1049 649 1
1049 775 1
1050 127 1
1050 894 1
1050 946 1
1051 70 1
1051 372 1
1051 686 1
1052 300 1
1052 1053 1
1053 474 1
1053 815 1
1053 1052 1
1054 906 1
1054 1013 1
1055 798 1
1056 548 1
1056 1066 1
1057 211 1
1057 458 1
1058 508 1
1058 819 1
1059 395 1
1060 615 1
1061 668 1
1061 1059 1
1062 19 1
1062 477 1
1063 521 1
1063 663 1
1063 701 1
1064 475 1
1064 588 1
1065 422 1
1065 933 1
1066 866 1
1066 1056 1
1066 1072 1
1067 19 1
1067 240 1
1067 714 1
1068 267 1
1068 1080 1
1069 389 1
1069 468 1
1070 492 1
1070 493 1
1070 635 1
1071 541 1
1071 768 1
1071 802 1
1072 1066 1
1072 1073 1
1073 443 1
1073 712 1
1073 1072 1
1074 176 1
1074 479 1
1075 329 1
1076 67 1
1076 532 1
1077 505 1
1077 1081 1
1078 676 1
1079 165 1
1079 805 1
1080 805 1
1080 1077 1
1081 1068 1
1081 1080 1
1082 1082 1
1082 201 1
1083 213 1
1083 507 1
1084 460 1
1084 712 1
1084 1072 1
1085 169 1
1085 908 1
1086 202 1
1086 203 1
1086 279 1
1087 134 1
1087 774 1
1088 61 1
1088 229 1
1088 490 1
1089 170 1
1089 264 1
1089 277 1
1089 1016 1
1090 714 1
1091 557 1
1091 558 1
1092 576 1
1092 595 1
1092 880 1
1093 1069 1
1094 1024 1
1094 1026 1
1094 1028 1
1095 137 1
1095 148 1
1096 16 1
1096 442 1
1096 554 1
1097 1046 1
1098 172 1
1098 261 1
1098 868 1
1099 535 1
1100 75 1
1101 7 1
1101 1043 1
1101 1104 1
1102 600 1
1102 857 1
1102 858 1
1102 887 1
1103 32 1
1103 370 1
1103 1115 1
1104 1104 1
1104 1101 1
1105 74 1
1105 234 1
1105 886 1
1106 851 1
1106 886 1
1107 77 1
1107 1100 1
1108 382 1
1108 389 1
1108 468 1
1109 743 1
1109 965 1
1110 1113 1
1111 80 1
1111 1107 1
1112 359 1
1112 1065 1
1113 16 1
1113 420 1
1113 1110 1
1114 268 1
1115 529 1
1115 650 1
1115 1103 1
7 16
52 13
81 42
129 27
153 8
208 45
219 37
267 35
275 18
444 35
454 28
488 43
507 1
516 25
525 52
576 27
757 32
803 34
888 11
905 35
909 57
921 14
1018 64
1033 38
1112 20
