366 734 251 132 1
1 109 109
1 251 167
2 3 4
2 355 116
2 366 14
3 2 4
3 239 13
3 246 3
4 188 79
4 356 330
5 35 20
5 260 20
6 145 196
6 215 148
7 66 194
8 14 12
8 283 169
9 29 10
9 226 88
9 351 6
10 149 19
10 185 17
11 329 6
11 358 54
12 11 70
12 185 1
12 186 0
13 54 59
13 313 11
13 314 12
14 5 107
14 58 31
15 16 143
15 157 58
16 15 143
16 17 66
16 34 113
17 16 66
17 152 41
17 288 41
18 165 63
18 223 146
19 38 124
19 331 23
20 320 5
21 332 61
22 31 7
22 245 52
23 27 9
23 28 3
23 210 78
24 27 34
24 138 68
24 263 66
25 157 107
25 244 89
26 289 133
27 23 9
27 24 34
27 28 8
28 27 8
28 194 399
28 307 11
29 9 10
29 43 343
29 224 39
30 92 5
30 227 102
31 22 7
31 37 91
31 66 5
31 323 210
32 73 67
32 295 34
33 339 18
33 365 23
34 160 198
35 99 47
36 133 117
37 22 95
37 31 91
37 198 9
37 207 114
38 18 57
38 201 216
39 43 11
39 142 106
39 316 57
40 249 54
40 335 63
41 69 74
41 313 88
42 45 2
42 322 12
42 323 1
43 39 11
43 312 257
44 84 38
44 95 17
45 7 19
45 323 2
46 42 6
46 322 12
47 70 113
47 102 96
48 8 32
48 347 197
49 300 50
50 173 66
50 276 219
51 219 32
51 252 92
52 324 8
52 326 34
53 67 142
53 172 6
54 13 59
54 119 39
55 122 71
55 127 6
56 57 34
56 136 6
56 264 4
57 56 34
57 136 37
57 244 41
58 48 12
58 94 101
59 199 97
59 261 8
59 267 202
60 266 75
61 116 60
61 335 131
62 313 44
63 64 2
64 63 53
64 283 50
65 93 159
66 31 5
66 198 86
67 96 65
67 189 88
68 270 10
69 55 10
69 176 87
70 47 113
70 330 14
71 290 62
72 77 182
72 100 10
72 218 32
73 206 16
73 278 252
74 117 19
75 76 187
75 78 7
75 264 6
76 75 187
76 247 6
76 355 6
76 366 104
77 26 51
77 291 89
78 129 49
78 263 6
79 80 23
79 81 140
79 240 12
80 65 7
80 79 23
80 366 16
81 79 140
81 82 70
81 93 6
81 242 6
82 81 70
82 83 9
82 292 6
83 82 9
83 88 18
83 178 7
84 44 38
85 30 125
85 86 5
85 88 14
86 85 5
86 87 42
86 167 3
87 86 42
87 163 63
87 273 6
88 83 18
88 85 14
88 92 111
89 294 71
89 310 90
90 91 5
90 94 5
90 227 8
90 229 8
91 90 5
91 111 103
91 229 6
92 88 111
92 94 102
92 178 140
93 81 6
93 292 68
94 90 5
94 92 102
94 227 6
95 44 17
95 107 155
96 67 65
96 230 119
96 266 72
97 53 15
97 201 62
98 182 72
98 228 36
99 36 190
100 72 10
100 304 94
101 242 52
102 47 96
102 187 63
103 311 118
103 330 49
104 327 278
105 188 107
105 280 23
106 56 6
106 57 32
107 293 50
108 120 145
108 310 30
109 1 109
109 268 145
109 333 84
110 254 43
110 333 140
111 91 103
111 112 81
111 237 85
112 111 81
112 113 10
112 237 5
113 112 10
113 234 4
113 354 34
114 100 31
114 218 11
114 271 24
115 259 199
116 61 60
117 74 19
117 334 16
118 214 61
118 297 91
118 301 118
119 191 3
119 220 8
120 8 185
120 99 370
121 180 29
122 176 16
122 191 23
123 132 16
124 58 172
124 347 381
125 123 12
125 353 9
126 125 29
126 364 25
127 183 13
127 272 12
128 20 28
128 216 48
129 24 17
129 282 59
130 139 60
130 255 42
131 317 18
131 360 12
132 55 12
132 127 10
133 194 6
133 205 85
133 307 399
134 183 39
135 202 68
135 205 67
136 75 5
136 247 184
137 33 22
137 217 69
138 106 10
139 130 60
139 311 27
140 190 46
141 7 112
141 188 65
141 362 34
142 39 106
142 171 104
143 290 18
144 98 217
144 161 10
144 289 36
145 22 54
146 302 7
146 344 123
147 257 18
148 332 65
148 352 79
149 140 40
150 168 43
150 204 25
150 336 130
151 110 15
151 277 194
152 17 41
152 155 2
152 288 5
153 202 33
153 204 8
154 221 43
154 346 91
155 152 2
155 156 5
155 159 90
156 17 43
156 152 5
156 316 108
157 15 58
157 25 107
158 142 187
158 308 47
159 155 90
159 156 91
160 157 113
161 144 10
161 248 73
161 315 85
162 163 10
162 171 33
163 87 63
163 162 10
163 309 63
164 159 93
164 184 13
165 19 73
166 172 233
166 181 60
166 321 155
167 83 6
167 85 3
168 150 43
168 359 82
169 337 6
169 341 20
170 286 68
170 338 31
171 142 104
171 162 33
171 279 137
172 21 69
172 166 233
172 173 16
173 97 6
173 197 216
174 200 92
174 342 91
175 174 9
176 54 33
176 119 10
177 208 282
178 82 7
178 242 74
179 261 38
180 200 65
181 21 239
181 148 238
182 212 208
182 351 288
183 272 20
184 262 97
185 149 23
185 186 0
186 12 0
186 73 15
186 209 10
187 102 63
187 203 62
188 4 79
188 84 218
188 105 107
188 141 65
189 60 146
189 166 6
189 325 157
190 41 50
190 62 88
191 217 8
191 220 7
192 232 71
193 350 23
194 3 111
194 124 307
194 133 6
194 239 96
195 269 40
196 117 78
196 146 124
196 276 66
197 349 4
198 37 9
199 281 6
199 285 102
200 174 92
200 180 65
201 296 65
202 135 68
202 204 25
202 331 109
203 187 62
203 327 71
204 150 25
204 168 34
205 133 85
205 135 67
206 12 27
206 222 205
207 37 114
208 177 282
208 275 9
209 73 22
209 186 10
210 23 78
211 298 74
212 226 6
213 68 138
213 255 10
214 118 61
214 229 95
215 9 40
215 224 9
215 258 13
216 128 48
216 294 70
217 134 44
217 191 8
218 114 11
218 259 52
219 51 32
219 104 61
219 277 214
220 33 40
221 154 43
221 252 83
222 206 205
222 278 28
223 36 235
223 260 30
224 215 9
224 303 304
225 265 55
225 358 30
226 144 74
226 212 6
226 248 8
227 90 8
227 114 124
228 26 85
228 98 36
229 48 93
229 90 8
230 96 119
231 164 113
231 232 68
232 192 71
232 224 174
232 231 68
233 222 136
233 361 19
234 235 10
234 301 112
235 112 4
235 238 81
236 113 5
236 354 35
237 236 10
238 111 5
238 214 7
239 3 13
239 194 96
239 240 18
240 79 12
240 239 18
240 246 13
241 175 197
242 81 6
242 101 52
242 240 151
243 328 110
244 25 89
244 57 41
245 345 80
246 2 3
246 80 6
247 65 124
247 76 6
248 29 89
248 226 8
248 312 42
249 40 54
249 169 25
250 61 126
250 253 52
251 268 116
251 277 14
252 51 92
252 221 83
252 305 126
253 51 69
254 213 154
255 130 42
255 151 191
255 213 10
256 251 114
257 121 53
257 147 18
258 215 13
259 91 78
259 115 199
260 35 18
260 223 30
261 59 8
261 179 38
262 199 187
262 267 83
263 24 66
263 138 6
263 264 7
264 56 4
264 75 6
264 263 7
265 164 188
266 63 89
266 96 72
267 225 57
267 265 11
268 110 78
269 195 40
269 306 108
269 308 32
270 68 10
270 255 140
271 162 211
271 309 283
272 131 16
273 163 64
274 300 49
274 326 32
275 137 131
275 208 9
276 197 65
277 154 241
277 219 214
277 251 14
278 361 95
279 100 103
280 45 42
281 199 6
281 261 97
282 129 59
283 53 128
283 296 15
284 296 63
285 155 6
285 184 185
286 170 68
286 352 13
287 211 55
287 299 86
287 356 60
288 281 101
288 285 6
289 72 94
289 304 11
290 71 62
290 143 18
290 350 42
291 77 89
292 167 12
292 273 44
293 147 49
294 89 71
294 216 70
295 32 34
296 14 168
296 283 15
296 284 63
297 235 58
298 211 74
298 299 43
299 364 148
300 49 50
300 274 49
301 118 118
301 297 46
302 146 7
303 46 16
303 322 18
304 158 106
304 161 36
305 250 16
306 269 108
306 279 32
307 28 11
308 269 32
308 306 14
309 86 41
309 87 5
310 89 90
310 108 30
310 348 143
311 103 118
311 139 27
312 248 42
313 13 11
313 62 44
314 13 12
315 161 85
316 34 110
316 39 57
316 156 108
316 231 183
317 123 11
317 125 6
318 253 253
318 327 57
318 335 61
319 6 167
319 46 5
320 52 6
320 321 8
321 166 155
321 320 8
321 325 5
322 42 12
322 233 34
323 31 210
323 42 1
323 319 8
324 321 5
325 20 8
325 128 29
326 274 32
326 324 33
327 203 71
327 318 57
328 32 46
328 287 150
329 10 55
330 70 14
330 103 49
331 359 54
332 346 15
332 363 110
333 109 84
334 221 169
334 305 64
335 40 63
335 318 61
336 150 130
336 153 148
336 343 4
337 336 3
337 344 9
338 170 31
339 208 139
340 343 56
341 340 38
341 343 17
342 126 138
342 317 168
343 336 4
343 337 3
343 341 17
344 169 6
344 249 24
345 245 156
345 319 72
346 50 63
346 196 222
346 332 15
347 108 137
348 310 143
349 38 60
349 97 217
350 193 23
350 290 42
350 365 50
351 9 6
352 148 79
352 286 13
352 363 97
353 69 39
353 243 6
354 113 34
354 357 98
355 76 6
355 78 190
356 287 60
357 354 98
358 225 30
358 329 50
359 349 143
360 241 53
360 317 11
361 105 18
361 280 16
362 141 34
363 256 106
363 352 97
364 243 8
364 353 5
365 339 32
365 350 50
366 2 14
366 76 104
366 80 16
55 2278
