410 799 365 261 12
1 389 1
1 397 1
2 336 1
2 353 1
3 120 1
4 189 1
4 263 1
5 216 1
5 289 1
6 292 1
7 95 1
7 161 1
7 171 1
7 246 1
8 166 1
9 75 1
9 212 1
9 332 1
10 12 1
10 98 1
10 312 1
11 98 1
11 312 1
12 10 1
12 98 1
12 152 1
13 200 1
13 377 1
14 114 1
14 307 1
15 133 1
15 407 1
16 59 1
16 271 1
17 119 1
17 157 1
17 353 1
18 103 1
18 234 1
18 278 1
19 48 1
19 51 1
20 393 1
21 348 1
22 45 1
22 267 1
22 345 1
23 129 1
23 344 1
24 272 1
25 106 1
25 273 1
26 319 1
27 192 1
27 340 1
28 58 1
28 356 1
29 118 1
29 341 1
30 135 1
30 182 1
30 272 1
31 32 1
31 303 1
32 35 1
33 279 1
33 393 1
34 31 1
35 37 1
35 127 1
36 34 1
36 176 1
37 39 1
38 36 1
39 38 1
39 239 1
40 46 1
40 220 1
41 44 1
41 286 1
41 287 1
42 172 1
42 252 1
43 214 1
44 280 1
45 69 1
45 334 1
46 134 1
46 282 1
47 111 1
47 176 1
48 51 1
48 120 1
49 50 1
49 147 1
50 318 1
51 52 1
51 346 1
52 19 1
52 337 1
53 268 1
54 55 1
54 138 1
54 268 1
55 54 1
55 56 1
55 259 1
56 55 1
56 296 1
57 180 1
57 370 1
58 107 1
58 347 1
59 24 1
59 57 1
60 62 1
60 94 1
60 384 1
61 145 1
62 60 1
62 63 1
62 150 1
63 62 1
63 257 1
64 218 1
64 374 1
65 67 1
65 334 1
66 68 1
66 372 1
67 69 1
68 44 1
68 286 1
69 267 1
70 308 1
70 388 1
71 342 1
72 73 1
72 371 1
73 343 1
73 356 1
74 28 1
74 361 1
75 9 1
75 80 1
76 164 1
77 254 1
77 407 1
77 408 1
78 81 1
78 207 1
79 92 1
79 162 1
80 81 1
80 206 1
81 76 1
81 400 1
82 254 1
82 385 1
82 408 1
83 85 1
84 50 1
85 33 1
85 83 1
86 269 1
86 293 1
87 203 1
88 167 1
88 168 1
88 289 1
88 338 1
89 92 1
90 244 1
90 251 1
91 86 1
91 229 1
92 79 1
92 89 1
93 237 1
93 386 1
94 60 1
94 212 1
95 7 1
95 398 1
96 95 1
96 382 1
97 96 1
98 11 1
98 12 1
99 288 1
100 142 1
100 349 1
101 132 1
101 223 1
102 177 1
102 340 1
103 18 1
103 171 1
104 4 1
105 339 1
105 410 1
106 136 1
106 225 1
107 40 1
108 255 1
108 286 1
109 130 1
109 160 1
109 287 1
110 250 1
110 269 1
111 34 1
111 303 1
112 168 1
112 200 1
112 223 1
113 101 1
114 14 1
115 102 1
115 324 1
116 140 1
117 5 1
117 284 1
118 29 1
118 194 1
119 17 1
119 347 1
119 354 1
120 48 1
120 228 1
121 256 1
121 390 1
122 242 1
123 249 1
123 388 1
124 38 1
124 239 1
125 47 1
125 331 1
126 317 1
126 373 1
127 281 1
128 249 1
128 283 1
129 23 1
130 229 1
131 3 1
131 199 1
132 101 1
132 175 1
132 244 1
133 15 1
133 385 1
133 408 1
134 220 1
134 249 1
135 30 1
135 184 1
135 370 1
136 156 1
136 184 1
137 222 1
137 278 1
138 258 1
139 143 1
140 141 1
141 138 1
142 144 1
142 381 1
143 142 1
143 349 1
144 358 1
144 381 1
145 72 1
146 230 1
146 253 1
147 241 1
148 93 1
148 197 1
148 219 1
149 163 1
149 359 1
150 384 1
150 396 1
151 152 1
151 312 1
151 406 1
152 10 1
152 12 1
152 151 1
153 124 1
153 176 1
153 325 1
154 158 1
154 385 1
155 150 1
155 396 1
156 139 1
157 17 1
157 274 1
158 154 1
159 190 1
159 193 1
159 255 1
160 109 1
160 229 1
160 255 1
161 7 1
161 197 1
161 237 1
162 235 1
162 276 1
163 170 1
164 78 1
164 210 1
165 166 1
166 165 1
166 294 1
166 359 1
167 149 1
167 163 1
168 88 1
168 112 1
168 315 1
169 225 1
170 216 1
170 294 1
171 7 1
171 103 1
171 248 1
172 72 1
172 252 1
173 350 1
174 87 1
174 367 1
175 201 1
176 153 1
176 331 1
177 102 1
177 175 1
177 251 1
178 177 1
178 181 1
179 180 1
179 370 1
180 156 1
181 104 1
181 202 1
182 30 1
182 184 1
183 178 1
183 262 1
184 135 1
184 179 1
185 183 1
186 185 1
187 186 1
188 208 1
189 309 1
190 159 1
190 244 1
190 308 1
191 216 1
191 290 1
192 227 1
192 291 1
193 90 1
193 159 1
193 251 1
194 118 1
195 196 1
196 208 1
197 148 1
197 161 1
198 187 1
198 195 1
199 238 1
199 310 1
200 112 1
200 351 1
201 113 1
201 115 1
202 189 1
202 224 1
203 196 1
203 198 1
204 357 1
205 188 1
205 352 1
206 400 1
207 75 1
207 80 1
208 256 1
209 207 1
210 153 1
211 253 1
212 9 1
212 94 1
212 209 1
213 16 1
214 61 1
214 375 1
215 79 1
215 162 1
216 5 1
216 170 1
217 299 1
217 369 1
217 392 1
218 247 1
218 380 1
219 64 1
219 148 1
220 19 1
221 358 1
221 383 1
222 137 1
222 383 1
223 101 1
223 112 1
223 338 1
224 341 1
225 235 1
225 276 1
226 321 1
227 324 1
228 120 1
228 347 1
228 354 1
229 91 1
229 160 1
229 193 1
230 146 1
231 232 1
231 248 1
232 103 1
232 231 1
232 233 1
233 232 1
233 234 1
234 233 1
234 236 1
235 25 1
235 311 1
236 234 1
236 278 1
237 93 1
237 161 1
237 405 1
238 3 1
238 336 1
239 215 1
240 97 1
240 243 1
241 65 1
241 67 1
242 113 1
242 319 1
243 76 1
243 245 1
244 90 1
244 132 1
245 320 1
245 327 1
246 7 1
246 197 1
246 247 1
246 248 1
247 246 1
247 380 1
248 231 1
248 246 1
249 66 1
249 172 1
249 283 1
250 109 1
251 91 1
251 177 1
251 193 1
252 219 1
253 21 1
253 146 1
253 211 1
254 77 1
254 82 1
254 366 1
254 373 1
255 108 1
255 159 1
255 160 1
256 71 1
256 205 1
257 63 1
257 355 1
258 259 1
258 310 1
259 55 1
259 261 1
260 304 1
261 56 1
262 104 1
263 309 1
264 387 1
265 363 1
265 368 1
266 382 1
267 295 1
267 335 1
268 53 1
268 54 1
268 141 1
269 86 1
269 130 1
270 213 1
271 270 1
272 30 1
272 106 1
272 273 1
273 271 1
273 272 1
274 157 1
274 298 1
274 304 1
275 368 1
276 306 1
277 169 1
278 18 1
278 137 1
278 236 1
279 33 1
279 83 1
280 250 1
280 372 1
281 37 1
281 127 1
282 128 1
282 134 1
283 72 1
283 172 1
284 191 1
284 226 1
285 226 1
285 227 1
286 41 1
286 68 1
286 108 1
286 388 1
287 41 1
287 108 1
287 109 1
288 210 1
288 404 1
289 5 1
289 26 1
289 88 1
290 8 1
291 8 1
291 285 1
292 265 1
293 87 1
293 367 1
294 166 1
294 170 1
294 290 1
295 173 1
295 350 1
296 333 1
296 360 1
297 125 1
297 391 1
298 274 1
298 336 1
299 217 1
299 369 1
300 279 1
300 393 1
301 337 1
301 351 1
302 202 1
303 204 1
304 260 1
304 274 1
304 353 1
305 317 1
305 373 1
305 406 1
306 124 1
306 325 1
307 116 1
307 238 1
308 13 1
308 70 1
308 190 1
309 263 1
309 352 1
310 313 1
311 300 1
311 365 1
312 10 1
312 11 1
312 151 1
313 314 1
314 261 1
314 313 1
314 315 1
315 168 1
315 301 1
315 314 1
316 275 1
316 363 1
317 25 1
317 311 1
318 49 1
319 117 1
320 322 1
320 328 1
321 122 1
322 323 1
322 329 1
323 99 1
323 330 1
324 340 1
325 153 1
325 155 1
325 355 1
326 6 1
327 245 1
327 328 1
327 401 1
328 320 1
328 327 1
328 329 1
328 390 1
329 322 1
329 328 1
329 330 1
330 323 1
330 329 1
330 402 1
331 125 1
331 391 1
331 404 1
332 9 1
332 222 1
333 84 1
334 315 1
334 360 1
335 22 1
336 114 1
336 238 1
336 298 1
337 52 1
337 123 1
338 26 1
339 1 1
339 265 1
340 27 1
340 102 1
340 302 1
341 27 1
341 29 1
342 121 1
342 297 1
343 73 1
343 356 1
344 42 1
345 165 1
346 131 1
346 314 1
347 107 1
347 119 1
347 228 1
348 100 1
348 392 1
349 21 1
349 146 1
350 295 1
350 335 1
351 200 1
351 377 1
352 224 1
352 309 1
353 2 1
353 17 1
353 304 1
354 2 1
354 119 1
355 325 1
356 28 1
356 343 1
356 361 1
357 342 1
358 144 1
358 221 1
359 45 1
359 149 1
360 65 1
360 333 1
361 74 1
361 362 1
362 361 1
363 316 1
364 240 1
365 126 1
366 254 1
366 406 1
366 407 1
367 110 1
367 293 1
368 105 1
368 378 1
369 217 1
369 299 1
369 410 1
370 24 1
370 57 1
370 135 1
371 128 1
371 282 1
372 399 1
373 254 1
373 305 1
374 218 1
374 376 1
375 61 1
375 374 1
376 375 1
376 379 1
377 70 1
378 43 1
378 214 1
379 378 1
380 105 1
380 376 1
380 379 1
381 139 1
381 277 1
382 96 1
382 206 1
382 266 1
383 221 1
383 222 1
384 209 1
385 82 1
385 133 1
385 154 1
386 23 1
387 326 1
387 395 1
388 70 1
388 286 1
389 264 1
389 397 1
390 401 1
391 121 1
391 297 1
391 403 1
392 100 1
392 217 1
393 20 1
393 300 1
393 365 1
394 174 1
394 364 1
395 6 1
395 387 1
395 397 1
396 78 1
396 150 1
397 389 1
397 395 1
398 399 1
398 409 1
399 394 1
400 97 1
401 327 1
401 364 1
402 99 1
402 330 1
402 403 1
403 402 1
403 404 1
404 288 1
404 331 1
404 403 1
405 386 1
406 151 1
406 305 1
406 366 1
407 15 1
407 77 1
407 366 1
408 77 1
408 82 1
408 133 1
409 344 1
409 405 1
410 339 1
410 369 1
1 1
17 1
54 1
60 1
74 1
99 1
132 1
147 1
177 1
226 1
282 1
377 1
