329 697 156 54 25
1 124 1
1 135 1
2 44 1
2 85 1
3 10 1
3 27 1
3 245 1
4 163 1
4 291 1
5 4 1
5 161 1
6 71 1
6 172 1
6 255 1
7 43 1
7 127 1
7 323 1
8 9 1
8 70 1
9 10 1
9 27 1
10 3 1
10 13 1
11 149 1
11 185 1
11 207 1
11 258 1
12 67 1
12 83 1
13 10 1
13 14 1
13 165 1
14 13 1
15 16 1
15 60 1
15 62 1
16 100 1
16 265 1
17 179 1
18 19 1
18 26 1
19 18 1
19 285 1
20 21 1
21 20 1
21 141 1
21 183 1
22 77 1
22 115 1
23 19 1
23 43 1
24 23 1
24 25 1
24 202 1
25 24 1
25 140 1
26 88 1
27 8 1
27 212 1
28 150 1
28 151 1
28 233 1
29 168 1
29 223 1
29 224 1
30 204 1
30 318 1
31 170 1
32 217 1
33 142 1
33 274 1
34 32 1
34 33 1
35 234 1
35 302 1
36 76 1
36 257 1
37 24 1
37 42 1
38 226 1
38 291 1
39 34 1
40 92 1
40 163 1
40 291 1
40 294 1
41 200 1
41 240 1
41 310 1
42 202 1
42 247 1
43 37 1
44 181 1
45 46 1
45 123 1
46 45 1
46 47 1
46 241 1
47 46 1
47 241 1
48 147 1
48 169 1
48 267 1
49 131 1
49 223 1
49 315 1
50 52 1
50 224 1
50 312 1
51 143 1
51 158 1
51 313 1
52 50 1
52 160 1
52 228 1
52 232 1
53 234 1
54 167 1
54 306 1
55 94 1
55 207 1
55 272 1
56 59 1
56 61 1
56 98 1
57 87 1
58 132 1
58 268 1
59 56 1
59 77 1
59 216 1
60 15 1
60 104 1
61 56 1
61 236 1
62 155 1
63 117 1
63 146 1
63 254 1
64 66 1
64 68 1
64 91 1
65 144 1
65 148 1
65 320 1
66 64 1
66 193 1
67 68 1
68 69 1
68 71 1
69 66 1
69 68 1
70 9 1
70 295 1
71 6 1
71 72 1
71 73 1
72 69 1
72 71 1
72 141 1
73 75 1
73 172 1
74 95 1
74 303 1
74 324 1
75 36 1
75 80 1
76 78 1
76 79 1
77 22 1
77 59 1
77 130 1
78 79 1
78 80 1
79 78 1
79 201 1
80 78 1
80 81 1
80 82 1
81 72 1
81 80 1
82 246 1
82 248 1
83 12 1
83 84 1
84 83 1
84 172 1
85 2 1
85 86 1
85 281 1
86 87 1
86 118 1
87 260 1
87 304 1
88 25 1
88 308 1
89 203 1
89 277 1
90 91 1
90 279 1
91 152 1
92 40 1
92 163 1
92 222 1
93 228 1
93 301 1
94 55 1
94 96 1
94 216 1
95 74 1
95 97 1
95 101 1
96 94 1
96 130 1
96 200 1
97 95 1
97 266 1
98 174 1
98 214 1
99 233 1
99 273 1
100 16 1
100 227 1
101 218 1
102 97 1
102 101 1
103 243 1
104 15 1
104 121 1
105 311 1
106 113 1
106 130 1
106 311 1
107 109 1
107 325 1
108 38 1
108 154 1
109 103 1
109 107 1
109 208 1
110 114 1
110 219 1
111 22 1
111 115 1
111 182 1
112 200 1
112 288 1
113 106 1
113 115 1
113 157 1
114 110 1
114 131 1
114 294 1
115 111 1
115 113 1
116 171 1
116 213 1
116 322 1
117 63 1
117 199 1
117 290 1
118 2 1
118 86 1
119 157 1
119 235 1
120 222 1
121 104 1
122 131 1
122 283 1
122 312 1
123 45 1
123 162 1
123 308 1
124 1 1
124 256 1
125 30 1
125 237 1
126 176 1
127 7 1
127 137 1
127 220 1
128 157 1
129 112 1
130 96 1
130 106 1
131 49 1
131 114 1
131 122 1
132 58 1
132 286 1
133 316 1
134 239 1
135 1 1
135 267 1
135 320 1
136 182 1
137 127 1
137 177 1
137 184 1
138 145 1
139 57 1
139 86 1
140 25 1
140 162 1
140 202 1
141 21 1
141 171 1
141 263 1
142 275 1
143 51 1
144 65 1
144 199 1
144 206 1
145 287 1
146 63 1
147 48 1
147 277 1
148 65 1
148 214 1
148 269 1
149 216 1
150 28 1
150 186 1
151 28 1
151 90 1
151 270 1
152 12 1
152 153 1
153 215 1
154 60 1
154 62 1
155 100 1
155 227 1
156 162 1
156 242 1
156 295 1
157 113 1
157 119 1
157 128 1
158 51 1
158 292 1
158 328 1
159 167 1
159 288 1
159 327 1
160 52 1
160 238 1
161 5 1
161 221 1
161 300 1
162 123 1
162 140 1
162 156 1
163 4 1
163 92 1
163 161 1
164 209 1
164 309 1
165 13 1
165 234 1
165 284 1
166 213 1
166 251 1
166 252 1
167 159 1
167 235 1
168 29 1
168 238 1
169 48 1
170 134 1
170 160 1
171 116 1
171 141 1
171 263 1
171 271 1
172 6 1
172 257 1
173 289 1
174 149 1
174 269 1
175 240 1
175 305 1
176 198 1
177 137 1
177 176 1
177 178 1
178 39 1
178 99 1
179 178 1
180 179 1
180 257 1
181 81 1
181 82 1
181 271 1
182 111 1
182 136 1
183 21 1
183 194 1
183 253 1
184 276 1
185 11 1
185 147 1
185 267 1
186 150 1
186 188 1
187 125 1
187 188 1
188 189 1
188 190 1
189 187 1
189 192 1
190 150 1
190 191 1
190 279 1
191 189 1
191 190 1
192 187 1
192 194 1
193 191 1
193 279 1
194 183 1
194 192 1
194 199 1
195 210 1
195 256 1
196 126 1
196 127 1
197 229 1
198 197 1
199 117 1
199 144 1
199 194 1
200 41 1
200 96 1
200 112 1
201 79 1
201 180 1
202 24 1
202 42 1
202 140 1
203 89 1
203 310 1
204 286 1
204 318 1
205 249 1
206 144 1
206 210 1
206 256 1
207 11 1
207 55 1
208 109 1
208 164 1
208 209 1
209 208 1
209 244 1
210 195 1
210 206 1
211 205 1
211 247 1
212 8 1
212 242 1
213 116 1
213 166 1
213 271 1
214 148 1
214 237 1
215 84 1
215 278 1
216 59 1
216 94 1
217 145 1
218 103 1
218 107 1
219 102 1
220 230 1
221 5 1
222 92 1
222 120 1
222 300 1
223 29 1
223 49 1
223 314 1
224 29 1
224 50 1
224 312 1
225 31 1
226 38 1
226 154 1
227 110 1
228 31 1
228 232 1
229 42 1
229 196 1
230 7 1
230 220 1
231 233 1
231 273 1
231 287 1
232 283 1
232 312 1
233 28 1
233 231 1
234 35 1
234 53 1
234 165 1
235 119 1
235 167 1
235 311 1
236 30 1
236 237 1
237 61 1
237 214 1
237 236 1
238 160 1
238 168 1
238 239 1
239 238 1
240 54 1
240 175 1
240 288 1
241 26 1
241 46 1
242 156 1
242 212 1
242 244 1
243 114 1
243 219 1
244 242 1
244 325 1
245 3 1
245 134 1
245 296 1
246 201 1
246 229 1
247 246 1
247 248 1
248 44 1
248 249 1
249 85 1
249 205 1
250 252 1
250 262 1
251 166 1
252 166 1
252 250 1
253 183 1
253 322 1
254 63 1
254 282 1
255 67 1
255 83 1
256 124 1
256 195 1
256 206 1
257 172 1
257 180 1
257 278 1
258 11 1
258 269 1
258 320 1
259 95 1
259 266 1
260 259 1
261 260 1
261 304 1
262 261 1
263 171 1
263 253 1
263 322 1
264 250 1
264 262 1
265 264 1
266 265 1
267 135 1
268 58 1
269 148 1
269 174 1
269 258 1
270 17 1
270 153 1
271 181 1
271 213 1
272 89 1
272 203 1
273 39 1
273 99 1
274 177 1
275 142 1
275 274 1
276 275 1
277 89 1
277 147 1
277 207 1
278 17 1
279 64 1
279 193 1
280 295 1
280 328 1
281 139 1
281 211 1
282 254 1
283 122 1
283 208 1
284 35 1
284 165 1
284 326 1
285 19 1
285 307 1
286 132 1
286 204 1
287 231 1
287 293 1
288 112 1
288 159 1
288 240 1
289 129 1
289 173 1
290 117 1
290 317 1
290 319 1
291 38 1
291 40 1
292 326 1
292 329 1
293 138 1
293 287 1
294 40 1
294 321 1
295 70 1
295 280 1
296 245 1
296 297 1
297 296 1
297 298 1
298 297 1
298 299 1
299 298 1
300 161 1
300 222 1
301 225 1
302 53 1
303 74 1
304 87 1
304 118 1
305 54 1
305 306 1
306 119 1
307 285 1
307 323 1
308 45 1
308 123 1
309 93 1
309 242 1
310 41 1
310 175 1
310 203 1
311 105 1
311 106 1
311 235 1
312 50 1
312 122 1
312 232 1
313 143 1
314 315 1
314 316 1
315 49 1
315 314 1
316 29 1
316 133 1
316 314 1
317 290 1
317 319 1
318 125 1
318 186 1
319 290 1
319 317 1
320 65 1
320 135 1
320 258 1
321 108 1
321 155 1
322 116 1
322 253 1
322 263 1
323 7 1
323 307 1
324 74 1
325 109 1
325 244 1
326 284 1
326 292 1
326 328 1
327 129 1
327 289 1
328 158 1
328 280 1
329 326 1
5 16
27 21
97 18
102 17
146 17
151 14
161 22
162 16
193 20
216 28
221 1
222 9
231 9
234 23
238 28
258 1
262 11
272 15
276 20
283 23
286 11
287 10
294 25
300 20
304 1
