75 133 32 9 12
1 47 1
2 18 1
2 20 1
2 70 1
3 6 1
4 39 1
4 60 1
5 41 1
6 23 1
6 71 1
7 22 1
8 21 1
9 20 1
10 11 1
11 14 1
11 35 1
12 17 1
12 28 1
13 36 1
13 37 1
13 67 1
14 32 1
15 26 1
15 50 1
16 15 1
16 52 1
17 45 1
18 2 1
18 29 1
18 42 1
19 14 1
20 42 1
21 8 1
21 24 1
21 45 1
22 16 1
22 26 1
23 6 1
23 38 1
23 72 1
24 21 1
24 27 1
25 7 1
26 34 1
27 28 1
28 43 1
29 18 1
29 51 1
29 53 1
30 62 1
31 13 1
31 25 1
31 55 1
32 10 1
33 58 1
33 69 1
33 72 1
34 7 1
34 22 1
34 31 1
35 19 1
35 44 1
36 37 1
37 13 1
37 31 1
37 57 1
38 3 1
39 4 1
39 61 1
39 72 1
40 48 1
40 62 1
41 49 1
41 52 1
42 53 1
43 55 1
43 75 1
44 45 1
45 17 1
45 21 1
45 27 1
46 39 1
46 58 1
47 56 1
48 12 1
49 15 1
49 50 1
50 67 1
51 29 1
51 60 1
51 64 1
52 5 1
53 64 1
54 38 1
55 46 1
56 66 1
56 73 1
57 37 1
57 59 1
57 74 1
58 40 1
59 57 1
59 70 1
59 74 1
60 51 1
61 54 1
61 63 1
62 30 1
62 66 1
62 73 1
63 54 1
64 4 1
65 23 1
65 33 1
66 48 1
66 62 1
67 13 1
67 34 1
68 25 1
69 1 1
69 33 1
70 2 1
70 9 1
70 59 1
71 65 1
72 23 1
72 33 1
72 39 1
73 1 1
73 69 1
74 9 1
75 31 1
75 68 1
4 10
7 7
10 6
22 11
23 12
30 10
33 10
41 1
44 10
61 9
66 5
74 5
