315 660 276 105 12
1 79 1
2 3 1
2 96 1
3 97 1
3 149 1
3 199 1
4 5 1
4 55 1
4 170 1
5 4 1
5 53 1
6 77 1
6 93 1
6 290 1
7 9 1
7 74 1
7 236 1
8 47 1
8 74 1
8 236 1
9 7 1
9 74 1
9 129 1
10 19 1
10 78 1
10 131 1
11 76 1
11 150 1
11 285 1
12 15 1
12 75 1
13 143 1
13 163 1
13 215 1
14 17 1
14 212 1
14 220 1
15 12 1
15 150 1
16 89 1
16 92 1
16 245 1
17 14 1
17 207 1
17 270 1
18 238 1
19 10 1
19 107 1
19 310 1
20 25 1
20 139 1
21 140 1
21 224 1
21 241 1
22 285 1
23 313 1
24 39 1
24 311 1
25 20 1
25 147 1
26 71 1
26 194 1
26 312 1
27 175 1
27 232 1
28 99 1
28 153 1
28 173 1
29 306 1
30 99 1
30 153 1
31 80 1
32 32 1
32 313 1
33 211 1
33 306 1
34 86 1
34 94 1
34 161 1
34 205 1
35 39 1
35 143 1
35 215 1
35 257 1
36 38 1
36 287 1
37 72 1
38 36 1
38 271 1
38 277 1
39 24 1
39 35 1
39 163 1
40 208 1
41 30 1
41 54 1
42 22 1
42 160 1
43 174 1
44 133 1
44 282 1
45 94 1
45 112 1
45 205 1
46 232 1
46 305 1
47 8 1
47 60 1
47 138 1
48 104 1
48 143 1
48 191 1
49 300 1
50 130 1
50 188 1
50 213 1
51 122 1
52 174 1
52 209 1
53 5 1
53 55 1
53 257 1
54 41 1
55 4 1
55 53 1
55 256 1
56 175 1
56 207 1
57 58 1
57 295 1
58 57 1
59 60 1
60 47 1
60 59 1
61 102 1
62 90 1
62 118 1
62 267 1
62 297 1
63 184 1
63 310 1
63 315 1
64 172 1
64 286 1
65 184 1
65 296 1
65 315 1
66 68 1
66 124 1
67 272 1
68 183 1
68 228 1
69 70 1
69 189 1
70 33 1
70 69 1
71 26 1
71 140 1
71 293 1
71 297 1
72 209 1
73 248 1
74 8 1
74 9 1
74 138 1
75 12 1
75 238 1
75 308 1
76 11 1
76 141 1
76 150 1
77 6 1
77 177 1
78 10 1
78 134 1
79 1 1
79 243 1
79 258 1
80 159 1
81 186 1
82 83 1
83 82 1
83 272 1
84 37 1
84 182 1
85 145 1
85 161 1
85 285 1
86 34 1
86 141 1
87 239 1
88 118 1
89 203 1
90 62 1
91 297 1
92 16 1
92 181 1
93 6 1
94 34 1
94 45 1
94 169 1
95 197 1
95 293 1
96 200 1
97 3 1
97 96 1
97 179 1
98 282 1
98 302 1
99 30 1
99 54 1
100 244 1
101 105 1
102 237 1
102 288 1
103 110 1
104 48 1
104 214 1
105 103 1
105 289 1
106 84 1
106 126 1
107 19 1
107 296 1
107 315 1
108 153 1
108 199 1
108 243 1
109 229 1
109 230 1
109 303 1
110 111 1
110 249 1
111 113 1
112 45 1
112 169 1
112 170 1
113 117 1
114 101 1
114 289 1
115 101 1
115 284 1
116 134 1
117 115 1
118 62 1
118 88 1
118 182 1
119 146 1
119 163 1
119 176 1
120 194 1
121 151 1
122 193 1
122 298 1
123 174 1
123 263 1
124 158 1
124 165 1
125 241 1
126 127 1
127 49 1
127 260 1
128 129 1
128 236 1
128 309 1
129 7 1
129 9 1
129 128 1
130 50 1
131 10 1
131 134 1
131 296 1
132 186 1
132 229 1
132 230 1
133 44 1
133 179 1
134 78 1
134 116 1
134 131 1
135 234 1
136 144 1
136 227 1
137 98 1
137 136 1
138 47 1
139 20 1
139 147 1
139 279 1
139 280 1
140 21 1
140 71 1
140 224 1
141 76 1
141 86 1
141 308 1
142 66 1
143 13 1
143 35 1
143 48 1
144 227 1
144 239 1
145 85 1
145 161 1
145 205 1
146 119 1
147 25 1
147 139 1
147 166 1
147 280 1
148 149 1
148 219 1
148 221 1
149 3 1
149 148 1
150 11 1
150 15 1
150 76 1
151 51 1
151 264 1
152 100 1
152 244 1
153 28 1
153 108 1
154 198 1
155 195 1
156 188 1
157 192 1
158 206 1
158 262 1
159 164 1
160 183 1
160 228 1
161 34 1
161 85 1
161 145 1
162 42 1
163 13 1
163 39 1
163 119 1
163 215 1
164 31 1
164 235 1
165 67 1
166 147 1
166 280 1
166 312 1
167 175 1
168 210 1
169 94 1
169 112 1
169 254 1
170 4 1
170 112 1
170 254 1
171 257 1
172 95 1
173 28 1
173 244 1
174 43 1
174 52 1
174 123 1
175 27 1
175 56 1
175 167 1
176 119 1
177 178 1
177 180 1
178 180 1
178 274 1
179 97 1
179 133 1
180 92 1
180 181 1
181 73 1
181 248 1
182 84 1
182 118 1
182 279 1
183 66 1
183 142 1
184 63 1
184 65 1
184 278 1
184 288 1
185 232 1
186 81 1
186 132 1
186 226 1
187 230 1
188 70 1
188 156 1
188 189 1
189 188 1
189 213 1
190 61 1
191 48 1
192 57 1
192 121 1
193 283 1
194 26 1
194 120 1
194 241 1
195 50 1
195 155 1
195 196 1
196 195 1
196 201 1
197 2 1
198 154 1
198 195 1
198 201 1
199 97 1
199 108 1
200 172 1
200 286 1
201 198 1
201 202 1
202 234 1
202 247 1
203 245 1
203 274 1
204 206 1
205 34 1
205 45 1
205 145 1
206 68 1
206 124 1
207 17 1
207 56 1
207 210 1
208 265 1
209 52 1
210 168 1
210 207 1
210 242 1
211 33 1
211 69 1
212 14 1
213 50 1
213 196 1
214 104 1
214 157 1
214 299 1
215 13 1
215 35 1
215 163 1
216 222 1
217 193 1
217 298 1
218 282 1
218 302 1
219 148 1
220 14 1
221 148 1
221 222 1
222 216 1
222 221 1
223 197 1
223 258 1
223 293 1
224 21 1
224 140 1
224 281 1
224 307 1
225 273 1
226 186 1
227 304 1
227 314 1
228 162 1
228 190 1
229 109 1
229 132 1
229 305 1
230 109 1
230 132 1
230 187 1
231 211 1
231 306 1
232 27 1
232 46 1
232 185 1
233 237 1
233 288 1
233 309 1
234 135 1
234 198 1
234 202 1
235 231 1
235 276 1
236 7 1
236 8 1
236 128 1
237 31 1
237 235 1
238 18 1
238 75 1
239 87 1
239 144 1
240 303 1
241 21 1
241 125 1
241 194 1
242 210 1
242 250 1
242 303 1
243 79 1
243 173 1
244 152 1
244 173 1
245 16 1
245 274 1
246 121 1
246 295 1
247 268 1
248 6 1
248 177 1
249 203 1
250 253 1
250 292 1
251 273 1
252 305 1
253 77 1
253 290 1
254 169 1
254 170 1
254 256 1
255 106 1
256 55 1
256 254 1
256 257 1
257 35 1
257 53 1
257 171 1
257 256 1
258 79 1
258 223 1
258 269 1
259 269 1
260 32 1
260 291 1
261 49 1
261 260 1
262 204 1
263 40 1
263 265 1
264 51 1
264 312 1
265 126 1
266 297 1
267 62 1
268 246 1
268 279 1
269 258 1
269 259 1
269 270 1
270 17 1
270 269 1
270 271 1
271 38 1
271 270 1
271 273 1
272 83 1
272 304 1
272 314 1
273 225 1
273 251 1
273 271 1
274 111 1
274 178 1
274 203 1
275 242 1
275 250 1
276 102 1
276 162 1
277 38 1
277 287 1
278 184 1
278 309 1
278 310 1
279 139 1
279 182 1
279 268 1
280 139 1
280 147 1
280 166 1
281 224 1
282 44 1
282 98 1
282 136 1
283 157 1
283 214 1
284 253 1
284 292 1
285 11 1
285 22 1
285 85 1
285 160 1
286 218 1
287 36 1
287 277 1
288 184 1
288 233 1
289 301 1
290 275 1
291 114 1
291 284 1
292 261 1
292 291 1
293 71 1
293 223 1
293 255 1
294 234 1
294 247 1
295 294 1
296 65 1
296 107 1
296 131 1
297 62 1
297 71 1
297 91 1
297 266 1
298 64 1
299 214 1
300 223 1
300 255 1
301 103 1
301 313 1
302 217 1
303 109 1
303 240 1
303 242 1
304 272 1
305 46 1
305 229 1
305 252 1
306 29 1
306 231 1
306 276 1
307 224 1
308 75 1
308 141 1
309 128 1
309 233 1
309 278 1
310 19 1
310 63 1
310 278 1
311 24 1
311 137 1
312 26 1
312 166 1
312 264 1
313 23 1
313 301 1
314 137 1
314 311 1
315 63 1
315 65 1
315 107 1
40 1
58 1
79 1
104 1
124 1
137 1
160 1
187 1
201 1
203 1
223 1
227 1
