1661 3611 1099 1497 83
1 1179 1
1 1556 1
2 964 1
2 1343 1
2 1415 1
3 6 1
3 1212 1
4 7 1
4 1281 1
5 38 1
6 3 1
6 1016 1
6 1055 1
6 1090 1
7 1281 1
7 1295 1
8 14 1
8 123 1
9 276 1
9 525 1
10 12 1
11 5 1
11 68 1
11 957 1
11 1648 1
12 21 1
12 576 1
13 542 1
13 1163 1
14 8 1
14 31 1
14 566 1
14 1614 1
15 222 1
15 1128 1
15 1528 1
16 556 1
16 1089 1
17 511 1
17 583 1
17 1414 1
18 656 1
18 1064 1
19 109 1
19 1207 1
20 10 1
20 1245 1
21 20 1
22 452 1
22 1004 1
22 1113 1
23 358 1
23 544 1
24 55 1
24 857 1
24 1613 1
25 280 1
25 1625 1
26 217 1
26 791 1
27 424 1
27 806 1
28 157 1
28 1466 1
29 257 1
29 939 1
29 1018 1
30 1318 1
30 1559 1
31 14 1
31 138 1
32 1572 1
33 235 1
33 1338 1
34 263 1
34 1334 1
35 33 1
35 135 1
36 592 1
36 704 1
36 1267 1
36 1399 1
37 385 1
37 1268 1
38 5 1
38 130 1
38 1588 1
39 1580 1
39 1612 1
40 94 1
40 255 1
40 495 1
40 917 1
41 25 1
41 274 1
41 875 1
42 1359 1
42 1592 1
43 1487 1
44 515 1
44 1454 1
44 1593 1
45 1622 1
45 1649 1
46 76 1
46 133 1
46 1398 1
47 50 1
47 808 1
47 1018 1
48 8 1
49 456 1
49 923 1
50 47 1
50 153 1
50 276 1
50 1286 1
51 678 1
51 680 1
52 493 1
52 836 1
52 1116 1
53 511 1
53 1124 1
54 237 1
54 259 1
55 58 1
55 1022 1
56 182 1
56 659 1
56 1022 1
57 561 1
57 1373 1
58 956 1
58 1306 1
59 67 1
59 137 1
59 367 1
60 181 1
60 337 1
60 994 1
61 64 1
61 423 1
61 1610 1
62 63 1
62 637 1
62 638 1
62 995 1
63 62 1
63 1047 1
63 1053 1
63 1136 1
64 61 1
64 1564 1
64 1580 1
65 498 1
65 1603 1
66 65 1
66 1449 1
67 173 1
67 1168 1
68 11 1
68 127 1
68 1256 1
69 70 1
69 1030 1
69 1410 1
70 69 1
70 555 1
70 1492 1
71 66 1
71 73 1
72 239 1
72 902 1
73 77 1
73 1449 1
74 157 1
74 1601 1
75 325 1
75 484 1
75 710 1
76 46 1
76 1315 1
76 1431 1
77 74 1
77 1447 1
78 179 1
78 308 1
78 1438 1
79 338 1
80 199 1
80 221 1
80 1195 1
81 300 1
82 574 1
82 821 1
83 620 1
83 751 1
84 538 1
84 1158 1
85 286 1
85 1339 1
86 494 1
86 586 1
86 1246 1
87 86 1
87 255 1
87 492 1
88 188 1
89 530 1
89 1115 1
90 93 1
90 278 1
90 696 1
90 1647 1
91 260 1
91 1642 1
92 468 1
92 1152 1
93 90 1
93 94 1
93 917 1
94 40 1
94 87 1
94 696 1
95 839 1
95 1092 1
95 1461 1
96 569 1
96 761 1
97 57 1
97 1538 1
98 48 1
99 210 1
99 1031 1
100 1488 1
101 453 1
101 1070 1
102 778 1
102 1139 1
102 1264 1
103 769 1
103 1322 1
104 203 1
104 964 1
105 301 1
106 209 1
106 265 1
106 481 1
106 1025 1
107 1629 1
108 132 1
108 553 1
109 19 1
109 226 1
109 228 1
110 133 1
110 608 1
110 1443 1
111 35 1
111 1525 1
112 76 1
112 133 1
113 1216 1
113 1268 1
114 371 1
115 1512 1
116 111 1
116 135 1
117 941 1
117 1210 1
118 423 1
118 1641 1
119 613 1
119 634 1
119 1282 1
119 1389 1
120 371 1
120 390 1
120 1159 1
120 1262 1
121 1548 1
122 78 1
122 528 1
122 1279 1
123 121 1
123 548 1
124 161 1
124 238 1
124 768 1
125 126 1
125 521 1
126 430 1
127 5 1
127 68 1
127 1550 1
128 828 1
128 836 1
129 504 1
129 609 1
130 38 1
130 1560 1
131 368 1
131 458 1
131 1510 1
132 108 1
132 398 1
133 110 1
133 112 1
134 1369 1
135 116 1
135 822 1
136 1583 1
137 59 1
138 190 1
138 1302 1
139 236 1
139 1338 1
140 890 1
140 1190 1
141 360 1
142 688 1
142 1115 1
143 145 1
143 1415 1
143 1443 1
144 185 1
144 1135 1
145 1415 1
145 1613 1
146 440 1
146 549 1
147 397 1
147 503 1
148 23 1
148 667 1
149 500 1
150 514 1
150 1308 1
151 447 1
151 1246 1
151 1325 1
152 354 1
152 504 1
152 1375 1
153 50 1
153 539 1
154 51 1
154 678 1
155 178 1
155 1563 1
156 373 1
156 1230 1
157 74 1
157 421 1
157 1447 1
157 1466 1
158 610 1
158 764 1
159 163 1
159 1110 1
160 164 1
160 166 1
160 1322 1
161 571 1
161 1374 1
162 1104 1
162 1149 1
163 165 1
163 905 1
164 160 1
164 1049 1
165 169 1
165 819 1
166 160 1
166 789 1
167 605 1
167 1123 1
167 1241 1
168 345 1
168 374 1
168 1296 1
168 1308 1
169 159 1
169 1301 1
170 1131 1
170 1631 1
170 1633 1
171 166 1
171 561 1
172 97 1
173 69 1
173 1271 1
174 332 1
174 593 1
175 638 1
176 1616 1
177 596 1
177 1417 1
178 155 1
178 348 1
178 697 1
179 93 1
179 278 1
180 655 1
180 1397 1
181 16 1
182 45 1
182 857 1
183 184 1
183 1433 1
184 183 1
184 771 1
184 1328 1
185 144 1
185 198 1
185 389 1
185 1141 1
186 98 1
186 349 1
186 1599 1
187 179 1
187 308 1
188 563 1
188 801 1
189 825 1
189 827 1
190 138 1
190 776 1
190 790 1
191 772 1
191 834 1
192 116 1
192 822 1
193 194 1
193 628 1
193 1087 1
194 193 1
194 206 1
194 1386 1
195 544 1
196 1597 1
197 207 1
197 546 1
197 1460 1
198 185 1
198 1132 1
198 1140 1
199 80 1
199 201 1
199 946 1
199 1195 1
200 201 1
200 814 1
200 875 1
201 199 1
201 200 1
201 944 1
202 802 1
203 671 1
203 1343 1
204 214 1
204 724 1
205 306 1
205 787 1
206 194 1
206 204 1
207 197 1
207 206 1
208 693 1
209 926 1
209 1285 1
210 99 1
210 1031 1
211 254 1
211 659 1
211 961 1
212 43 1
212 1179 1
213 150 1
213 595 1
214 1386 1
214 1440 1
215 399 1
215 664 1
216 208 1
216 1053 1
217 482 1
217 718 1
218 227 1
218 1340 1
219 172 1
220 26 1
220 1267 1
221 80 1
221 1249 1
222 15 1
222 256 1
223 136 1
223 728 1
223 887 1
224 205 1
224 248 1
225 670 1
225 1495 1
225 1594 1
226 109 1
226 670 1
226 1446 1
227 540 1
227 1547 1
228 109 1
228 304 1
228 732 1
228 1336 1
229 1136 1
229 1364 1
230 506 1
230 904 1
230 1595 1
231 279 1
231 979 1
232 231 1
232 395 1
233 746 1
234 252 1
235 33 1
236 139 1
237 54 1
237 391 1
237 1275 1
238 124 1
238 749 1
238 898 1
238 1100 1
239 72 1
239 800 1
239 854 1
240 534 1
240 735 1
241 538 1
241 1158 1
242 241 1
242 1165 1
243 568 1
244 512 1
245 686 1
245 873 1
246 315 1
246 600 1
246 950 1
247 73 1
247 581 1
248 224 1
248 283 1
249 306 1
249 489 1
249 1607 1
250 89 1
250 288 1
251 384 1
251 935 1
252 234 1
252 531 1
253 370 1
253 496 1
253 1593 1
254 211 1
254 290 1
254 992 1
255 40 1
255 87 1
255 816 1
255 1246 1
256 222 1
256 330 1
256 1329 1
257 780 1
257 1042 1
257 1627 1
258 295 1
258 1029 1
258 1263 1
259 219 1
259 1626 1
260 91 1
260 473 1
260 557 1
261 274 1
261 417 1
261 617 1
262 986 1
263 572 1
263 1331 1
264 488 1
264 1331 1
265 106 1
265 261 1
265 274 1
265 617 1
266 836 1
266 1284 1
267 713 1
267 972 1
268 281 1
269 298 1
269 347 1
270 327 1
270 703 1
271 272 1
271 1061 1
271 1240 1
272 271 1
272 1314 1
272 1513 1
273 585 1
273 910 1
274 41 1
274 261 1
274 265 1
274 280 1
275 455 1
275 708 1
275 966 1
275 1406 1
276 1400 1
277 189 1
277 1273 1
278 90 1
278 280 1
278 1074 1
279 267 1
279 975 1
280 265 1
280 274 1
280 278 1
281 980 1
281 1391 1
282 459 1
283 248 1
283 296 1
284 1546 1
285 322 1
285 1487 1
286 943 1
287 1191 1
287 1507 1
288 250 1
288 585 1
288 602 1
289 720 1
289 934 1
290 254 1
290 311 1
291 583 1
291 584 1
291 1531 1
292 299 1
292 1214 1
293 1481 1
294 573 1
294 1333 1
295 258 1
295 472 1
296 283 1
297 566 1
297 931 1
298 347 1
298 1559 1
299 356 1
299 1212 1
300 1299 1
300 1344 1
301 266 1
302 1368 1
303 331 1
303 332 1
304 104 1
304 228 1
305 523 1
305 1097 1
305 1652 1
306 249 1
306 509 1
307 595 1
307 1521 1
308 78 1
308 445 1
309 1010 1
310 443 1
310 1341 1
310 1411 1
311 290 1
311 342 1
311 640 1
311 1514 1
312 346 1
312 1318 1
313 1210 1
314 223 1
314 393 1
315 246 1
315 318 1
315 1496 1
316 682 1
316 1004 1
316 1093 1
317 748 1
317 1535 1
318 315 1
318 1653 1
319 747 1
319 849 1
320 122 1
320 685 1
320 1479 1
321 287 1
321 1266 1
322 450 1
322 1442 1
323 726 1
323 1430 1
324 1501 1
325 75 1
325 529 1
325 710 1
325 712 1
326 252 1
326 1592 1
327 18 1
327 890 1
328 343 1
328 519 1
329 336 1
329 429 1
330 256 1
330 468 1
331 303 1
331 1121 1
332 303 1
332 331 1
333 126 1
333 336 1
334 465 1
335 48 1
335 1079 1
335 1219 1
336 333 1
336 429 1
337 60 1
337 750 1
338 79 1
338 1654 1
339 329 1
339 334 1
340 1632 1
341 632 1
341 1103 1
341 1157 1
342 311 1
342 375 1
342 673 1
342 797 1
343 519 1
343 663 1
344 328 1
344 1506 1
345 357 1
345 922 1
346 312 1
346 529 1
346 1524 1
347 298 1
347 755 1
347 1539 1
348 178 1
349 186 1
349 1522 1
350 788 1
350 1480 1
351 729 1
351 1421 1
352 821 1
352 1102 1
352 1611 1
353 770 1
353 1035 1
354 152 1
354 504 1
354 1157 1
355 587 1
355 1622 1
356 815 1
357 496 1
357 1308 1
358 359 1
358 1162 1
358 1292 1
359 358 1
359 362 1
359 616 1
360 141 1
360 1310 1
361 359 1
362 23 1
362 148 1
363 361 1
363 1117 1
364 1472 1
364 1573 1
365 444 1
365 1273 1
365 1590 1
366 321 1
366 1586 1
367 59 1
367 259 1
367 902 1
368 131 1
368 649 1
368 1445 1
369 486 1
370 524 1
370 1068 1
371 120 1
371 522 1
372 379 1
373 394 1
373 1236 1
374 168 1
374 588 1
375 342 1
375 376 1
375 642 1
376 375 1
376 449 1
376 1349 1
377 212 1
378 518 1
378 1576 1
379 372 1
379 389 1
379 1372 1
380 765 1
380 1558 1
381 578 1
381 653 1
381 1562 1
382 609 1
382 818 1
382 1485 1
383 1483 1
383 1578 1
384 505 1
384 1523 1
384 1540 1
385 597 1
386 899 1
386 1354 1
387 388 1
387 706 1
388 192 1
388 387 1
389 379 1
389 490 1
390 526 1
390 801 1
390 1159 1
391 237 1
391 462 1
391 800 1
392 506 1
393 1567 1
394 373 1
394 908 1
394 1062 1
395 267 1
395 279 1
396 754 1
396 1657 1
397 564 1
398 404 1
398 1089 1
399 215 1
399 778 1
399 845 1
399 1661 1
400 885 1
400 1345 1
401 167 1
401 844 1
401 1243 1
402 412 1
402 415 1
402 929 1
403 398 1
403 1237 1
404 994 1
404 1089 1
405 297 1
405 1309 1
406 412 1
406 891 1
407 215 1
407 664 1
408 872 1
409 1584 1
410 49 1
410 456 1
410 1609 1
411 108 1
411 405 1
412 402 1
413 487 1
413 1129 1
414 419 1
414 1379 1
415 402 1
415 423 1
415 1530 1
416 353 1
416 426 1
416 428 1
417 41 1
417 811 1
418 407 1
419 414 1
419 436 1
419 739 1
420 408 1
420 411 1
421 157 1
421 425 1
421 1036 1
421 1341 1
422 420 1
422 872 1
422 994 1
423 61 1
423 415 1
423 1420 1
423 1477 1
424 779 1
424 1462 1
425 421 1
425 1332 1
425 1337 1
425 1542 1
426 416 1
426 1260 1
427 1099 1
427 1367 1
427 1369 1
428 416 1
428 433 1
429 334 1
429 1173 1
430 333 1
430 784 1
430 1173 1
431 882 1
432 295 1
432 472 1
433 434 1
433 437 1
433 1275 1
434 433 1
434 435 1
434 437 1
434 439 1
435 434 1
435 439 1
435 1267 1
436 1008 1
436 1545 1
437 434 1
437 438 1
438 435 1
438 791 1
439 428 1
439 434 1
440 448 1
440 737 1
441 655 1
441 1397 1
441 1537 1
442 813 1
442 1420 1
442 1424 1
443 310 1
443 912 1
444 365 1
444 913 1
445 528 1
446 177 1
447 1499 1
448 432 1
448 503 1
449 376 1
449 497 1
449 1148 1
449 1503 1
450 485 1
450 786 1
451 453 1
452 22 1
452 455 1
452 699 1
453 451 1
453 1209 1
454 410 1
454 1660 1
455 22 1
455 275 1
456 410 1
456 454 1
456 728 1
457 502 1
457 615 1
457 1475 1
458 131 1
458 452 1
458 1113 1
459 417 1
460 461 1
460 1618 1
461 864 1
462 391 1
463 464 1
464 463 1
464 1052 1
464 1304 1
465 466 1
465 1582 1
466 467 1
466 469 1
467 409 1
467 1582 1
468 330 1
469 467 1
469 1552 1
470 847 1
471 367 1
472 549 1
473 260 1
473 624 1
474 476 1
474 1039 1
474 1517 1
475 510 1
475 621 1
475 837 1
476 474 1
476 1122 1
476 1161 1
477 733 1
477 1548 1
478 83 1
478 982 1
479 607 1
479 608 1
479 1443 1
480 1012 1
481 106 1
481 636 1
482 220 1
482 704 1
483 1465 1
483 1596 1
484 75 1
484 497 1
484 1177 1
485 43 1
485 786 1
486 674 1
486 1375 1
487 413 1
487 763 1
487 1350 1
488 397 1
488 440 1
489 249 1
489 509 1
489 709 1
490 389 1
490 1482 1
491 518 1
491 631 1
491 1591 1
492 87 1
492 494 1
492 696 1
492 1645 1
493 52 1
493 1570 1
494 86 1
494 492 1
494 507 1
494 1644 1
495 40 1
495 904 1
495 1134 1
495 1478 1
496 253 1
496 357 1
496 785 1
496 922 1
497 449 1
497 484 1
497 1168 1
498 843 1
498 1451 1
499 501 1
499 993 1
500 149 1
500 499 1
500 1551 1
501 500 1
501 1636 1
502 457 1
502 652 1
502 1180 1
503 488 1
503 1335 1
504 129 1
504 152 1
504 354 1
504 700 1
505 140 1
505 901 1
505 1537 1
505 1540 1
506 230 1
506 392 1
506 702 1
507 494 1
507 508 1
507 851 1
508 507 1
508 713 1
508 972 1
509 489 1
509 717 1
510 630 1
511 17 1
511 53 1
511 819 1
511 989 1
512 244 1
512 781 1
513 515 1
513 517 1
513 595 1
514 150 1
514 513 1
515 44 1
515 513 1
515 514 1
516 515 1
516 1453 1
517 516 1
517 1154 1
518 378 1
518 963 1
519 1251 1
519 1506 1
520 101 1
521 125 1
521 729 1
521 959 1
522 371 1
522 1282 1
522 1405 1
523 305 1
523 732 1
524 253 1
524 370 1
524 1094 1
525 9 1
526 390 1
526 626 1
527 575 1
528 122 1
528 618 1
528 889 1
529 325 1
529 712 1
530 100 1
530 599 1
531 1202 1
532 1303 1
533 535 1
534 29 1
534 1015 1
534 1404 1
535 218 1
535 540 1
536 240 1
537 323 1
537 1317 1
538 536 1
539 153 1
539 337 1
539 541 1
540 533 1
541 539 1
541 750 1
542 13 1
542 738 1
543 612 1
543 1292 1
544 1164 1
545 600 1
545 1143 1
545 1482 1
546 194 1
546 207 1
547 548 1
547 551 1
548 121 1
548 550 1
549 1263 1
550 547 1
550 1020 1
551 8 1
552 565 1
552 1385 1
553 420 1
553 560 1
553 994 1
554 21 1
554 576 1
555 471 1
556 16 1
556 762 1
557 91 1
558 641 1
559 874 1
559 1287 1
560 132 1
561 54 1
562 897 1
562 1611 1
563 188 1
563 781 1
564 146 1
564 778 1
565 554 1
566 14 1
566 320 1
566 856 1
567 175 1
567 995 1
567 996 1
568 242 1
568 1291 1
569 499 1
569 1274 1
570 13 1
571 1 1
571 658 1
572 668 1
572 725 1
572 936 1
573 294 1
574 82 1
575 383 1
575 527 1
576 552 1
577 324 1
577 1081 1
577 1571 1
578 653 1
579 1392 1
580 1392 1
581 1037 1
582 304 1
582 1473 1
583 17 1
583 291 1
583 989 1
584 291 1
584 1119 1
585 288 1
585 1003 1
586 851 1
586 1079 1
587 355 1
587 774 1
587 1068 1
588 351 1
588 374 1
588 729 1
588 838 1
589 691 1
589 928 1
590 745 1
591 1026 1
592 36 1
592 1106 1
592 1124 1
593 1272 1
593 1433 1
594 1647 1
595 213 1
595 307 1
595 513 1
595 858 1
596 446 1
597 113 1
597 385 1
598 831 1
598 903 1
599 688 1
599 855 1
600 246 1
600 545 1
600 648 1
601 671 1
601 1613 1
602 1118 1
602 1368 1
603 1463 1
603 1464 1
604 853 1
604 1103 1
604 1157 1
605 842 1
606 1310 1
607 479 1
607 1276 1
608 110 1
608 479 1
608 1398 1
609 129 1
609 382 1
610 850 1
610 1199 1
611 999 1
611 1086 1
612 765 1
613 119 1
614 377 1
614 1019 1
615 457 1
616 359 1
616 622 1
616 629 1
617 261 1
617 459 1
617 907 1
618 644 1
618 953 1
619 846 1
619 1017 1
620 475 1
620 621 1
620 982 1
621 620 1
621 751 1
621 837 1
622 616 1
622 623 1
622 867 1
623 1345 1
623 1456 1
624 473 1
624 794 1
625 1627 1
626 526 1
626 563 1
626 1166 1
627 835 1
627 1248 1
628 193 1
628 1087 1
628 1396 1
629 156 1
629 867 1
630 837 1
631 491 1
631 854 1
631 963 1
632 341 1
633 443 1
633 714 1
633 1651 1
634 119 1
634 888 1
634 1066 1
635 81 1
635 362 1
635 616 1
636 481 1
636 639 1
636 1329 1
637 62 1
637 648 1
637 996 1
638 62 1
638 650 1
638 1047 1
639 135 1
639 636 1
639 1338 1
640 311 1
640 673 1
640 1040 1
641 558 1
641 932 1
641 1021 1
642 643 1
642 797 1
642 1351 1
643 376 1
643 642 1
643 886 1
644 685 1
645 136 1
645 728 1
646 542 1
646 892 1
647 208 1
647 1587 1
648 600 1
648 637 1
649 368 1
649 776 1
649 1659 1
650 638 1
651 1063 1
652 502 1
652 1056 1
653 381 1
653 740 1
653 1637 1
654 318 1
654 1496 1
655 140 1
655 441 1
655 657 1
656 39 1
656 657 1
656 1457 1
657 655 1
657 656 1
657 890 1
657 1580 1
658 1067 1
659 56 1
659 211 1
659 698 1
660 661 1
660 1370 1
661 1403 1
662 663 1
662 1251 1
663 343 1
663 863 1
664 407 1
664 945 1
664 1227 1
664 1402 1
665 292 1
665 664 1
666 677 1
667 148 1
667 195 1
667 1139 1
668 294 1
668 572 1
669 562 1
669 909 1
669 1118 1
670 225 1
670 226 1
670 1497 1
671 582 1
672 858 1
672 1076 1
673 342 1
673 640 1
673 1078 1
674 32 1
675 301 1
675 1116 1
676 647 1
677 155 1
677 666 1
677 697 1
678 1337 1
679 1344 1
680 227 1
681 232 1
681 1145 1
681 1494 1
682 316 1
682 1133 1
682 1382 1
683 1534 1
683 1542 1
684 741 1
684 768 1
684 1486 1
685 320 1
685 856 1
685 1193 1
686 1218 1
687 282 1
688 855 1
688 1480 1
689 35 1
689 1525 1
690 245 1
690 686 1
691 681 1
691 1011 1
691 1256 1
692 694 1
692 1474 1
693 701 1
693 1431 1
694 1215 1
695 536 1
696 90 1
696 94 1
696 492 1
696 1646 1
697 677 1
697 782 1
697 1259 1
698 730 1
699 452 1
699 966 1
699 1077 1
700 504 1
700 557 1
701 676 1
701 693 1
702 506 1
702 911 1
702 1479 1
703 270 1
703 792 1
703 1032 1
703 1376 1
704 36 1
704 482 1
704 1124 1
704 1223 1
705 1337 1
705 1419 1
706 589 1
706 1529 1
707 529 1
707 947 1
708 275 1
708 1044 1
708 1395 1
709 489 1
709 717 1
709 903 1
710 325 1
710 707 1
711 134 1
711 1099 1
712 325 1
712 1030 1
713 507 1
713 740 1
714 900 1
715 1000 1
716 959 1
717 709 1
717 787 1
718 217 1
718 1060 1
718 1223 1
719 70 1
719 742 1
719 1492 1
720 268 1
721 722 1
721 723 1
722 719 1
722 721 1
722 1576 1
723 722 1
723 724 1
724 204 1
724 723 1
724 1075 1
725 183 1
725 771 1
726 184 1
727 803 1
727 1347 1
728 223 1
728 456 1
728 841 1
729 521 1
729 588 1
730 290 1
730 775 1
731 1151 1
732 228 1
732 523 1
732 964 1
733 458 1
733 848 1
734 733 1
734 773 1
734 1548 1
735 243 1
735 1015 1
736 591 1
736 839 1
737 746 1
737 1294 1
738 542 1
738 892 1
738 1096 1
739 419 1
739 1057 1
739 1545 1
740 1644 1
741 285 1
741 877 1
742 719 1
742 1196 1
743 644 1
744 210 1
744 1630 1
745 840 1
746 448 1
746 737 1
746 1125 1
747 748 1
747 1206 1
748 747 1
748 752 1
748 1206 1
749 238 1
749 541 1
749 750 1
750 337 1
750 422 1
750 749 1
751 340 1
752 748 1
752 756 1
752 1205 1
753 1436 1
754 396 1
755 347 1
755 1361 1
756 752 1
756 753 1
757 47 1
757 1042 1
757 1286 1
758 1013 1
759 319 1
759 760 1
760 758 1
760 849 1
761 784 1
761 954 1
762 153 1
762 181 1
763 487 1
764 118 1
764 158 1
765 1117 1
766 769 1
766 770 1
767 797 1
767 1169 1
768 124 1
768 684 1
769 766 1
769 1107 1
770 353 1
770 766 1
770 1172 1
771 1324 1
771 1328 1
772 1130 1
772 1616 1
773 734 1
773 1445 1
774 587 1
774 916 1
775 767 1
776 190 1
776 566 1
776 938 1
777 378 1
777 1216 1
778 102 1
778 399 1
778 564 1
779 1250 1
780 625 1
781 1066 1
782 697 1
783 802 1
783 984 1
784 430 1
784 789 1
785 496 1
785 1094 1
786 1556 1
787 205 1
787 717 1
787 805 1
787 1010 1
788 369 1
789 166 1
789 784 1
789 954 1
789 1348 1
790 190 1
791 26 1
791 438 1
791 792 1
791 800 1
792 703 1
792 718 1
792 791 1
792 1280 1
793 221 1
794 624 1
795 1620 1
796 812 1
797 342 1
797 642 1
798 445 1
798 948 1
799 1185 1
799 1634 1
800 239 1
800 391 1
800 791 1
800 1280 1
801 1470 1
802 202 1
802 783 1
802 1088 1
803 727 1
803 1617 1
804 1091 1
804 1130 1
805 248 1
805 876 1
806 1192 1
807 633 1
807 900 1
808 243 1
808 276 1
808 1015 1
809 646 1
809 1009 1
810 1149 1
810 1367 1
811 814 1
811 875 1
812 80 1
812 201 1
813 442 1
813 1573 1
814 520 1
814 812 1
815 3 1
816 255 1
816 447 1
816 1326 1
817 822 1
817 1152 1
817 1329 1
818 382 1
818 1389 1
819 169 1
819 511 1
820 527 1
820 1144 1
821 352 1
821 1273 1
821 1590 1
822 192 1
822 387 1
822 817 1
823 364 1
823 1307 1
824 603 1
824 829 1
824 1017 1
825 824 1
825 830 1
826 829 1
826 913 1
827 826 1
827 829 1
828 128 1
828 1171 1
828 1412 1
829 824 1
829 825 1
829 827 1
830 189 1
830 277 1
831 598 1
831 1011 1
831 1476 1
832 834 1
832 1393 1
832 1434 1
833 1550 1
834 191 1
834 832 1
834 835 1
834 1248 1
835 627 1
835 834 1
835 1014 1
836 52 1
836 128 1
837 621 1
837 630 1
838 729 1
838 1383 1
839 1092 1
840 505 1
841 314 1
841 958 1
842 1452 1
842 1495 1
842 1600 1
843 1451 1
843 1600 1
844 498 1
844 1549 1
845 399 1
845 1231 1
846 400 1
847 470 1
847 570 1
848 773 1
848 1510 1
849 319 1
849 760 1
850 1199 1
850 1208 1
851 934 1
851 1581 1
852 1327 1
852 1450 1
853 604 1
853 1103 1
853 1142 1
854 631 1
854 1027 1
855 100 1
856 297 1
856 1309 1
857 24 1
857 182 1
857 1022 1
857 1455 1
858 595 1
858 672 1
858 1296 1
859 1298 1
860 346 1
861 312 1
861 1559 1
862 1098 1
863 71 1
864 1016 1
865 973 1
865 1001 1
866 869 1
867 373 1
868 866 1
868 974 1
869 871 1
870 868 1
870 869 1
871 967 1
872 422 1
872 990 1
873 245 1
873 1585 1
874 559 1
874 1353 1
874 1597 1
875 41 1
875 200 1
875 942 1
876 296 1
876 805 1
877 741 1
877 768 1
878 1155 1
878 1418 1
878 1508 1
879 883 1
879 884 1
880 197 1
881 1524 1
881 1566 1
882 883 1
882 1458 1
883 804 1
883 879 1
883 882 1
884 879 1
885 233 1
885 1252 1
886 643 1
886 1503 1
887 223 1
887 891 1
887 929 1
888 1321 1
889 528 1
889 798 1
889 1147 1
890 18 1
890 327 1
890 657 1
891 406 1
891 887 1
891 941 1
891 1661 1
892 646 1
892 1009 1
893 676 1
893 701 1
894 531 1
894 1261 1
895 476 1
895 1161 1
896 570 1
896 809 1
896 1075 1
896 1108 1
897 562 1
898 124 1
899 96 1
900 807 1
900 1097 1
901 505 1
901 590 1
901 1301 1
902 72 1
902 367 1
902 955 1
903 598 1
903 709 1
903 1010 1
904 495 1
904 1279 1
905 165 1
905 906 1
906 905 1
906 1213 1
907 617 1
907 689 1
907 1526 1
908 623 1
908 1554 1
909 669 1
909 1101 1
910 1105 1
911 702 1
911 1279 1
911 1511 1
912 443 1
912 1114 1
913 444 1
913 826 1
914 537 1
915 635 1
915 1344 1
916 774 1
916 1593 1
917 40 1
917 93 1
917 1225 1
918 886 1
918 1553 1
919 970 1
919 999 1
919 1417 1
920 921 1
920 1023 1
920 1313 1
921 920 1
921 1360 1
921 1365 1
922 785 1
923 49 1
923 1303 1
923 1307 1
924 1358 1
924 1365 1
925 668 1
925 927 1
925 936 1
926 209 1
926 1025 1
926 1536 1
927 1257 1
928 991 1
929 1041 1
929 1493 1
930 779 1
930 806 1
931 1002 1
932 641 1
932 1021 1
932 1265 1
933 731 1
933 1006 1
934 508 1
934 720 1
935 95 1
935 1523 1
936 925 1
936 1577 1
937 460 1
937 1609 1
938 776 1
938 952 1
939 29 1
939 780 1
939 940 1
940 313 1
940 939 1
940 941 1
941 891 1
941 940 1
941 1530 1
942 25 1
942 948 1
943 200 1
943 942 1
944 614 1
944 943 1
945 664 1
945 1057 1
945 1227 1
946 199 1
946 944 1
946 1615 1
947 707 1
947 951 1
947 1071 1
947 1387 1
948 1533 1
949 946 1
949 1195 1
950 246 1
950 1143 1
950 1516 1
951 918 1
952 1422 1
952 1659 1
953 618 1
953 889 1
954 761 1
954 789 1
954 1274 1
954 1322 1
955 471 1
955 555 1
956 58 1
956 1276 1
957 11 1
957 1428 1
958 393 1
958 841 1
959 521 1
959 1033 1
960 56 1
960 698 1
961 211 1
961 992 1
961 1538 1
962 1644 1
963 518 1
963 631 1
963 1268 1
963 1376 1
964 2 1
964 104 1
964 732 1
965 870 1
965 871 1
966 275 1
966 699 1
966 1318 1
967 971 1
968 1063 1
969 965 1
969 967 1
970 1435 1
970 1468 1
971 1001 1
972 268 1
972 508 1
972 975 1
973 969 1
973 971 1
974 977 1
975 281 1
975 972 1
975 979 1
976 757 1
976 1043 1
977 866 1
978 865 1
978 983 1
979 281 1
979 975 1
979 980 1
980 979 1
980 981 1
980 1006 1
981 980 1
981 982 1
981 1391 1
982 620 1
982 660 1
982 981 1
983 865 1
983 1005 1
984 1007 1
984 1174 1
985 783 1
985 984 1
986 1088 1
987 988 1
987 1096 1
988 1384 1
988 1532 1
989 511 1
989 583 1
989 1119 1
990 749 1
991 706 1
992 961 1
992 1040 1
993 501 1
993 1155 1
994 60 1
994 404 1
994 422 1
994 560 1
995 62 1
995 996 1
996 565 1
996 1385 1
997 1061 1
997 1465 1
998 1463 1
998 1465 1
999 919 1
999 1520 1
1000 715 1
1000 1176 1
1001 978 1
1002 938 1
1002 1422 1
1003 273 1
1003 585 1
1003 1109 1
1003 1159 1
1004 22 1
1004 316 1
1004 1277 1
1005 983 1
1005 985 1
1006 231 1
1006 731 1
1007 985 1
1007 1005 1
1008 436 1
1009 809 1
1009 1108 1
1010 309 1
1010 787 1
1010 903 1
1010 1145 1
1011 691 1
1011 831 1
1011 928 1
1012 480 1
1012 796 1
1013 1007 1
1013 1174 1
1014 627 1
1014 835 1
1014 1016 1
1015 534 1
1015 735 1
1015 808 1
1015 1018 1
1016 6 1
1016 1014 1
1016 1639 1
1017 619 1
1017 824 1
1017 1464 1
1018 29 1
1018 47 1
1018 1015 1
1018 1042 1
1019 1615 1
1020 289 1
1021 641 1
1021 932 1
1021 1265 1
1022 55 1
1022 56 1
1022 857 1
1022 1306 1
1023 920 1
1023 1313 1
1024 1444 1
1025 106 1
1025 926 1
1025 1128 1
1025 1528 1
1026 839 1
1026 1461 1
1027 854 1
1027 1280 1
1027 1376 1
1028 894 1
1029 1126 1
1029 1252 1
1030 69 1
1030 75 1
1030 860 1
1030 1271 1
1031 1621 1
1032 703 1
1032 1413 1
1033 125 1
1033 329 1
1034 1127 1
1034 1211 1
1035 353 1
1035 1267 1
1035 1399 1
1036 421 1
1036 1332 1
1037 581 1
1037 1392 1
1037 1509 1
1038 1182 1
1038 1454 1
1039 895 1
1039 1585 1
1040 640 1
1040 992 1
1040 1078 1
1040 1640 1
1041 415 1
1042 257 1
1042 757 1
1042 1018 1
1042 1396 1
1043 556 1
1044 708 1
1044 1318 1
1044 1357 1
1045 654 1
1045 1052 1
1045 1053 1
1046 139 1
1046 481 1
1047 63 1
1047 229 1
1048 1211 1
1049 426 1
1049 1107 1
1050 806 1
1050 1065 1
1050 1477 1
1050 1643 1
1051 1281 1
1052 464 1
1052 1045 1
1052 1516 1
1053 63 1
1053 637 1
1053 1045 1
1054 1295 1
1054 1298 1
1055 6 1
1055 1057 1
1055 1224 1
1056 652 1
1057 739 1
1057 945 1
1057 1055 1
1057 1059 1
1058 652 1
1058 1171 1
1059 1057 1
1059 1176 1
1059 1229 1
1060 718 1
1060 1032 1
1061 147 1
1061 271 1
1061 997 1
1061 1240 1
1062 575 1
1062 1416 1
1062 1554 1
1063 949 1
1064 37 1
1064 597 1
1065 625 1
1065 940 1
1066 634 1
1066 1611 1
1067 1170 1
1067 1184 1
1068 370 1
1068 1649 1
1069 587 1
1069 1336 1
1069 1497 1
1070 687 1
1071 947 1
1071 1073 1
1071 1387 1
1072 1073 1
1072 1136 1
1072 1364 1
1073 1071 1
1073 1072 1
1073 1137 1
1073 1364 1
1074 1427 1
1075 724 1
1075 896 1
1075 1108 1
1076 716 1
1076 1421 1
1077 30 1
1077 699 1
1077 1561 1
1078 673 1
1078 1040 1
1078 1270 1
1079 335 1
1079 1581 1
1080 1085 1
1081 264 1
1081 577 1
1082 403 1
1083 1181 1
1083 1382 1
1083 1566 1
1084 1555 1
1085 10 1
1085 1245 1
1086 611 1
1086 999 1
1087 424 1
1087 628 1
1087 1462 1
1088 802 1
1088 1150 1
1089 16 1
1089 1237 1
1090 6 1
1090 1639 1
1091 1362 1
1091 1394 1
1092 95 1
1092 251 1
1092 1310 1
1093 316 1
1094 524 1
1094 1373 1
1094 1538 1
1095 743 1
1096 738 1
1096 987 1
1097 1207 1
1098 107 1
1098 862 1
1099 302 1
1099 1118 1
1100 238 1
1100 990 1
1101 909 1
1101 1483 1
1101 1578 1
1102 909 1
1103 341 1
1103 604 1
1103 853 1
1103 1115 1
1104 162 1
1104 250 1
1105 129 1
1105 1485 1
1106 474 1
1107 164 1
1107 1049 1
1108 896 1
1108 1075 1
1108 1440 1
1109 526 1
1109 1003 1
1109 1166 1
1110 163 1
1110 1401 1
1111 1262 1
1112 374 1
1112 1348 1
1113 458 1
1113 477 1
1114 807 1
1115 89 1
1115 288 1
1115 1103 1
1116 1201 1
1117 363 1
1117 1570 1
1118 669 1
1118 1099 1
1118 1423 1
1119 901 1
1119 989 1
1120 645 1
1120 1660 1
1121 936 1
1122 1106 1
1123 167 1
1124 53 1
1124 592 1
1124 704 1
1124 1474 1
1125 746 1
1126 1029 1
1127 1034 1
1127 1230 1
1128 15 1
1128 1025 1
1128 1329 1
1129 413 1
1130 176 1
1131 1098 1
1132 198 1
1132 490 1
1133 682 1
1133 1277 1
1133 1406 1
1134 1242 1
1134 1279 1
1135 144 1
1136 63 1
1136 216 1
1136 1072 1
1137 1073 1
1137 1138 1
1137 1363 1
1138 924 1
1138 1137 1
1139 102 1
1139 667 1
1140 198 1
1140 1143 1
1140 1482 1
1141 185 1
1142 853 1
1143 950 1
1143 1140 1
1144 1416 1
1145 681 1
1145 1010 1
1145 1011 1
1146 775 1
1146 1169 1
1147 889 1
1147 1527 1
1148 449 1
1148 1355 1
1149 810 1
1149 852 1
1150 262 1
1150 1425 1
1151 1145 1
1151 1403 1
1152 92 1
1152 817 1
1153 403 1
1153 1156 1
1154 517 1
1154 1490 1
1154 1521 1
1155 878 1
1155 993 1
1155 1274 1
1156 1082 1
1156 1361 1
1157 341 1
1157 354 1
1157 604 1
1158 241 1
1158 1160 1
1158 1165 1
1159 120 1
1159 1003 1
1160 1158 1
1160 1162 1
1160 1164 1
1160 1165 1
1161 476 1
1161 1122 1
1161 1508 1
1162 358 1
1162 1160 1
1162 1164 1
1163 987 1
1163 1156 1
1164 84 1
1164 1160 1
1165 1160 1
1165 1557 1
1165 1658 1
1166 585 1
1167 736 1
1167 1471 1
1168 67 1
1168 497 1
1168 1148 1
1169 1514 1
1170 9 1
1170 571 1
1170 898 1
1171 828 1
1171 1056 1
1172 770 1
1172 1399 1
1172 1508 1
1173 1354 1
1174 1054 1
1174 1254 1
1175 578 1
1175 1494 1
1175 1560 1
1175 1637 1
1176 1000 1
1176 1059 1
1176 1229 1
1176 1439 1
1176 1657 1
1177 1168 1
1178 861 1
1178 1539 1
1179 212 1
1180 1058 1
1181 1083 1
1181 1357 1
1181 1524 1
1182 1454 1
1182 1497 1
1183 1186 1
1183 1650 1
1184 1067 1
1184 1359 1
1185 799 1
1186 744 1
1187 1200 1
1187 1247 1
1188 846 1
1189 1589 1
1190 270 1
1190 1531 1
1191 31 1
1192 930 1
1192 1477 1
1192 1641 1
1193 685 1
1193 1204 1
1193 1486 1
1194 105 1
1194 949 1
1194 1198 1
1195 199 1
1195 949 1
1195 1194 1
1195 1221 1
1196 1591 1
1196 1608 1
1197 605 1
1198 42 1
1198 675 1
1198 1194 1
1198 1201 1
1199 39 1
1199 850 1
1200 1226 1
1200 1305 1
1201 326 1
1201 1198 1
1201 1202 1
1202 493 1
1202 1201 1
1202 1558 1
1203 269 1
1203 1561 1
1204 1095 1
1204 1269 1
1205 317 1
1206 350 1
1207 523 1
1208 764 1
1208 850 1
1209 1070 1
1209 1255 1
1210 695 1
1211 1034 1
1211 1048 1
1211 1408 1
1212 1214 1
1213 690 1
1214 1224 1
1215 906 1
1215 1213 1
1216 777 1
1216 880 1
1216 1457 1
1217 692 1
1218 1217 1
1218 1517 1
1219 1325 1
1219 1555 1
1220 1090 1
1221 793 1
1221 1283 1
1222 547 1
1222 551 1
1223 53 1
1223 704 1
1224 665 1
1224 945 1
1225 917 1
1225 1242 1
1225 1438 1
1226 1200 1
1226 1247 1
1226 1297 1
1227 739 1
1227 1231 1
1228 1244 1
1229 1055 1
1229 1220 1
1230 156 1
1230 1127 1
1230 1236 1
1231 845 1
1231 1234 1
1232 1312 1
1233 287 1
1233 1191 1
1234 845 1
1235 19 1
1235 1114 1
1236 711 1
1236 1230 1
1237 1153 1
1237 1384 1
1238 1239 1
1238 1312 1
1238 1316 1
1239 1232 1
1239 1238 1
1239 1240 1
1240 271 1
1240 1239 1
1240 1513 1
1241 1197 1
1241 1243 1
1242 1225 1
1242 1438 1
1243 843 1
1243 1197 1
1244 677 1
1244 1228 1
1244 1259 1
1245 1080 1
1245 1605 1
1246 86 1
1246 151 1
1247 1187 1
1247 1290 1
1248 834 1
1248 937 1
1249 796 1
1249 1475 1
1250 158 1
1250 1457 1
1251 716 1
1251 1506 1
1252 258 1
1252 1429 1
1253 885 1
1253 1188 1
1254 759 1
1254 1013 1
1255 1209 1
1256 68 1
1256 691 1
1256 1297 1
1257 1563 1
1258 648 1
1258 1653 1
1259 1244 1
1259 1278 1
1259 1489 1
1260 766 1
1260 1107 1
1261 894 1
1262 910 1
1262 1111 1
1263 997 1
1264 117 1
1264 1661 1
1265 932 1
1265 1021 1
1265 1287 1
1266 1233 1
1267 36 1
1267 220 1
1267 435 1
1267 1035 1
1268 113 1
1268 777 1
1268 963 1
1269 953 1
1270 1078 1
1270 1311 1
1271 173 1
1271 1177 1
1272 593 1
1272 1278 1
1273 277 1
1273 820 1
1273 821 1
1274 103 1
1274 954 1
1274 1155 1
1275 237 1
1275 433 1
1276 607 1
1276 1398 1
1277 1004 1
1277 1133 1
1277 1406 1
1278 782 1
1278 1272 1
1279 122 1
1279 904 1
1279 911 1
1280 800 1
1280 1027 1
1281 4 1
1281 1051 1
1282 119 1
1282 522 1
1283 105 1
1283 1221 1
1284 128 1
1284 1283 1
1285 957 1
1286 762 1
1286 1043 1
1287 1265 1
1287 1353 1
1288 372 1
1288 1356 1
1288 1372 1
1289 153 1
1289 898 1
1290 1247 1
1290 1297 1
1290 1648 1
1291 1028 1
1291 1557 1
1292 361 1
1292 363 1
1293 1494 1
1294 622 1
1294 915 1
1295 7 1
1295 1298 1
1296 168 1
1296 213 1
1296 858 1
1297 1226 1
1297 1256 1
1298 859 1
1298 1054 1
1298 1254 1
1299 1300 1
1300 737 1
1300 1299 1
1301 159 1
1301 901 1
1302 366 1
1302 1266 1
1303 532 1
1303 841 1
1304 464 1
1305 1200 1
1305 1484 1
1306 1022 1
1306 1023 1
1307 823 1
1307 923 1
1308 150 1
1308 168 1
1308 357 1
1308 1593 1
1309 408 1
1309 1193 1
1310 360 1
1310 606 1
1310 1092 1
1310 1541 1
1311 375 1
1311 1349 1
1312 1232 1
1312 1238 1
1312 1515 1
1313 46 1
1313 1315 1
1314 272 1
1314 1316 1
1314 1317 1
1315 921 1
1315 1358 1
1316 914 1
1316 1238 1
1316 1314 1
1317 537 1
1317 1314 1
1317 1319 1
1317 1512 1
1318 30 1
1318 312 1
1318 966 1
1318 1044 1
1319 323 1
1319 1317 1
1319 1320 1
1320 1319 1
1320 1330 1
1320 1441 1
1321 1066 1
1322 103 1
1322 954 1
1323 34 1
1323 1324 1
1323 1330 1
1324 1323 1
1324 1328 1
1324 1430 1
1325 186 1
1325 1219 1
1325 1499 1
1326 816 1
1326 1444 1
1326 1595 1
1327 1450 1
1328 184 1
1328 726 1
1328 1324 1
1329 256 1
1329 636 1
1329 817 1
1329 1128 1
1330 1320 1
1330 1323 1
1330 1334 1
1331 263 1
1331 264 1
1331 1333 1
1331 1335 1
1332 425 1
1332 683 1
1333 264 1
1333 1331 1
1333 1377 1
1334 1330 1
1334 1335 1
1334 1441 1
1335 263 1
1335 1331 1
1335 1334 1
1336 228 1
1336 1069 1
1336 1473 1
1337 425 1
1337 705 1
1337 1346 1
1338 139 1
1338 639 1
1338 1046 1
1339 798 1
1339 1147 1
1340 1342 1
1341 28 1
1341 310 1
1341 421 1
1342 51 1
1343 2 1
1343 203 1
1343 1543 1
1344 300 1
1344 679 1
1344 915 1
1345 233 1
1345 1294 1
1346 1341 1
1347 61 1
1347 1564 1
1348 1371 1
1349 1355 1
1349 1498 1
1350 175 1
1350 567 1
1351 920 1
1351 960 1
1352 466 1
1352 899 1
1353 1080 1
1353 1287 1
1353 1605 1
1354 386 1
1354 1352 1
1355 137 1
1355 1148 1
1356 196 1
1356 1288 1
1356 1605 1
1357 1044 1
1357 1181 1
1357 1524 1
1358 924 1
1358 1363 1
1358 1587 1
1359 968 1
1359 1194 1
1360 643 1
1360 1351 1
1361 755 1
1361 1082 1
1362 1130 1
1363 216 1
1363 1072 1
1364 1381 1
1364 1388 1
1365 921 1
1365 1360 1
1366 405 1
1366 931 1
1367 302 1
1367 427 1
1367 810 1
1368 810 1
1368 1104 1
1369 134 1
1369 427 1
1370 933 1
1370 981 1
1371 171 1
1371 789 1
1372 144 1
1372 1288 1
1373 785 1
1373 1094 1
1374 877 1
1375 152 1
1375 674 1
1375 1642 1
1376 37 1
1376 703 1
1376 963 1
1377 1333 1
1377 1378 1
1377 1504 1
1378 1377 1
1378 1379 1
1378 1504 1
1379 414 1
1379 1378 1
1379 1500 1
1380 500 1
1381 1382 1
1381 1388 1
1382 682 1
1382 1083 1
1382 1381 1
1382 1395 1
1383 1112 1
1383 1519 1
1384 988 1
1384 1153 1
1385 413 1
1385 567 1
1386 193 1
1386 1532 1
1387 1137 1
1387 1138 1
1388 947 1
1388 1071 1
1388 1073 1
1389 119 1
1389 818 1
1390 1589 1
1390 1606 1
1390 1623 1
1391 478 1
1392 579 1
1392 580 1
1392 1037 1
1392 1509 1
1393 1472 1
1394 79 1
1394 1654 1
1395 708 1
1395 1382 1
1396 628 1
1396 1042 1
1396 1532 1
1396 1643 1
1397 441 1
1397 606 1
1397 1541 1
1398 46 1
1398 608 1
1398 1276 1
1399 36 1
1399 1035 1
1399 1172 1
1400 9 1
1400 1289 1
1401 1110 1
1402 418 1
1402 1660 1
1403 661 1
1403 1151 1
1403 1370 1
1404 313 1
1404 939 1
1405 512 1
1405 1282 1
1406 275 1
1406 1133 1
1406 1277 1
1407 1425 1
1408 1211 1
1409 1598 1
1409 1656 1
1410 860 1
1410 1178 1
1411 310 1
1411 1346 1
1412 828 1
1412 1180 1
1412 1631 1
1413 1414 1
1413 1531 1
1414 17 1
1414 1060 1
1415 2 1
1415 143 1
1415 874 1
1416 830 1
1416 1144 1
1417 177 1
1417 919 1
1418 878 1
1419 705 1
1420 423 1
1420 442 1
1421 374 1
1422 1366 1
1423 394 1
1423 1483 1
1424 958 1
1424 1303 1
1424 1307 1
1425 1150 1
1425 1407 1
1425 1624 1
1426 1431 1
1426 1432 1
1427 265 1
1427 594 1
1428 594 1
1428 957 1
1428 1646 1
1429 1253 1
1430 1320 1
1430 1323 1
1431 76 1
1431 1426 1
1432 893 1
1433 183 1
1433 593 1
1433 1121 1
1434 832 1
1434 1393 1
1435 1468 1
1436 1086 1
1436 1435 1
1437 756 1
1437 1205 1
1438 78 1
1438 1225 1
1438 1242 1
1439 1176 1
1440 214 1
1440 1096 1
1440 1108 1
1441 1319 1
1441 1512 1
1442 1374 1
1443 110 1
1443 143 1
1443 479 1
1444 1024 1
1444 1326 1
1444 1478 1
1445 368 1
1445 773 1
1446 1235 1
1446 1594 1
1447 1467 1
1447 1598 1
1448 1494 1
1448 1638 1
1449 77 1
1449 1602 1
1450 162 1
1451 672 1
1451 1603 1
1451 1604 1
1452 1490 1
1452 1491 1
1453 516 1
1453 1452 1
1454 44 1
1454 1038 1
1454 1453 1
1455 857 1
1455 1069 1
1456 400 1
1457 656 1
1457 1216 1
1457 1250 1
1457 1460 1
1458 191 1
1458 1014 1
1459 591 1
1459 1167 1
1460 197 1
1460 1457 1
1460 1462 1
1461 95 1
1461 1620 1
1462 546 1
1462 1087 1
1462 1460 1
1463 998 1
1463 1188 1
1463 1464 1
1464 619 1
1464 1017 1
1465 483 1
1465 997 1
1465 998 1
1466 401 1
1467 157 1
1467 1036 1
1468 1437 1
1469 1311 1
1469 1498 1
1470 88 1
1470 1405 1
1471 1573 1
1472 1471 1
1472 1574 1
1473 1579 1
1474 694 1
1474 1124 1
1475 1012 1
1476 831 1
1476 1607 1
1477 423 1
1477 1050 1
1478 495 1
1478 1444 1
1478 1655 1
1479 320 1
1479 702 1
1479 1522 1
1480 788 1
1480 1572 1
1481 293 1
1481 1244 1
1481 1489 1
1482 490 1
1482 545 1
1483 1101 1
1483 1423 1
1484 1528 1
1484 1536 1
1485 114 1
1485 1262 1
1486 684 1
1486 1193 1
1487 1486 1
1488 752 1
1488 753 1
1489 1481 1
1490 1154 1
1490 1491 1
1491 1451 1
1492 70 1
1492 719 1
1492 721 1
1492 847 1
1493 314 1
1493 1569 1
1494 681 1
1494 1175 1
1494 1293 1
1494 1448 1
1495 225 1
1495 1038 1
1496 315 1
1496 654 1
1496 1516 1
1497 670 1
1497 1182 1
1497 1336 1
1498 59 1
1499 1325 1
1499 1595 1
1500 1501 1
1500 1571 1
1501 1378 1
1501 1505 1
1502 414 1
1502 1379 1
1503 449 1
1503 886 1
1503 1553 1
1504 1502 1
1505 1081 1
1505 1377 1
1506 339 1
1507 287 1
1508 878 1
1508 1161 1
1508 1172 1
1509 1392 1
1509 1621 1
1510 131 1
1510 848 1
1510 1445 1
1511 911 1
1512 115 1
1512 272 1
1512 1317 1
1513 1239 1
1513 1316 1
1514 1146 1
1515 914 1
1515 1312 1
1516 950 1
1516 1052 1
1516 1496 1
1517 474 1
1517 1217 1
1518 82 1
1518 1102 1
1519 1383 1
1520 919 1
1520 1525 1
1521 307 1
1521 1154 1
1522 1479 1
1522 1599 1
1523 384 1
1523 840 1
1523 1620 1
1524 346 1
1524 881 1
1524 1181 1
1524 1357 1
1525 1520 1
1525 1526 1
1525 1629 1
1525 1633 1
1526 689 1
1526 907 1
1526 1525 1
1527 85 1
1527 1147 1
1527 1269 1
1528 15 1
1528 1025 1
1528 1484 1
1528 1529 1
1529 589 1
1529 1528 1
1530 1065 1
1531 291 1
1531 1190 1
1531 1413 1
1532 976 1
1532 988 1
1532 1396 1
1533 286 1
1533 1339 1
1534 680 1
1534 1542 1
1534 1544 1
1535 758 1
1535 849 1
1536 926 1
1536 1187 1
1536 1484 1
1536 1648 1
1537 441 1
1537 1397 1
1537 1540 1
1538 97 1
1538 961 1
1538 1640 1
1539 70 1
1539 755 1
1539 1178 1
1540 384 1
1540 505 1
1540 1537 1
1540 1541 1
1541 251 1
1541 1310 1
1541 1540 1
1542 51 1
1542 425 1
1542 1534 1
1543 1343 1
1544 1534 1
1544 1547 1
1545 1059 1
1545 1176 1
1546 540 1
1546 1547 1
1547 284 1
1547 1544 1
1547 1546 1
1548 734 1
1549 401 1
1549 844 1
1549 1601 1
1550 127 1
1550 833 1
1550 1588 1
1551 1552 1
1552 409 1
1552 469 1
1553 1565 1
1554 1456 1
1555 151 1
1555 1084 1
1556 1442 1
1557 612 1
1557 1558 1
1557 1658 1
1558 1028 1
1558 1202 1
1558 1557 1
1559 30 1
1559 298 1
1559 1561 1
1560 130 1
1560 1175 1
1560 1448 1
1561 649 1
1561 1077 1
1561 1203 1
1562 381 1
1562 1293 1
1563 925 1
1563 1577 1
1564 803 1
1565 484 1
1565 951 1
1566 881 1
1566 1083 1
1567 1041 1
1567 1493 1
1568 344 1
1568 1630 1
1569 1493 1
1570 380 1
1570 493 1
1570 1117 1
1571 324 1
1571 577 1
1572 142 1
1573 364 1
1573 813 1
1573 823 1
1574 1167 1
1574 1575 1
1575 1459 1
1576 378 1
1576 722 1
1576 880 1
1577 174 1
1577 178 1
1578 1518 1
1579 24 1
1579 601 1
1580 64 1
1580 180 1
1580 657 1
1581 1079 1
1581 1222 1
1582 1568 1
1583 887 1
1584 1186 1
1584 1650 1
1585 873 1
1585 1039 1
1586 366 1
1587 1358 1
1587 1426 1
1587 1432 1
1588 1550 1
1588 1638 1
1589 1189 1
1589 1390 1
1589 1620 1
1589 1623 1
1590 365 1
1591 72 1
1591 491 1
1592 1184 1
1593 44 1
1593 253 1
1593 916 1
1593 1308 1
1594 167 1
1594 225 1
1594 1446 1
1595 230 1
1595 1326 1
1595 1499 1
1596 998 1
1596 1429 1
1597 143 1
1597 196 1
1597 874 1
1598 1409 1
1598 1467 1
1599 1614 1
1600 842 1
1600 843 1
1600 1451 1
1601 74 1
1601 1549 1
1601 1602 1
1602 65 1
1602 1549 1
1603 66 1
1603 1604 1
1604 662 1
1605 1353 1
1605 1356 1
1605 1597 1
1606 1390 1
1606 1589 1
1607 249 1
1607 1476 1
1608 1196 1
1609 410 1
1609 1618 1
1610 1208 1
1611 352 1
1611 1066 1
1612 64 1
1612 1610 1
1613 24 1
1613 145 1
1613 956 1
1614 14 1
1614 98 1
1615 651 1
1615 946 1
1616 176 1
1616 832 1
1617 803 1
1617 1619 1
1618 461 1
1618 1609 1
1619 727 1
1619 1617 1
1620 795 1
1620 1523 1
1620 1589 1
1621 247 1
1621 1509 1
1622 1455 1
1623 1390 1
1624 1407 1
1624 1425 1
1625 187 1
1625 308 1
1626 259 1
1626 1270 1
1626 1469 1
1627 1643 1
1628 863 1
1629 907 1
1629 1526 1
1630 328 1
1630 1628 1
1631 170 1
1631 1412 1
1632 154 1
1633 107 1
1633 170 1
1634 799 1
1634 1635 1
1635 1380 1
1635 1634 1
1636 1380 1
1636 1635 1
1637 1175 1
1637 1428 1
1637 1645 1
1638 130 1
1638 1448 1
1638 1588 1
1639 431 1
1639 1458 1
1640 1040 1
1640 1626 1
1641 118 1
1641 1250 1
1642 91 1
1642 1375 1
1643 27 1
1643 1050 1
1643 1396 1
1644 494 1
1644 962 1
1644 1645 1
1645 492 1
1645 1637 1
1645 1646 1
1646 696 1
1646 1428 1
1646 1647 1
1647 90 1
1647 594 1
1647 1074 1
1648 1285 1
1648 1290 1
1648 1536 1
1649 355 1
1650 1183 1
1651 1652 1
1652 305 1
1652 714 1
1652 1651 1
1653 1258 1
1654 176 1
1654 1362 1
1655 1478 1
1656 1409 1
1657 396 1
1657 1176 1
1658 543 1
1658 1162 1
1659 649 1
1659 1203 1
1660 454 1
1660 1120 1
1660 1402 1
1661 399 1
1661 891 1
71 21
89 44
111 28
113 67
143 49
202 26
239 47
250 50
256 20
297 1
319 41
356 54
386 25
393 43
415 43
419 49
426 17
443 44
446 25
456 27
465 30
474 42
477 55
527 64
569 35
572 47
581 81
600 21
604 30
614 84
636 58
639 62
645 46
675 24
750 31
756 26
758 34
795 43
805 71
881 1
886 28
888 52
905 55
916 64
942 12
948 18
963 42
976 89
984 23
989 31
1000 41
1008 75
1023 50
1038 56
1089 40
1130 36
1142 65
1152 11
1153 72
1163 23
1189 39
1208 22
1217 68
1223 61
1236 44
1245 80
1246 25
1260 41
1263 35
1295 43
1310 59
1389 26
1437 48
1454 73
1457 61
1469 39
1480 12
1501 42
1508 35
1532 54
1534 42
1544 30
1615 48
