88 168 70 61 7
1 12 77
2 39 10
2 59 83
2 69 17
3 60 148
4 6 16
5 35 19
6 18 12
7 29 11
7 65 86
8 26 50
9 47 144
9 72 107
9 74 64
10 51 5
11 32 99
11 67 10
12 68 112
13 15 78
13 16 108
13 54 49
14 30 77
14 78 10
15 13 78
15 31 6
15 88 70
16 13 108
16 32 63
16 34 128
17 21 30
17 58 177
18 17 30
18 21 11
19 61 33
19 64 38
20 36 165
20 45 50
20 53 15
21 4 11
22 77 101
23 50 13
24 20 10
25 30 159
25 88 22
26 33 95
26 46 87
27 42 11
27 44 35
28 29 85
28 65 11
29 7 11
29 27 63
29 60 35
30 25 159
30 28 29
30 57 10
31 15 6
31 34 44
31 43 140
32 11 99
32 16 63
32 48 68
33 44 114
33 67 49
34 16 128
34 31 44
34 43 100
35 84 12
36 62 27
37 1 120
37 55 161
38 80 12
38 82 8
39 2 10
39 24 57
40 42 65
40 65 214
40 86 35
41 75 10
42 7 62
42 27 11
42 40 65
43 31 140
43 34 100
43 60 58
44 33 114
44 59 11
44 69 93
45 23 103
45 66 13
46 69 28
47 9 144
47 48 10
48 11 175
48 32 68
48 47 10
49 45 29
50 22 8
50 61 13
51 52 5
51 56 22
52 10 4
53 2 64
53 24 10
54 13 49
54 55 24
55 37 161
55 54 24
55 88 77
56 19 74
57 30 10
57 78 70
58 17 177
58 72 47
59 42 35
59 44 11
60 3 148
60 29 35
60 43 58
61 23 15
61 64 11
62 63 40
63 49 205
63 62 40
64 66 108
65 28 11
65 40 214
65 57 28
66 53 31
67 11 10
67 33 49
67 83 67
68 14 57
68 75 55
69 39 13
70 58 64
70 74 153
71 76 52
72 9 107
72 58 47
72 73 82
73 72 82
74 9 64
74 76 55
75 14 13
75 81 16
76 71 52
76 74 55
77 52 20
78 79 9
78 87 41
79 14 14
79 81 12
80 5 31
80 84 19
81 41 10
81 85 31
82 38 8
83 8 27
84 41 36
85 80 25
85 82 34
86 40 35
87 51 135
87 56 144
88 15 70
88 25 22
88 55 77
10 963
27 427
28 422
62 501
65 582
77 395
87 830
