75 133 32 9 12
1 47 12
2 18 5
2 20 46
2 70 5
3 6 29
4 39 179
4 60 46
5 41 13
6 23 45
6 71 24
7 22 11
8 21 107
9 20 6
10 11 263
11 14 50
11 35 73
12 17 504
12 28 34
13 36 173
13 37 7
13 67 61
14 32 311
15 26 5
15 50 14
16 15 14
16 52 222
17 45 12
18 2 5
18 29 5
18 42 46
19 14 15
20 42 4
21 8 107
21 24 455
21 45 34
22 16 8
22 26 15
23 6 45
23 38 23
23 72 241
24 21 455
24 27 50
25 7 81
26 34 11
27 28 19
28 43 44
29 18 5
29 51 5
29 53 46
30 62 58
31 13 13
31 25 15
31 55 181
32 10 14
33 58 45
33 69 196
33 72 11
34 7 15
34 22 18
34 31 84
35 19 18
35 44 21
36 37 167
37 13 7
37 31 13
37 57 9
38 3 20
39 4 179
39 61 27
39 72 9
40 48 36
40 62 95
41 49 94
41 52 16
42 53 5
43 55 37
43 75 110
44 45 484
45 17 12
45 21 34
45 27 484
46 39 42
46 58 43
47 56 13
48 12 50
49 15 114
49 50 117
50 67 32
51 29 5
51 60 5
51 64 46
52 5 15
53 64 5
54 38 22
55 46 44
56 66 159
56 73 12
57 37 9
57 59 4
57 74 52
58 40 40
59 57 4
59 70 5
59 74 47
60 51 5
61 54 202
61 63 110
62 30 58
62 66 13
62 73 152
63 54 95
64 4 5
65 23 19
65 33 252
66 48 99
66 62 13
67 13 61
67 34 25
68 25 56
69 1 71
69 33 196
70 2 5
70 9 47
70 59 5
71 65 25
72 23 241
72 33 11
72 39 9
73 1 13
73 69 59
74 9 5
75 31 72
75 68 14
4 1111
7 1173
10 908
22 914
23 390
30 523
33 368
41 762
44 451
61 614
66 1083
74 868
