720 1794 1 720 54
1 2 1
1 38 1
2 1 1
2 3 1
3 2 1
3 4 1
3 40 1
4 3 1
4 5 1
5 4 1
5 6 1
5 42 1
6 5 1
6 7 1
7 6 1
7 8 1
8 7 1
8 9 1
9 8 1
9 10 1
9 46 1
10 9 1
10 11 1
11 10 1
11 12 1
11 48 1
12 11 1
12 13 1
13 12 1
13 14 1
13 50 1
14 13 1
15 16 1
15 52 1
16 15 1
16 17 1
17 16 1
17 18 1
17 54 1
18 17 1
19 56 1
20 21 1
21 20 1
21 22 1
22 21 1
22 23 1
23 22 1
23 24 1
23 60 1
24 23 1
24 25 1
25 24 1
25 26 1
25 62 1
26 25 1
26 27 1
27 26 1
27 28 1
27 64 1
28 27 1
28 29 1
29 28 1
29 30 1
29 66 1
30 29 1
30 31 1
31 30 1
31 32 1
31 68 1
32 31 1
32 33 1
33 32 1
33 34 1
33 70 1
34 33 1
35 36 1
35 72 1
36 35 1
36 37 1
37 36 1
37 74 1
38 1 1
38 39 1
39 38 1
39 77 1
40 3 1
40 41 1
41 40 1
41 42 1
41 79 1
42 5 1
42 41 1
43 44 1
43 81 1
44 43 1
44 45 1
45 44 1
45 46 1
45 83 1
46 9 1
46 45 1
46 47 1
47 46 1
47 48 1
47 85 1
48 11 1
48 47 1
48 49 1
49 48 1
49 87 1
50 13 1
51 52 1
51 89 1
52 15 1
52 51 1
52 53 1
53 52 1
53 54 1
54 17 1
54 53 1
54 55 1
55 54 1
55 93 1
56 19 1
56 57 1
57 56 1
57 58 1
58 57 1
58 59 1
59 58 1
59 60 1
59 97 1
60 23 1
60 59 1
61 62 1
61 99 1
62 25 1
62 61 1
62 63 1
63 62 1
63 64 1
63 101 1
64 27 1
64 63 1
64 65 1
65 64 1
65 66 1
65 103 1
66 29 1
66 65 1
66 67 1
67 66 1
67 68 1
68 31 1
68 67 1
68 69 1
69 68 1
69 70 1
69 107 1
70 33 1
70 69 1
70 71 1
71 70 1
71 72 1
71 109 1
72 35 1
72 71 1
73 74 1
73 111 1
74 37 1
74 73 1
74 75 1
75 74 1
75 113 1
76 77 1
77 39 1
77 76 1
77 78 1
78 77 1
78 79 1
78 116 1
79 41 1
79 78 1
79 80 1
80 79 1
80 81 1
80 118 1
81 43 1
81 80 1
81 82 1
82 81 1
82 120 1
83 45 1
83 84 1
84 83 1
84 85 1
85 47 1
85 84 1
85 86 1
86 85 1
86 87 1
86 124 1
87 49 1
87 86 1
87 88 1
88 87 1
88 89 1
88 126 1
89 51 1
89 88 1
89 90 1
90 89 1
90 91 1
91 90 1
91 92 1
92 91 1
92 130 1
93 55 1
93 94 1
94 93 1
94 95 1
95 94 1
96 97 1
97 59 1
97 96 1
98 99 1
98 136 1
99 61 1
99 98 1
99 100 1
100 99 1
100 101 1
100 138 1
101 63 1
101 100 1
102 140 1
103 65 1
103 104 1
104 103 1
104 105 1
104 142 1
105 104 1
105 106 1
106 105 1
106 107 1
106 144 1
107 69 1
107 106 1
107 108 1
108 107 1
108 109 1
109 71 1
109 108 1
109 110 1
110 109 1
110 111 1
110 148 1
111 73 1
111 110 1
111 112 1
112 111 1
112 113 1
112 150 1
113 75 1
113 112 1
114 115 1
115 114 1
115 116 1
115 153 1
116 78 1
116 115 1
116 117 1
117 116 1
117 118 1
117 155 1
118 80 1
118 117 1
118 119 1
119 118 1
119 120 1
119 157 1
120 82 1
120 119 1
121 122 1
121 159 1
122 121 1
123 124 1
123 161 1
124 86 1
124 123 1
124 125 1
125 124 1
125 126 1
125 163 1
126 88 1
126 125 1
126 127 1
127 126 1
127 128 1
127 165 1
128 127 1
128 129 1
129 128 1
129 130 1
129 167 1
130 92 1
130 129 1
130 131 1
131 130 1
131 132 1
131 169 1
132 131 1
132 133 1
133 132 1
133 171 1
134 135 1
135 134 1
135 136 1
136 98 1
136 135 1
136 137 1
137 136 1
137 138 1
137 175 1
138 100 1
138 137 1
138 139 1
139 138 1
139 140 1
140 102 1
140 139 1
140 141 1
141 140 1
141 179 1
142 104 1
142 143 1
143 142 1
143 144 1
143 181 1
144 106 1
144 143 1
144 145 1
145 144 1
145 146 1
145 183 1
146 145 1
146 147 1
147 146 1
147 148 1
147 185 1
148 110 1
148 147 1
148 149 1
149 148 1
149 187 1
150 112 1
150 151 1
151 150 1
151 189 1
152 153 1
152 190 1
153 115 1
153 152 1
153 154 1
154 153 1
154 155 1
154 192 1
155 117 1
155 154 1
155 156 1
156 155 1
156 157 1
156 194 1
157 119 1
157 156 1
157 158 1
158 157 1
158 159 1
158 196 1
159 121 1
159 158 1
159 160 1
160 159 1
160 161 1
161 123 1
161 160 1
161 162 1
162 161 1
162 163 1
163 125 1
163 162 1
163 164 1
164 163 1
164 165 1
164 202 1
165 127 1
165 164 1
166 167 1
167 129 1
167 166 1
167 168 1
168 167 1
168 169 1
168 206 1
169 131 1
169 168 1
169 170 1
170 169 1
170 171 1
170 208 1
171 133 1
171 170 1
171 172 1
172 171 1
172 173 1
172 210 1
173 172 1
173 174 1
174 173 1
174 175 1
174 212 1
175 137 1
175 174 1
176 177 1
176 214 1
177 176 1
178 179 1
178 216 1
179 141 1
179 178 1
179 180 1
180 179 1
180 181 1
180 218 1
181 143 1
181 180 1
181 182 1
182 181 1
182 183 1
182 220 1
183 145 1
183 182 1
183 184 1
184 183 1
184 185 1
184 222 1
185 147 1
185 184 1
185 186 1
186 185 1
186 224 1
187 149 1
187 188 1
188 187 1
188 189 1
188 226 1
189 151 1
189 188 1
190 152 1
190 191 1
191 190 1
191 192 1
191 229 1
192 154 1
192 191 1
192 193 1
193 192 1
193 194 1
193 231 1
194 156 1
194 193 1
194 195 1
195 194 1
195 196 1
195 233 1
196 158 1
196 195 1
196 197 1
197 196 1
197 198 1
197 235 1
198 197 1
198 199 1
199 198 1
199 200 1
199 237 1
200 199 1
200 201 1
201 200 1
201 202 1
201 239 1
202 164 1
202 201 1
202 203 1
203 202 1
203 204 1
203 241 1
204 203 1
204 205 1
205 204 1
205 206 1
205 243 1
206 168 1
206 205 1
206 207 1
207 206 1
207 208 1
207 245 1
208 170 1
208 207 1
208 209 1
209 208 1
209 210 1
209 247 1
210 172 1
210 209 1
210 211 1
211 210 1
211 212 1
211 249 1
212 174 1
212 211 1
212 213 1
213 212 1
213 214 1
213 251 1
214 176 1
214 213 1
214 215 1
215 214 1
215 253 1
216 178 1
216 217 1
217 216 1
217 218 1
217 255 1
218 180 1
218 217 1
219 220 1
219 257 1
220 182 1
220 219 1
221 222 1
221 259 1
222 184 1
222 221 1
222 223 1
223 222 1
223 224 1
223 261 1
224 186 1
224 223 1
225 226 1
225 263 1
226 188 1
226 225 1
226 227 1
227 226 1
227 265 1
228 229 1
228 266 1
229 191 1
229 228 1
230 231 1
230 268 1
231 193 1
231 230 1
231 232 1
232 231 1
232 233 1
232 270 1
233 195 1
233 232 1
233 234 1
234 233 1
234 235 1
234 272 1
235 197 1
235 234 1
235 236 1
236 235 1
236 237 1
236 274 1
237 199 1
237 236 1
237 238 1
238 237 1
238 239 1
238 276 1
239 201 1
239 238 1
239 240 1
240 239 1
240 241 1
240 278 1
241 203 1
241 240 1
241 242 1
242 241 1
242 243 1
242 280 1
243 205 1
243 242 1
243 244 1
244 243 1
244 245 1
244 282 1
245 207 1
245 244 1
245 246 1
246 245 1
246 247 1
246 284 1
247 209 1
247 246 1
247 248 1
248 247 1
248 249 1
248 286 1
249 211 1
249 248 1
249 250 1
250 249 1
250 251 1
251 213 1
251 250 1
251 252 1
252 251 1
252 253 1
253 215 1
253 252 1
253 254 1
254 253 1
254 255 1
254 292 1
255 217 1
255 254 1
255 256 1
256 255 1
256 294 1
257 219 1
257 258 1
258 257 1
258 259 1
258 296 1
259 221 1
259 258 1
259 260 1
260 259 1
260 261 1
260 298 1
261 223 1
261 260 1
261 262 1
262 261 1
262 300 1
263 225 1
263 264 1
264 263 1
264 265 1
264 302 1
265 227 1
265 264 1
266 228 1
266 267 1
267 266 1
267 268 1
267 305 1
268 230 1
268 267 1
269 307 1
270 232 1
270 271 1
271 270 1
271 272 1
271 309 1
272 234 1
272 271 1
272 273 1
273 272 1
273 311 1
274 236 1
274 275 1
275 274 1
275 276 1
275 313 1
276 238 1
276 275 1
276 277 1
277 276 1
277 278 1
277 315 1
278 240 1
278 277 1
278 279 1
279 278 1
279 280 1
280 242 1
280 279 1
280 281 1
281 280 1
281 282 1
281 319 1
282 244 1
282 281 1
282 283 1
283 282 1
283 321 1
284 246 1
284 285 1
285 284 1
285 286 1
285 323 1
286 248 1
286 285 1
286 287 1
287 286 1
287 325 1
288 289 1
289 288 1
289 290 1
289 327 1
290 289 1
291 292 1
291 329 1
292 254 1
292 291 1
292 293 1
293 292 1
293 294 1
293 331 1
294 256 1
294 293 1
294 295 1
295 294 1
295 296 1
295 333 1
296 258 1
296 295 1
296 297 1
297 296 1
297 298 1
297 335 1
298 260 1
298 297 1
298 299 1
299 298 1
299 300 1
299 337 1
300 262 1
300 299 1
300 301 1
301 300 1
301 302 1
301 339 1
302 264 1
302 301 1
302 303 1
303 302 1
304 305 1
304 342 1
305 267 1
305 304 1
305 306 1
306 305 1
306 307 1
306 344 1
307 269 1
307 306 1
308 309 1
308 346 1
309 271 1
309 308 1
309 310 1
310 309 1
310 311 1
311 273 1
311 310 1
311 312 1
312 311 1
312 313 1
312 350 1
313 275 1
313 312 1
313 314 1
314 313 1
314 352 1
315 277 1
315 316 1
316 315 1
316 317 1
316 354 1
317 316 1
317 318 1
318 317 1
318 356 1
319 281 1
319 320 1
320 319 1
320 321 1
320 358 1
321 283 1
321 320 1
321 322 1
322 321 1
322 323 1
322 360 1
323 285 1
323 322 1
323 324 1
324 323 1
324 325 1
324 362 1
325 287 1
325 324 1
325 326 1
326 325 1
326 327 1
326 364 1
327 289 1
327 326 1
327 328 1
328 327 1
328 366 1
329 291 1
329 330 1
330 329 1
330 331 1
330 368 1
331 293 1
331 330 1
331 332 1
332 331 1
332 333 1
332 370 1
333 295 1
333 332 1
333 334 1
334 333 1
334 335 1
335 297 1
335 334 1
335 336 1
336 335 1
336 337 1
336 374 1
337 299 1
337 336 1
337 338 1
338 337 1
338 339 1
339 301 1
339 338 1
339 340 1
340 339 1
340 341 1
340 378 1
341 340 1
342 304 1
342 343 1
343 342 1
343 344 1
343 381 1
344 306 1
344 343 1
344 345 1
345 344 1
345 346 1
345 383 1
346 308 1
346 345 1
346 347 1
347 346 1
347 348 1
347 385 1
348 347 1
348 349 1
349 348 1
349 350 1
349 387 1
350 312 1
350 349 1
350 351 1
351 350 1
351 352 1
351 389 1
352 314 1
352 351 1
352 353 1
353 352 1
353 354 1
353 391 1
354 316 1
354 353 1
354 355 1
355 354 1
355 356 1
356 318 1
356 355 1
356 357 1
357 356 1
357 358 1
358 320 1
358 357 1
358 359 1
359 358 1
359 360 1
359 397 1
360 322 1
360 359 1
360 361 1
361 360 1
361 362 1
361 399 1
362 324 1
362 361 1
362 363 1
363 362 1
363 401 1
364 326 1
364 365 1
365 364 1
365 366 1
365 403 1
366 328 1
366 365 1
366 367 1
367 366 1
367 368 1
368 330 1
368 367 1
368 369 1
369 368 1
369 370 1
369 407 1
370 332 1
370 369 1
370 371 1
371 370 1
371 372 1
371 409 1
372 371 1
372 373 1
373 372 1
373 374 1
373 411 1
374 336 1
374 373 1
374 375 1
375 374 1
376 377 1
377 376 1
377 378 1
377 415 1
378 340 1
378 377 1
379 417 1
380 381 1
381 343 1
381 380 1
381 382 1
382 381 1
382 383 1
382 420 1
383 345 1
383 382 1
383 384 1
384 383 1
384 422 1
385 347 1
385 386 1
386 385 1
386 387 1
386 424 1
387 349 1
387 386 1
387 388 1
388 387 1
388 389 1
389 351 1
389 388 1
389 390 1
390 389 1
390 391 1
390 428 1
391 353 1
391 390 1
391 392 1
392 391 1
392 393 1
392 430 1
393 392 1
393 394 1
394 393 1
394 395 1
395 394 1
395 396 1
396 395 1
396 397 1
396 434 1
397 359 1
397 396 1
397 398 1
398 397 1
398 436 1
399 361 1
399 400 1
400 399 1
400 438 1
401 363 1
401 402 1
402 401 1
402 403 1
402 440 1
403 365 1
403 402 1
403 404 1
404 403 1
404 405 1
404 442 1
405 404 1
405 406 1
406 405 1
406 407 1
406 444 1
407 369 1
407 406 1
407 408 1
408 407 1
408 409 1
409 371 1
409 408 1
409 410 1
410 409 1
410 411 1
411 373 1
411 410 1
412 413 1
412 450 1
413 412 1
413 414 1
414 413 1
414 415 1
414 452 1
415 377 1
415 414 1
415 416 1
416 415 1
416 417 1
416 454 1
417 379 1
417 416 1
418 419 1
419 418 1
419 420 1
419 457 1
420 382 1
420 419 1
420 421 1
421 420 1
421 422 1
421 459 1
422 384 1
422 421 1
422 423 1
423 422 1
423 424 1
423 461 1
424 386 1
424 423 1
425 463 1
426 427 1
427 426 1
427 428 1
428 390 1
428 427 1
428 429 1
429 428 1
429 430 1
429 467 1
430 392 1
430 429 1
430 431 1
431 430 1
431 432 1
432 431 1
432 433 1
433 432 1
433 434 1
433 471 1
434 396 1
434 433 1
434 435 1
435 434 1
435 436 1
435 473 1
436 398 1
436 435 1
436 437 1
437 436 1
437 438 1
437 475 1
438 400 1
438 437 1
438 439 1
439 438 1
439 440 1
440 402 1
440 439 1
440 441 1
441 440 1
441 442 1
441 479 1
442 404 1
442 441 1
442 443 1
443 442 1
443 444 1
443 481 1
444 406 1
444 443 1
444 445 1
445 444 1
445 446 1
446 445 1
446 447 1
447 446 1
447 448 1
447 485 1
448 447 1
449 487 1
450 412 1
450 451 1
451 450 1
451 489 1
452 414 1
452 453 1
453 452 1
453 454 1
453 491 1
454 416 1
454 453 1
454 455 1
455 454 1
455 493 1
456 457 1
456 494 1
457 419 1
457 456 1
458 459 1
458 496 1
459 421 1
459 458 1
459 460 1
460 459 1
460 461 1
460 498 1
461 423 1
461 460 1
461 462 1
462 461 1
462 463 1
462 500 1
463 425 1
463 462 1
463 464 1
464 463 1
464 465 1
464 502 1
465 464 1
465 466 1
466 465 1
466 467 1
466 504 1
467 429 1
467 466 1
467 468 1
468 467 1
468 469 1
469 468 1
469 470 1
470 469 1
470 471 1
471 433 1
471 470 1
471 472 1
472 471 1
472 473 1
472 510 1
473 435 1
473 472 1
473 474 1
474 473 1
474 475 1
474 512 1
475 437 1
475 474 1
475 476 1
476 475 1
476 477 1
476 514 1
477 476 1
477 478 1
478 477 1
478 479 1
478 516 1
479 441 1
479 478 1
479 480 1
480 479 1
480 481 1
481 443 1
481 480 1
481 482 1
482 481 1
482 520 1
483 484 1
484 483 1
484 485 1
484 522 1
485 447 1
485 484 1
485 486 1
486 485 1
486 487 1
486 524 1
487 449 1
487 486 1
487 488 1
488 487 1
488 489 1
488 526 1
489 451 1
489 488 1
489 490 1
490 489 1
490 491 1
490 528 1
491 453 1
491 490 1
491 492 1
492 491 1
492 493 1
492 530 1
493 455 1
493 492 1
494 456 1
495 496 1
495 533 1
496 458 1
496 495 1
496 497 1
497 496 1
497 498 1
497 535 1
498 460 1
498 497 1
498 499 1
499 498 1
499 500 1
500 462 1
500 499 1
500 501 1
501 500 1
501 502 1
501 539 1
502 464 1
502 501 1
502 503 1
503 502 1
503 504 1
504 466 1
504 503 1
504 505 1
505 504 1
505 506 1
505 543 1
506 505 1
506 507 1
507 506 1
507 508 1
507 545 1
508 507 1
508 509 1
509 508 1
509 510 1
510 472 1
510 509 1
511 512 1
511 549 1
512 474 1
512 511 1
512 513 1
513 512 1
513 514 1
513 551 1
514 476 1
514 513 1
514 515 1
515 514 1
515 553 1
516 478 1
517 518 1
518 517 1
518 519 1
519 518 1
519 557 1
520 482 1
520 521 1
521 520 1
521 522 1
521 559 1
522 484 1
522 521 1
522 523 1
523 522 1
523 561 1
524 486 1
524 525 1
525 524 1
525 563 1
526 488 1
526 527 1
527 526 1
527 528 1
527 565 1
528 490 1
528 527 1
528 529 1
529 528 1
529 530 1
529 567 1
530 492 1
530 529 1
530 531 1
531 530 1
531 569 1
532 533 1
532 570 1
533 495 1
533 532 1
533 534 1
534 533 1
534 535 1
534 572 1
535 497 1
535 534 1
535 536 1
536 535 1
536 537 1
536 574 1
537 536 1
537 538 1
538 537 1
538 539 1
538 576 1
539 501 1
539 538 1
539 540 1
540 539 1
540 578 1
541 542 1
542 541 1
542 543 1
542 580 1
543 505 1
543 542 1
543 544 1
544 543 1
544 545 1
545 507 1
545 544 1
546 547 1
546 584 1
547 546 1
548 549 1
548 586 1
549 511 1
549 548 1
549 550 1
550 549 1
550 551 1
550 588 1
551 513 1
551 550 1
551 552 1
552 551 1
553 515 1
553 554 1
554 553 1
554 555 1
554 592 1
555 554 1
555 556 1
556 555 1
556 557 1
556 594 1
557 519 1
557 556 1
557 558 1
558 557 1
558 559 1
559 521 1
559 558 1
560 561 1
560 598 1
561 523 1
561 560 1
561 562 1
562 561 1
562 563 1
562 600 1
563 525 1
563 562 1
563 564 1
564 563 1
564 565 1
564 602 1
565 527 1
565 564 1
565 566 1
566 565 1
566 567 1
566 604 1
567 529 1
567 566 1
567 568 1
568 567 1
568 569 1
569 531 1
569 568 1
570 532 1
570 571 1
571 570 1
571 609 1
572 534 1
572 573 1
573 572 1
573 574 1
574 536 1
574 573 1
574 575 1
575 574 1
575 576 1
575 613 1
576 538 1
576 575 1
577 578 1
577 615 1
578 540 1
578 577 1
578 579 1
579 578 1
579 580 1
579 617 1
580 542 1
580 579 1
580 581 1
581 580 1
581 582 1
581 619 1
582 581 1
582 583 1
583 582 1
583 621 1
584 546 1
584 585 1
585 584 1
585 586 1
585 623 1
586 548 1
586 585 1
587 588 1
587 625 1
588 550 1
588 587 1
588 589 1
589 588 1
589 590 1
589 627 1
590 589 1
590 591 1
591 590 1
591 592 1
591 629 1
592 554 1
592 591 1
592 593 1
593 592 1
593 631 1
594 556 1
594 595 1
595 594 1
595 596 1
595 633 1
596 595 1
596 597 1
597 596 1
597 598 1
597 635 1
598 560 1
598 597 1
598 599 1
599 598 1
599 600 1
600 562 1
600 599 1
600 601 1
601 600 1
601 602 1
601 639 1
602 564 1
602 601 1
602 603 1
603 602 1
603 604 1
603 641 1
604 566 1
604 603 1
604 605 1
605 604 1
605 606 1
605 643 1
606 605 1
606 607 1
607 606 1
607 645 1
608 609 1
608 646 1
609 571 1
609 608 1
609 610 1
610 609 1
611 612 1
612 611 1
612 613 1
612 650 1
613 575 1
613 612 1
613 614 1
614 613 1
614 615 1
615 577 1
615 614 1
616 617 1
616 654 1
617 579 1
617 616 1
617 618 1
618 617 1
618 619 1
618 656 1
619 581 1
619 618 1
619 620 1
620 619 1
620 621 1
621 583 1
621 620 1
622 623 1
622 660 1
623 585 1
623 622 1
623 624 1
624 623 1
624 625 1
625 587 1
625 624 1
625 626 1
626 625 1
626 627 1
627 589 1
627 626 1
627 628 1
628 627 1
628 629 1
628 666 1
629 591 1
629 628 1
629 630 1
630 629 1
630 631 1
630 668 1
631 593 1
631 630 1
632 633 1
632 670 1
633 595 1
633 632 1
633 634 1
634 633 1
634 635 1
634 672 1
635 597 1
635 634 1
635 636 1
636 635 1
636 637 1
636 674 1
637 636 1
637 638 1
638 637 1
638 639 1
638 676 1
639 601 1
639 638 1
639 640 1
640 639 1
640 678 1
641 603 1
641 642 1
642 641 1
642 643 1
642 680 1
643 605 1
643 642 1
643 644 1
644 643 1
644 645 1
644 682 1
645 607 1
645 644 1
646 608 1
646 647 1
647 646 1
647 648 1
647 684 1
648 647 1
648 649 1
649 648 1
649 650 1
649 686 1
650 612 1
650 649 1
650 651 1
651 650 1
651 652 1
651 688 1
652 651 1
652 653 1
653 652 1
653 654 1
654 616 1
654 653 1
654 655 1
655 654 1
655 656 1
655 692 1
656 618 1
656 655 1
656 657 1
657 656 1
657 658 1
658 657 1
658 659 1
659 658 1
659 660 1
659 696 1
660 622 1
660 659 1
660 661 1
661 660 1
661 698 1
662 663 1
663 662 1
663 664 1
663 700 1
664 663 1
664 665 1
665 664 1
665 666 1
665 702 1
666 628 1
666 665 1
666 667 1
667 666 1
667 668 1
667 704 1
668 630 1
668 667 1
668 669 1
669 668 1
669 670 1
669 706 1
670 632 1
670 669 1
670 671 1
671 670 1
671 708 1
672 634 1
672 673 1
673 672 1
673 710 1
674 636 1
674 675 1
675 674 1
675 712 1
676 638 1
677 678 1
677 714 1
678 640 1
678 677 1
678 679 1
679 678 1
679 680 1
679 716 1
680 642 1
680 679 1
680 681 1
681 680 1
681 682 1
682 644 1
682 681 1
682 683 1
683 682 1
683 720 1
684 647 1
684 685 1
685 684 1
685 686 1
686 649 1
686 685 1
686 687 1
687 686 1
688 651 1
688 689 1
689 688 1
689 690 1
690 689 1
690 691 1
691 690 1
691 692 1
692 655 1
692 691 1
692 693 1
693 692 1
693 694 1
694 693 1
694 695 1
695 694 1
695 696 1
696 659 1
696 695 1
696 697 1
697 696 1
697 698 1
698 661 1
698 697 1
698 699 1
699 698 1
699 700 1
700 663 1
700 699 1
701 702 1
702 665 1
702 701 1
702 703 1
703 702 1
703 704 1
704 667 1
704 703 1
704 705 1
705 704 1
706 669 1
706 707 1
707 706 1
707 708 1
708 671 1
708 707 1
709 710 1
710 673 1
710 709 1
710 711 1
711 710 1
711 712 1
712 675 1
712 711 1
712 713 1
713 712 1
713 714 1
714 677 1
714 713 1
714 715 1
715 714 1
715 716 1
716 679 1
716 715 1
717 718 1
718 717 1
718 719 1
719 718 1
719 720 1
720 683 1
720 719 1
17 38
24 1
41 39
68 15
86 62
87 39
146 27
162 33
166 34
170 29
211 43
213 6
218 14
223 36
249 11
274 18
286 38
296 15
301 35
303 37
364 9
366 35
381 39
384 31
385 25
390 19
396 29
402 61
416 32
433 33
462 36
467 25
471 16
476 37
487 23
506 16
517 28
520 29
524 45
525 35
539 41
566 25
571 42
605 28
622 13
626 6
640 15
643 36
657 24
661 42
692 38
694 25
696 28
708 37
