646 1632 1 646 37
1 2 1
1 36 1
2 1 1
2 3 1
3 2 1
3 4 1
3 38 1
4 3 1
4 5 1
5 4 1
5 6 1
5 40 1
6 5 1
6 7 1
7 6 1
7 8 1
7 42 1
8 7 1
8 9 1
9 8 1
10 11 1
11 10 1
11 12 1
11 46 1
12 11 1
12 13 1
13 12 1
13 14 1
13 48 1
14 13 1
14 15 1
15 14 1
15 16 1
15 50 1
16 15 1
16 17 1
17 16 1
17 52 1
18 19 1
19 18 1
19 20 1
19 54 1
20 19 1
20 21 1
21 20 1
21 22 1
21 56 1
22 21 1
22 23 1
23 22 1
23 24 1
23 58 1
24 23 1
24 25 1
25 24 1
25 26 1
25 60 1
26 25 1
27 28 1
27 62 1
28 27 1
28 29 1
29 28 1
29 30 1
30 29 1
30 31 1
31 30 1
31 32 1
32 31 1
32 33 1
33 32 1
33 34 1
33 68 1
34 33 1
34 35 1
35 34 1
35 70 1
36 1 1
36 37 1
37 36 1
37 38 1
37 73 1
38 3 1
38 37 1
38 39 1
39 38 1
39 40 1
39 75 1
40 5 1
40 39 1
40 41 1
41 40 1
41 42 1
41 77 1
42 7 1
42 41 1
42 43 1
43 42 1
43 44 1
43 79 1
44 43 1
44 45 1
45 44 1
45 46 1
45 81 1
46 11 1
46 45 1
46 47 1
47 46 1
47 48 1
47 83 1
48 13 1
48 47 1
48 49 1
49 48 1
49 50 1
49 85 1
50 15 1
50 49 1
50 51 1
51 50 1
51 52 1
51 87 1
52 17 1
52 51 1
52 53 1
53 52 1
53 54 1
53 89 1
54 19 1
54 53 1
54 55 1
55 54 1
55 56 1
55 91 1
56 21 1
56 55 1
56 57 1
57 56 1
57 58 1
57 93 1
58 23 1
58 57 1
58 59 1
59 58 1
59 60 1
59 95 1
60 25 1
60 59 1
60 61 1
61 60 1
61 62 1
62 27 1
62 61 1
62 63 1
63 62 1
63 64 1
63 99 1
64 63 1
64 65 1
65 64 1
65 66 1
65 101 1
66 65 1
66 67 1
67 66 1
67 68 1
67 103 1
68 33 1
68 67 1
68 69 1
69 68 1
69 105 1
70 35 1
70 71 1
71 70 1
71 107 1
72 73 1
72 108 1
73 37 1
73 72 1
73 74 1
74 73 1
74 75 1
74 110 1
75 39 1
75 74 1
75 76 1
76 75 1
76 77 1
76 112 1
77 41 1
77 76 1
77 78 1
78 77 1
78 79 1
78 114 1
79 43 1
79 78 1
79 80 1
80 79 1
80 81 1
80 116 1
81 45 1
81 80 1
81 82 1
82 81 1
82 83 1
83 47 1
83 82 1
83 84 1
84 83 1
84 85 1
84 120 1
85 49 1
85 84 1
85 86 1
86 85 1
86 87 1
86 122 1
87 51 1
87 86 1
87 88 1
88 87 1
88 89 1
88 124 1
89 53 1
89 88 1
90 91 1
90 126 1
91 55 1
91 90 1
91 92 1
92 91 1
92 93 1
92 128 1
93 57 1
93 92 1
93 94 1
94 93 1
94 95 1
94 130 1
95 59 1
95 94 1
95 96 1
96 95 1
96 97 1
97 96 1
97 98 1
98 97 1
98 99 1
98 134 1
99 63 1
99 98 1
99 100 1
100 99 1
100 101 1
100 136 1
101 65 1
101 100 1
101 102 1
102 101 1
102 103 1
102 138 1
103 67 1
103 102 1
103 104 1
104 103 1
104 140 1
105 69 1
105 106 1
106 105 1
106 107 1
106 142 1
107 71 1
107 106 1
108 72 1
108 109 1
109 108 1
109 110 1
109 145 1
110 74 1
110 109 1
110 111 1
111 110 1
111 112 1
111 147 1
112 76 1
112 111 1
112 113 1
113 112 1
113 114 1
113 149 1
114 78 1
114 113 1
114 115 1
115 114 1
115 116 1
116 80 1
116 115 1
116 117 1
117 116 1
117 118 1
117 153 1
118 117 1
118 119 1
119 118 1
119 120 1
120 84 1
120 119 1
120 121 1
121 120 1
121 122 1
121 157 1
122 86 1
122 121 1
122 123 1
123 122 1
123 124 1
123 159 1
124 88 1
124 123 1
124 125 1
125 124 1
125 126 1
125 161 1
126 90 1
126 125 1
126 127 1
127 126 1
127 128 1
127 163 1
128 92 1
128 127 1
128 129 1
129 128 1
129 130 1
129 165 1
130 94 1
130 129 1
131 132 1
131 167 1
132 131 1
132 133 1
133 132 1
133 169 1
134 98 1
134 135 1
135 134 1
135 171 1
136 100 1
136 137 1
137 136 1
137 138 1
137 173 1
138 102 1
138 137 1
138 139 1
139 138 1
139 140 1
139 175 1
140 104 1
140 139 1
140 141 1
141 140 1
141 177 1
142 106 1
142 143 1
143 142 1
144 145 1
144 180 1
145 109 1
145 144 1
146 147 1
147 111 1
147 146 1
147 148 1
148 147 1
148 149 1
148 184 1
149 113 1
149 148 1
150 151 1
151 150 1
151 152 1
152 151 1
152 153 1
152 188 1
153 117 1
153 152 1
153 154 1
154 153 1
154 155 1
154 190 1
155 154 1
155 156 1
156 155 1
156 192 1
157 121 1
157 158 1
158 157 1
158 159 1
158 194 1
159 123 1
159 158 1
159 160 1
160 159 1
160 161 1
160 196 1
161 125 1
161 160 1
161 162 1
162 161 1
162 163 1
162 198 1
163 127 1
163 162 1
164 165 1
164 200 1
165 129 1
165 164 1
165 166 1
166 165 1
166 167 1
166 202 1
167 131 1
167 166 1
167 168 1
168 167 1
168 169 1
168 204 1
169 133 1
169 168 1
170 206 1
171 135 1
171 172 1
172 171 1
172 173 1
172 208 1
173 137 1
173 172 1
173 174 1
174 173 1
174 175 1
174 210 1
175 139 1
175 174 1
175 176 1
176 175 1
176 177 1
176 212 1
177 141 1
177 176 1
177 178 1
178 177 1
178 179 1
179 178 1
180 144 1
180 181 1
181 180 1
181 182 1
181 217 1
182 181 1
182 183 1
183 182 1
183 184 1
183 219 1
184 148 1
184 183 1
184 185 1
185 184 1
185 186 1
185 221 1
186 185 1
186 187 1
187 186 1
187 188 1
187 223 1
188 152 1
188 187 1
188 189 1
189 188 1
189 190 1
190 154 1
190 189 1
190 191 1
191 190 1
191 192 1
191 227 1
192 156 1
192 191 1
192 193 1
193 192 1
193 194 1
193 229 1
194 158 1
194 193 1
195 196 1
195 231 1
196 160 1
196 195 1
196 197 1
197 196 1
197 198 1
197 233 1
198 162 1
198 197 1
198 199 1
199 198 1
199 200 1
199 235 1
200 164 1
200 199 1
200 201 1
201 200 1
201 202 1
201 237 1
202 166 1
202 201 1
202 203 1
203 202 1
203 204 1
204 168 1
204 203 1
204 205 1
205 204 1
205 206 1
206 170 1
206 205 1
206 207 1
207 206 1
207 208 1
207 243 1
208 172 1
208 207 1
208 209 1
209 208 1
209 210 1
209 245 1
210 174 1
210 209 1
210 211 1
211 210 1
211 212 1
211 247 1
212 176 1
212 211 1
212 213 1
213 212 1
213 214 1
213 249 1
214 213 1
214 215 1
215 214 1
215 251 1
216 217 1
216 252 1
217 181 1
217 216 1
217 218 1
218 217 1
218 219 1
218 254 1
219 183 1
219 218 1
219 220 1
220 219 1
220 221 1
220 256 1
221 185 1
221 220 1
221 222 1
222 221 1
222 223 1
222 258 1
223 187 1
223 222 1
223 224 1
224 223 1
225 226 1
226 225 1
226 227 1
227 191 1
227 226 1
227 228 1
228 227 1
228 264 1
229 193 1
229 230 1
230 229 1
230 231 1
231 195 1
231 230 1
231 232 1
232 231 1
232 233 1
232 268 1
233 197 1
233 232 1
233 234 1
234 233 1
234 235 1
234 270 1
235 199 1
235 234 1
236 237 1
236 272 1
237 201 1
237 236 1
237 238 1
238 237 1
238 239 1
238 274 1
239 238 1
239 240 1
240 239 1
240 241 1
240 276 1
241 240 1
241 242 1
242 241 1
242 243 1
242 278 1
243 207 1
243 242 1
243 244 1
244 243 1
244 245 1
244 280 1
245 209 1
245 244 1
245 246 1
246 245 1
246 247 1
247 211 1
247 246 1
247 248 1
248 247 1
248 249 1
248 284 1
249 213 1
249 248 1
249 250 1
250 249 1
250 286 1
251 215 1
252 216 1
252 253 1
253 252 1
253 254 1
254 218 1
254 253 1
254 255 1
255 254 1
255 256 1
256 220 1
256 255 1
256 257 1
257 256 1
257 258 1
257 293 1
258 222 1
258 257 1
258 259 1
259 258 1
259 260 1
259 295 1
260 259 1
260 261 1
261 260 1
261 262 1
261 297 1
262 261 1
262 263 1
263 262 1
263 264 1
263 299 1
264 228 1
264 263 1
264 265 1
265 264 1
265 266 1
265 301 1
266 265 1
267 268 1
268 232 1
268 267 1
268 269 1
269 268 1
269 270 1
269 305 1
270 234 1
270 269 1
270 271 1
271 270 1
271 272 1
271 307 1
272 236 1
272 271 1
272 273 1
273 272 1
273 274 1
273 309 1
274 238 1
274 273 1
274 275 1
275 274 1
275 311 1
276 240 1
276 277 1
277 276 1
277 278 1
277 313 1
278 242 1
278 277 1
278 279 1
279 278 1
279 280 1
279 315 1
280 244 1
280 279 1
280 281 1
281 280 1
281 282 1
281 317 1
282 281 1
282 283 1
283 282 1
283 284 1
283 319 1
284 248 1
284 283 1
284 285 1
285 284 1
285 286 1
285 321 1
286 250 1
286 285 1
286 287 1
287 286 1
287 323 1
288 289 1
288 324 1
289 288 1
289 290 1
290 289 1
290 291 1
290 326 1
291 290 1
291 292 1
292 291 1
292 293 1
292 328 1
293 257 1
293 292 1
293 294 1
294 293 1
294 330 1
295 259 1
295 296 1
296 295 1
296 297 1
296 332 1
297 261 1
297 296 1
297 298 1
298 297 1
298 299 1
298 334 1
299 263 1
299 298 1
299 300 1
300 299 1
300 301 1
300 336 1
301 265 1
301 300 1
301 302 1
302 301 1
302 303 1
302 338 1
303 302 1
304 305 1
304 340 1
305 269 1
305 304 1
306 307 1
306 342 1
307 271 1
307 306 1
308 309 1
308 344 1
309 273 1
309 308 1
309 310 1
310 309 1
310 311 1
310 346 1
311 275 1
311 310 1
311 312 1
312 311 1
312 313 1
312 348 1
313 277 1
313 312 1
313 314 1
314 313 1
314 315 1
314 350 1
315 279 1
315 314 1
316 317 1
316 352 1
317 281 1
317 316 1
317 318 1
318 317 1
318 319 1
318 354 1
319 283 1
319 318 1
320 321 1
320 356 1
321 285 1
321 320 1
321 322 1
322 321 1
322 323 1
322 358 1
323 287 1
323 322 1
324 288 1
324 325 1
325 324 1
325 326 1
325 361 1
326 290 1
326 325 1
326 327 1
327 326 1
327 328 1
327 363 1
328 292 1
328 327 1
328 329 1
329 328 1
329 330 1
329 365 1
330 294 1
330 329 1
330 331 1
331 330 1
331 332 1
331 367 1
332 296 1
332 331 1
332 333 1
333 332 1
333 334 1
333 369 1
334 298 1
334 333 1
334 335 1
335 334 1
335 336 1
335 371 1
336 300 1
336 335 1
336 337 1
337 336 1
337 338 1
338 302 1
338 337 1
338 339 1
339 338 1
339 340 1
339 375 1
340 304 1
340 339 1
341 342 1
341 377 1
342 306 1
342 341 1
342 343 1
343 342 1
343 344 1
343 379 1
344 308 1
344 343 1
344 345 1
345 344 1
345 346 1
345 381 1
346 310 1
346 345 1
346 347 1
347 346 1
347 348 1
347 383 1
348 312 1
348 347 1
348 349 1
349 348 1
349 385 1
350 314 1
350 351 1
351 350 1
351 387 1
352 316 1
352 353 1
353 352 1
353 354 1
353 389 1
354 318 1
354 353 1
355 356 1
355 391 1
356 320 1
356 355 1
356 357 1
357 356 1
357 358 1
357 393 1
358 322 1
358 357 1
358 359 1
359 358 1
359 395 1
360 361 1
361 325 1
361 360 1
361 362 1
362 361 1
362 363 1
362 398 1
363 327 1
363 362 1
363 364 1
364 363 1
364 365 1
364 400 1
365 329 1
365 364 1
365 366 1
366 365 1
366 367 1
366 402 1
367 331 1
367 366 1
368 369 1
368 404 1
369 333 1
369 368 1
369 370 1
370 369 1
370 371 1
370 406 1
371 335 1
371 370 1
371 372 1
372 371 1
372 373 1
372 408 1
373 372 1
373 374 1
374 373 1
374 375 1
374 410 1
375 339 1
375 374 1
376 412 1
377 341 1
377 378 1
378 377 1
378 379 1
379 343 1
379 378 1
379 380 1
380 379 1
380 381 1
380 416 1
381 345 1
381 380 1
381 382 1
382 381 1
382 383 1
382 418 1
383 347 1
383 382 1
383 384 1
384 383 1
384 420 1
385 349 1
385 386 1
386 385 1
386 387 1
386 422 1
387 351 1
387 386 1
388 389 1
388 424 1
389 353 1
389 388 1
390 391 1
390 426 1
391 355 1
391 390 1
391 392 1
392 391 1
392 393 1
392 428 1
393 357 1
393 392 1
393 394 1
394 393 1
394 395 1
395 359 1
395 394 1
396 397 1
397 396 1
397 398 1
397 433 1
398 362 1
398 397 1
398 399 1
399 398 1
399 400 1
399 435 1
400 364 1
400 399 1
400 401 1
401 400 1
401 402 1
401 437 1
402 366 1
402 401 1
403 404 1
403 439 1
404 368 1
404 403 1
404 405 1
405 404 1
405 406 1
405 441 1
406 370 1
406 405 1
406 407 1
407 406 1
407 408 1
407 443 1
408 372 1
408 407 1
408 409 1
409 408 1
409 410 1
409 445 1
410 374 1
410 409 1
411 412 1
411 447 1
412 376 1
412 411 1
412 413 1
413 412 1
413 414 1
413 449 1
414 413 1
414 415 1
415 414 1
415 416 1
415 451 1
416 380 1
416 415 1
416 417 1
417 416 1
417 418 1
418 382 1
418 417 1
418 419 1
419 418 1
419 455 1
420 384 1
420 421 1
421 420 1
421 422 1
422 386 1
422 421 1
422 423 1
423 422 1
423 424 1
423 459 1
424 388 1
424 423 1
424 425 1
425 424 1
425 426 1
425 461 1
426 390 1
426 425 1
426 427 1
427 426 1
427 428 1
427 463 1
428 392 1
428 427 1
428 429 1
429 428 1
429 430 1
429 465 1
430 429 1
430 431 1
431 430 1
431 467 1
432 468 1
433 397 1
433 434 1
434 433 1
434 470 1
435 399 1
435 436 1
436 435 1
436 437 1
436 472 1
437 401 1
437 436 1
437 438 1
438 437 1
438 439 1
438 474 1
439 403 1
439 438 1
439 440 1
440 439 1
440 441 1
440 476 1
441 405 1
441 440 1
441 442 1
442 441 1
442 443 1
442 478 1
443 407 1
443 442 1
443 444 1
444 443 1
444 445 1
444 480 1
445 409 1
445 444 1
446 447 1
446 482 1
447 411 1
447 446 1
447 448 1
448 447 1
448 449 1
449 413 1
449 448 1
449 450 1
450 449 1
450 451 1
450 486 1
451 415 1
451 450 1
451 452 1
452 451 1
452 453 1
452 488 1
453 452 1
453 454 1
454 453 1
454 455 1
454 490 1
455 419 1
455 454 1
456 457 1
456 492 1
457 456 1
457 458 1
458 457 1
458 494 1
459 423 1
460 461 1
460 496 1
461 425 1
461 460 1
461 462 1
462 461 1
462 498 1
463 427 1
464 500 1
465 429 1
465 466 1
466 465 1
466 467 1
466 502 1
467 431 1
467 466 1
468 432 1
468 469 1
469 468 1
469 470 1
469 505 1
470 434 1
470 469 1
470 471 1
471 470 1
471 472 1
472 436 1
472 471 1
472 473 1
473 472 1
473 474 1
473 509 1
474 438 1
474 473 1
475 476 1
476 440 1
476 475 1
476 477 1
477 476 1
477 478 1
477 513 1
478 442 1
478 477 1
478 479 1
479 478 1
480 444 1
480 481 1
481 480 1
481 482 1
481 517 1
482 446 1
482 481 1
482 483 1
483 482 1
483 484 1
483 519 1
484 483 1
484 485 1
485 484 1
485 486 1
485 521 1
486 450 1
486 485 1
486 487 1
487 486 1
487 488 1
487 523 1
488 452 1
488 487 1
488 489 1
489 488 1
489 490 1
489 525 1
490 454 1
490 489 1
490 491 1
491 490 1
491 492 1
491 527 1
492 456 1
492 491 1
492 493 1
493 492 1
493 494 1
493 529 1
494 458 1
494 493 1
494 495 1
495 494 1
495 496 1
495 531 1
496 460 1
496 495 1
496 497 1
497 496 1
497 498 1
497 533 1
498 462 1
498 497 1
498 499 1
499 498 1
499 500 1
499 535 1
500 464 1
500 499 1
500 501 1
501 500 1
501 537 1
502 466 1
502 503 1
503 502 1
503 539 1
504 505 1
504 540 1
505 469 1
505 504 1
506 507 1
507 506 1
507 508 1
508 507 1
508 509 1
508 544 1
509 473 1
509 508 1
509 510 1
510 509 1
510 511 1
510 546 1
511 510 1
511 512 1
512 511 1
512 513 1
513 477 1
513 512 1
513 514 1
514 513 1
514 515 1
514 550 1
515 514 1
515 516 1
516 515 1
516 517 1
516 552 1
517 481 1
517 516 1
517 518 1
518 517 1
518 519 1
518 554 1
519 483 1
519 518 1
519 520 1
520 519 1
520 521 1
520 556 1
521 485 1
521 520 1
521 522 1
522 521 1
522 523 1
523 487 1
523 522 1
523 524 1
524 523 1
524 525 1
524 560 1
525 489 1
525 524 1
525 526 1
526 525 1
526 527 1
526 562 1
527 491 1
527 526 1
527 528 1
528 527 1
528 529 1
528 564 1
529 493 1
529 528 1
529 530 1
530 529 1
530 531 1
530 566 1
531 495 1
531 530 1
532 568 1
533 497 1
533 534 1
534 533 1
534 535 1
534 570 1
535 499 1
535 534 1
535 536 1
536 535 1
536 572 1
537 501 1
537 538 1
538 537 1
538 539 1
538 574 1
539 503 1
539 538 1
540 504 1
540 541 1
541 540 1
541 577 1
542 543 1
543 542 1
543 544 1
543 579 1
544 508 1
544 543 1
545 546 1
545 581 1
546 510 1
546 545 1
546 547 1
547 546 1
547 548 1
547 583 1
548 547 1
548 549 1
549 548 1
549 550 1
549 585 1
550 514 1
550 549 1
551 552 1
551 587 1
552 516 1
552 551 1
552 553 1
553 552 1
553 554 1
553 589 1
554 518 1
554 553 1
554 555 1
555 554 1
555 556 1
555 591 1
556 520 1
556 555 1
556 557 1
557 556 1
557 593 1
558 559 1
559 558 1
559 560 1
559 595 1
560 524 1
560 559 1
560 561 1
561 560 1
561 562 1
561 597 1
562 526 1
562 561 1
562 563 1
563 562 1
563 564 1
563 599 1
564 528 1
564 563 1
564 565 1
565 564 1
565 566 1
565 601 1
566 530 1
566 565 1
566 567 1
567 566 1
567 568 1
567 603 1
568 532 1
568 567 1
568 569 1
569 568 1
569 570 1
569 605 1
570 534 1
570 569 1
570 571 1
571 570 1
571 572 1
571 607 1
572 536 1
572 571 1
573 574 1
573 609 1
574 538 1
574 573 1
574 575 1
575 574 1
576 577 1
576 612 1
577 541 1
577 576 1
577 578 1
578 577 1
578 579 1
578 614 1
579 543 1
579 578 1
580 581 1
580 616 1
581 545 1
581 580 1
581 582 1
582 581 1
582 583 1
582 618 1
583 547 1
583 582 1
583 584 1
584 583 1
585 549 1
585 586 1
586 585 1
586 587 1
586 622 1
587 551 1
587 586 1
588 589 1
588 624 1
589 553 1
589 588 1
589 590 1
590 589 1
591 555 1
592 593 1
592 628 1
593 557 1
593 592 1
593 594 1
594 593 1
594 595 1
594 630 1
595 559 1
595 594 1
595 596 1
596 595 1
596 597 1
596 632 1
597 561 1
597 596 1
598 599 1
598 634 1
599 563 1
599 598 1
599 600 1
600 599 1
600 601 1
600 636 1
601 565 1
601 600 1
602 603 1
603 567 1
603 602 1
604 605 1
604 640 1
605 569 1
605 604 1
605 606 1
606 605 1
606 642 1
607 571 1
607 608 1
608 607 1
608 609 1
609 573 1
609 608 1
609 610 1
610 609 1
610 611 1
610 646 1
611 610 1
612 576 1
612 613 1
613 612 1
613 614 1
614 578 1
614 613 1
615 616 1
616 580 1
616 615 1
616 617 1
617 616 1
617 618 1
618 582 1
618 617 1
619 620 1
620 619 1
620 621 1
621 620 1
621 622 1
622 586 1
622 621 1
622 623 1
623 622 1
623 624 1
624 588 1
624 623 1
624 625 1
625 624 1
625 626 1
626 625 1
627 628 1
628 592 1
628 627 1
628 629 1
629 628 1
629 630 1
630 594 1
630 629 1
630 631 1
631 630 1
632 596 1
632 633 1
633 632 1
633 634 1
634 598 1
634 633 1
634 635 1
635 634 1
635 636 1
636 600 1
636 635 1
636 637 1
637 636 1
637 638 1
638 637 1
639 640 1
640 604 1
640 639 1
641 642 1
642 606 1
642 641 1
642 643 1
643 642 1
643 644 1
644 643 1
644 645 1
645 644 1
645 646 1
646 610 1
646 645 1
29 31
33 24
42 1
54 7
80 11
82 28
101 39
103 18
109 22
143 10
146 4
159 31
166 20
169 37
179 9
181 20
205 18
226 31
233 26
273 43
357 42
366 44
384 30
430 41
431 30
467 30
475 23
498 32
518 1
533 14
540 22
541 11
558 30
567 10
613 13
622 6
635 43
