448 1084 1 448 22
1 30 1
2 3 1
3 2 1
3 4 1
4 3 1
4 5 1
5 4 1
5 6 1
5 34 1
6 5 1
6 7 1
7 6 1
7 36 1
8 9 1
9 8 1
9 10 1
10 9 1
10 11 1
11 10 1
11 12 1
12 11 1
12 13 1
13 12 1
13 14 1
14 13 1
14 15 1
15 14 1
15 16 1
15 44 1
16 15 1
16 17 1
17 16 1
17 18 1
17 46 1
18 17 1
18 19 1
19 18 1
19 20 1
19 48 1
20 19 1
20 21 1
21 20 1
21 22 1
22 21 1
22 23 1
23 22 1
23 24 1
23 52 1
24 23 1
24 25 1
25 24 1
25 26 1
25 54 1
26 25 1
26 27 1
27 26 1
27 28 1
27 56 1
28 27 1
28 29 1
29 28 1
29 58 1
30 1 1
30 31 1
31 30 1
31 32 1
31 61 1
32 31 1
32 33 1
33 32 1
33 34 1
33 63 1
34 5 1
34 33 1
34 35 1
35 34 1
35 36 1
35 65 1
36 7 1
36 35 1
36 37 1
37 36 1
37 38 1
37 67 1
38 37 1
38 39 1
39 38 1
39 40 1
39 69 1
40 39 1
40 41 1
41 40 1
41 42 1
41 71 1
42 41 1
42 43 1
43 42 1
43 44 1
43 73 1
44 15 1
44 43 1
44 45 1
45 44 1
45 46 1
45 75 1
46 17 1
46 45 1
46 47 1
47 46 1
47 48 1
47 77 1
48 19 1
48 47 1
48 49 1
49 48 1
49 50 1
50 49 1
50 51 1
51 50 1
51 52 1
52 23 1
52 51 1
52 53 1
53 52 1
53 54 1
54 25 1
54 53 1
54 55 1
55 54 1
55 56 1
56 27 1
56 55 1
56 57 1
57 56 1
57 58 1
57 87 1
58 29 1
58 57 1
58 59 1
59 58 1
59 89 1
60 61 1
60 90 1
61 31 1
61 60 1
61 62 1
62 61 1
62 63 1
62 92 1
63 33 1
63 62 1
63 64 1
64 63 1
64 65 1
64 94 1
65 35 1
65 64 1
65 66 1
66 65 1
66 67 1
66 96 1
67 37 1
67 66 1
68 69 1
68 98 1
69 39 1
69 68 1
69 70 1
70 69 1
70 100 1
71 41 1
71 72 1
72 71 1
72 73 1
72 102 1
73 43 1
73 72 1
73 74 1
74 73 1
74 75 1
75 45 1
75 74 1
76 77 1
76 106 1
77 47 1
77 76 1
77 78 1
78 77 1
78 79 1
78 108 1
79 78 1
79 80 1
80 79 1
80 81 1
81 80 1
81 82 1
82 81 1
82 83 1
82 112 1
83 82 1
83 84 1
84 83 1
84 85 1
84 114 1
85 84 1
85 86 1
86 85 1
86 116 1
87 57 1
87 88 1
88 87 1
88 118 1
89 59 1
90 60 1
90 91 1
91 90 1
91 121 1
92 62 1
92 93 1
93 92 1
93 123 1
94 64 1
94 95 1
95 94 1
95 96 1
95 125 1
96 66 1
96 95 1
96 97 1
97 96 1
97 98 1
97 127 1
98 68 1
98 97 1
98 99 1
99 98 1
99 100 1
99 129 1
100 70 1
100 99 1
100 101 1
101 100 1
101 102 1
102 72 1
102 101 1
102 103 1
103 102 1
103 104 1
103 133 1
104 103 1
104 105 1
105 104 1
105 106 1
105 135 1
106 76 1
106 105 1
106 107 1
107 106 1
107 108 1
107 137 1
108 78 1
108 107 1
108 109 1
109 108 1
109 110 1
109 139 1
110 109 1
110 111 1
111 110 1
111 112 1
112 82 1
112 111 1
113 114 1
113 143 1
114 84 1
114 113 1
114 115 1
115 114 1
115 116 1
115 145 1
116 86 1
116 115 1
116 117 1
117 116 1
117 147 1
118 88 1
118 119 1
119 118 1
119 149 1
120 121 1
120 150 1
121 91 1
121 120 1
121 122 1
122 121 1
122 152 1
123 93 1
123 124 1
124 123 1
124 125 1
125 95 1
125 124 1
125 126 1
126 125 1
126 127 1
127 97 1
127 126 1
127 128 1
128 127 1
128 129 1
128 158 1
129 99 1
129 128 1
129 130 1
130 129 1
130 131 1
130 160 1
131 130 1
131 132 1
132 131 1
132 133 1
132 162 1
133 103 1
133 132 1
133 134 1
134 133 1
134 135 1
134 164 1
135 105 1
135 134 1
135 136 1
136 135 1
136 137 1
136 166 1
137 107 1
137 136 1
137 138 1
138 137 1
138 168 1
139 109 1
139 140 1
140 139 1
140 141 1
140 170 1
141 140 1
141 142 1
142 141 1
142 143 1
142 172 1
143 113 1
143 142 1
143 144 1
144 143 1
144 145 1
144 174 1
145 115 1
145 144 1
145 146 1
146 145 1
146 147 1
146 176 1
147 117 1
147 146 1
147 148 1
148 147 1
148 149 1
148 178 1
149 119 1
149 148 1
150 120 1
150 151 1
151 150 1
151 152 1
151 181 1
152 122 1
152 151 1
152 153 1
153 152 1
153 154 1
153 183 1
154 153 1
154 155 1
155 154 1
155 156 1
155 185 1
156 155 1
156 157 1
157 156 1
157 158 1
157 187 1
158 128 1
158 157 1
158 159 1
159 158 1
159 160 1
160 130 1
160 159 1
160 161 1
161 160 1
162 132 1
163 164 1
163 193 1
164 134 1
164 163 1
164 165 1
165 164 1
165 166 1
165 195 1
166 136 1
166 165 1
166 167 1
167 166 1
167 197 1
168 138 1
168 169 1
169 168 1
169 199 1
170 140 1
170 171 1
171 170 1
171 172 1
171 201 1
172 142 1
172 171 1
172 173 1
173 172 1
173 174 1
173 203 1
174 144 1
174 173 1
174 175 1
175 174 1
175 176 1
175 205 1
176 146 1
176 175 1
176 177 1
177 176 1
177 178 1
178 148 1
178 177 1
179 209 1
180 181 1
181 151 1
181 180 1
181 182 1
182 181 1
182 183 1
182 212 1
183 153 1
183 182 1
183 184 1
184 183 1
184 185 1
184 214 1
185 155 1
185 184 1
185 186 1
186 185 1
186 187 1
186 216 1
187 157 1
187 186 1
187 188 1
188 187 1
188 189 1
188 218 1
189 188 1
189 190 1
190 189 1
190 191 1
191 190 1
191 192 1
192 191 1
193 163 1
193 194 1
194 193 1
194 195 1
194 224 1
195 165 1
195 194 1
195 196 1
196 195 1
196 197 1
196 226 1
197 167 1
197 196 1
197 198 1
198 197 1
198 199 1
198 228 1
199 169 1
199 198 1
199 200 1
200 199 1
200 201 1
200 230 1
201 171 1
201 200 1
201 202 1
202 201 1
202 232 1
203 173 1
203 204 1
204 203 1
204 205 1
204 234 1
205 175 1
205 204 1
205 206 1
206 205 1
206 207 1
206 236 1
207 206 1
207 208 1
208 207 1
208 209 1
208 238 1
209 179 1
209 208 1
210 211 1
211 210 1
211 212 1
212 182 1
212 211 1
213 214 1
213 243 1
214 184 1
214 213 1
214 215 1
215 214 1
215 245 1
216 186 1
216 217 1
217 216 1
217 247 1
218 188 1
218 219 1
219 218 1
219 249 1
220 221 1
221 220 1
221 251 1
222 223 1
223 222 1
223 224 1
223 253 1
224 194 1
224 223 1
224 225 1
225 224 1
225 226 1
225 255 1
226 196 1
226 225 1
227 257 1
228 198 1
228 229 1
229 228 1
229 230 1
230 200 1
230 229 1
230 231 1
231 230 1
231 232 1
231 261 1
232 202 1
232 231 1
232 233 1
233 232 1
233 234 1
233 263 1
234 204 1
234 233 1
234 235 1
235 234 1
235 236 1
236 206 1
236 235 1
236 237 1
237 236 1
237 267 1
238 208 1
238 239 1
239 238 1
239 269 1
240 241 1
240 270 1
241 240 1
241 242 1
242 241 1
242 243 1
242 272 1
243 213 1
243 242 1
243 244 1
244 243 1
244 274 1
245 215 1
245 246 1
246 245 1
246 276 1
247 217 1
247 248 1
248 247 1
248 249 1
249 219 1
249 248 1
250 280 1
251 221 1
251 252 1
252 251 1
252 253 1
252 282 1
253 223 1
253 252 1
253 254 1
254 253 1
255 225 1
255 256 1
256 255 1
256 257 1
256 286 1
257 227 1
257 256 1
257 258 1
258 257 1
258 259 1
259 258 1
259 260 1
260 259 1
260 261 1
260 290 1
261 231 1
261 260 1
261 262 1
262 261 1
262 263 1
262 292 1
263 233 1
263 262 1
263 264 1
264 263 1
264 265 1
264 294 1
265 264 1
265 266 1
266 265 1
266 267 1
266 296 1
267 237 1
267 266 1
268 269 1
268 298 1
269 239 1
269 268 1
270 240 1
271 272 1
271 301 1
272 242 1
272 271 1
272 273 1
273 272 1
273 274 1
273 303 1
274 244 1
274 273 1
274 275 1
275 274 1
275 276 1
275 305 1
276 246 1
276 275 1
276 277 1
277 276 1
277 278 1
277 307 1
278 277 1
278 279 1
279 278 1
279 280 1
280 250 1
280 279 1
280 281 1
281 280 1
282 252 1
282 283 1
283 282 1
283 284 1
283 313 1
284 283 1
284 285 1
285 284 1
285 286 1
285 315 1
286 256 1
286 285 1
286 287 1
287 286 1
287 288 1
287 317 1
288 287 1
288 289 1
289 288 1
290 260 1
290 291 1
291 290 1
291 292 1
291 321 1
292 262 1
292 291 1
293 294 1
293 323 1
294 264 1
294 293 1
294 295 1
295 294 1
295 296 1
295 325 1
296 266 1
296 295 1
297 327 1
298 268 1
298 299 1
299 298 1
299 329 1
300 301 1
300 330 1
301 271 1
301 300 1
301 302 1
302 301 1
302 303 1
303 273 1
303 302 1
304 305 1
304 334 1
305 275 1
305 304 1
305 306 1
306 305 1
306 307 1
306 336 1
307 277 1
307 306 1
307 308 1
308 307 1
308 309 1
309 308 1
309 310 1
310 309 1
310 311 1
310 340 1
311 310 1
311 312 1
312 311 1
312 342 1
313 283 1
313 314 1
314 313 1
314 315 1
315 285 1
315 314 1
315 316 1
316 315 1
316 317 1
316 346 1
317 287 1
317 316 1
317 318 1
318 317 1
318 319 1
318 348 1
319 318 1
320 321 1
320 350 1
321 291 1
321 320 1
321 322 1
322 321 1
322 323 1
322 352 1
323 293 1
323 322 1
324 354 1
325 295 1
325 326 1
326 325 1
326 327 1
326 356 1
327 297 1
327 326 1
327 328 1
328 327 1
328 329 1
328 358 1
329 299 1
329 328 1
330 300 1
331 361 1
332 333 1
333 332 1
333 334 1
333 363 1
334 304 1
334 333 1
334 335 1
335 334 1
335 336 1
335 365 1
336 306 1
336 335 1
337 338 1
337 367 1
338 337 1
338 339 1
339 338 1
339 340 1
340 310 1
340 339 1
340 341 1
341 340 1
341 342 1
341 371 1
342 312 1
342 341 1
342 343 1
343 342 1
343 344 1
343 373 1
344 343 1
344 345 1
345 344 1
345 346 1
345 375 1
346 316 1
346 345 1
346 347 1
347 346 1
347 348 1
347 377 1
348 318 1
348 347 1
348 349 1
349 348 1
349 350 1
350 320 1
350 349 1
351 352 1
352 322 1
352 351 1
352 353 1
353 352 1
353 354 1
353 383 1
354 324 1
354 353 1
354 355 1
355 354 1
355 356 1
356 326 1
356 355 1
356 357 1
357 356 1
357 387 1
358 328 1
358 359 1
359 358 1
359 389 1
360 390 1
361 331 1
361 362 1
362 361 1
362 363 1
363 333 1
363 362 1
363 364 1
364 363 1
364 365 1
364 394 1
365 335 1
365 364 1
365 366 1
366 365 1
366 367 1
366 396 1
367 337 1
367 366 1
367 368 1
368 367 1
368 369 1
368 398 1
369 368 1
369 370 1
370 369 1
370 371 1
370 400 1
371 341 1
371 370 1
371 372 1
372 371 1
372 373 1
372 402 1
373 343 1
373 372 1
373 374 1
374 373 1
374 375 1
374 404 1
375 345 1
375 374 1
375 376 1
376 375 1
376 377 1
376 406 1
377 347 1
377 376 1
377 378 1
378 377 1
379 380 1
380 379 1
380 381 1
380 410 1
381 380 1
382 412 1
383 353 1
383 384 1
384 383 1
384 414 1
385 386 1
386 385 1
386 387 1
386 416 1
387 357 1
387 386 1
387 388 1
388 387 1
388 389 1
388 418 1
389 359 1
389 388 1
390 360 1
390 391 1
391 390 1
391 392 1
391 420 1
392 391 1
392 393 1
393 392 1
393 422 1
394 364 1
394 395 1
395 394 1
395 396 1
395 424 1
396 366 1
396 395 1
396 397 1
397 396 1
397 398 1
397 426 1
398 368 1
398 397 1
398 399 1
399 398 1
399 400 1
399 428 1
400 370 1
400 399 1
400 401 1
401 400 1
401 402 1
401 430 1
402 372 1
402 401 1
402 403 1
403 402 1
403 404 1
403 432 1
404 374 1
404 403 1
404 405 1
405 404 1
405 406 1
405 434 1
406 376 1
406 405 1
406 407 1
407 406 1
407 408 1
407 436 1
408 407 1
408 409 1
409 408 1
409 410 1
409 438 1
410 380 1
410 409 1
410 411 1
411 410 1
411 412 1
411 440 1
412 382 1
412 411 1
412 413 1
413 412 1
413 414 1
413 442 1
414 384 1
414 413 1
415 416 1
415 444 1
416 386 1
416 415 1
416 417 1
417 416 1
417 446 1
418 388 1
418 419 1
419 418 1
419 448 1
420 391 1
420 421 1
421 420 1
422 393 1
422 423 1
423 422 1
423 424 1
424 395 1
424 423 1
424 425 1
425 424 1
425 426 1
426 397 1
426 425 1
426 427 1
427 426 1
427 428 1
428 399 1
428 427 1
428 429 1
429 428 1
429 430 1
430 401 1
430 429 1
430 431 1
431 430 1
431 432 1
432 403 1
432 431 1
433 434 1
434 405 1
434 433 1
434 435 1
435 434 1
435 436 1
436 407 1
436 435 1
436 437 1
437 436 1
437 438 1
438 409 1
438 437 1
438 439 1
439 438 1
439 440 1
440 411 1
440 439 1
440 441 1
441 440 1
441 442 1
442 413 1
442 441 1
443 444 1
444 415 1
444 443 1
444 445 1
445 444 1
445 446 1
446 417 1
446 445 1
446 447 1
447 446 1
448 419 1
38 1
61 1
65 1
75 1
98 1
111 1
134 1
150 1
164 1
166 1
197 1
209 1
233 1
235 1
250 1
293 1
302 1
320 1
334 1
378 1
436 1
443 1
