126 280 1 126 6
1 2 1
1 16 1
2 1 1
3 4 1
3 18 1
4 3 1
4 5 1
5 4 1
5 6 1
5 20 1
6 5 1
6 7 1
7 6 1
7 8 1
7 22 1
8 7 1
8 9 1
9 8 1
9 10 1
10 9 1
10 11 1
11 10 1
11 12 1
11 26 1
12 11 1
12 13 1
13 12 1
13 14 1
14 13 1
14 15 1
15 14 1
15 30 1
16 1 1
16 17 1
17 16 1
17 33 1
18 3 1
18 19 1
19 18 1
19 35 1
20 5 1
20 21 1
21 20 1
21 22 1
22 7 1
22 21 1
22 23 1
23 22 1
23 24 1
23 39 1
24 23 1
24 25 1
25 24 1
25 26 1
25 41 1
26 11 1
26 25 1
27 28 1
27 43 1
28 27 1
28 29 1
29 28 1
29 30 1
30 15 1
30 29 1
30 31 1
31 30 1
32 33 1
32 48 1
33 17 1
33 32 1
33 34 1
34 33 1
34 35 1
34 50 1
35 19 1
35 34 1
35 36 1
36 35 1
36 37 1
37 36 1
37 38 1
38 37 1
38 54 1
39 23 1
39 40 1
40 39 1
40 41 1
40 56 1
41 25 1
41 40 1
42 43 1
43 27 1
43 42 1
44 45 1
44 60 1
45 44 1
45 46 1
46 45 1
46 47 1
46 62 1
47 46 1
48 32 1
48 49 1
49 48 1
49 50 1
49 65 1
50 34 1
50 49 1
50 51 1
51 50 1
51 67 1
52 53 1
53 52 1
53 54 1
53 69 1
54 38 1
54 53 1
54 55 1
55 54 1
55 71 1
56 40 1
56 57 1
57 56 1
57 58 1
57 73 1
58 57 1
58 59 1
59 58 1
59 60 1
60 44 1
60 59 1
60 61 1
61 60 1
61 62 1
61 77 1
62 46 1
62 61 1
63 79 1
64 65 1
64 80 1
65 49 1
65 64 1
65 66 1
66 65 1
66 67 1
66 82 1
67 51 1
67 66 1
67 68 1
68 67 1
68 69 1
68 84 1
69 53 1
69 68 1
69 70 1
70 69 1
70 71 1
71 55 1
71 70 1
72 73 1
73 57 1
73 72 1
73 74 1
74 73 1
74 75 1
74 90 1
75 74 1
75 76 1
76 75 1
76 92 1
77 61 1
77 78 1
78 77 1
78 79 1
79 63 1
79 78 1
80 64 1
80 81 1
81 80 1
81 82 1
81 97 1
82 66 1
82 81 1
82 83 1
83 82 1
83 84 1
83 99 1
84 68 1
84 83 1
85 101 1
86 87 1
87 86 1
87 88 1
87 103 1
88 87 1
89 90 1
89 105 1
90 74 1
90 89 1
90 91 1
91 90 1
91 92 1
91 107 1
92 76 1
92 91 1
93 94 1
93 109 1
94 93 1
94 95 1
95 94 1
95 111 1
96 97 1
97 81 1
97 96 1
97 98 1
98 97 1
98 99 1
98 114 1
99 83 1
99 98 1
99 100 1
100 99 1
101 85 1
101 102 1
102 101 1
102 103 1
103 87 1
103 102 1
103 104 1
104 103 1
104 105 1
104 120 1
105 89 1
105 104 1
105 106 1
106 105 1
106 107 1
106 122 1
107 91 1
107 106 1
108 124 1
109 93 1
109 110 1
110 109 1
110 111 1
110 126 1
111 95 1
111 110 1
112 113 1
113 112 1
113 114 1
114 98 1
114 113 1
114 115 1
115 114 1
115 116 1
116 115 1
116 117 1
117 116 1
117 118 1
118 117 1
118 119 1
119 118 1
119 120 1
120 104 1
120 119 1
120 121 1
121 120 1
122 106 1
122 123 1
123 122 1
123 124 1
124 108 1
124 123 1
124 125 1
125 124 1
125 126 1
126 110 1
126 125 1
33 18
37 10
60 7
87 14
96 11
108 16
