336 828 1 336 9
1 2 1
2 1 1
2 3 6
3 2 6
3 28 19
4 5 16
5 4 16
5 6 10
5 30 2
6 5 10
6 7 11
7 6 11
7 8 13
7 32 18
8 7 13
9 10 15
9 34 1
10 9 15
10 11 8
11 10 8
11 12 5
11 36 2
12 11 5
12 13 4
13 12 4
13 14 4
14 13 4
15 40 15
16 17 16
17 16 16
17 42 10
18 19 9
19 18 9
19 20 18
19 44 7
20 19 18
20 21 6
21 20 6
21 22 19
21 46 10
22 21 19
22 23 3
23 22 3
23 24 1
23 48 3
24 23 1
25 50 4
26 27 16
27 26 16
27 28 4
27 53 15
28 3 19
28 27 4
28 29 10
29 28 10
29 30 10
29 55 17
30 5 2
30 29 10
30 31 9
31 30 9
31 32 12
31 57 6
32 7 18
32 31 12
32 33 11
33 32 11
33 34 11
34 9 1
34 33 11
34 35 14
35 34 14
35 36 15
36 11 2
36 35 15
36 37 9
37 36 9
37 38 17
37 63 9
38 37 17
38 39 5
39 38 5
39 40 12
39 65 11
40 15 15
40 39 12
40 41 3
41 40 3
41 42 11
41 67 19
42 17 10
42 41 11
42 43 3
43 42 3
43 44 12
43 69 2
44 19 7
44 43 12
44 45 16
45 44 16
45 46 7
45 71 9
46 21 10
46 45 7
46 47 4
47 46 4
47 48 4
47 73 17
48 23 3
48 47 4
48 49 1
49 48 1
49 50 6
49 75 16
50 25 4
50 49 6
50 51 16
51 50 16
51 77 2
52 78 16
53 27 15
53 54 8
54 53 8
54 55 14
54 80 11
55 29 17
55 54 14
55 56 11
56 55 11
56 57 10
56 82 14
57 31 6
57 56 10
57 58 16
58 57 16
58 59 15
58 84 10
59 58 15
59 60 10
60 59 10
60 61 2
60 86 17
61 60 2
61 62 7
62 61 7
62 63 18
62 88 11
63 37 9
63 62 18
63 64 2
64 63 2
64 65 1
64 90 1
65 39 11
65 64 1
65 66 18
66 65 18
66 67 11
67 41 19
67 66 11
67 68 14
68 67 14
68 69 17
68 94 9
69 43 2
69 68 17
70 96 1
71 45 9
71 72 9
72 71 9
72 98 7
73 47 17
73 74 5
74 73 5
74 75 12
75 49 16
75 74 12
75 76 13
76 75 13
76 77 3
76 102 11
77 51 2
77 76 3
78 52 16
78 79 14
79 78 14
79 105 11
80 54 11
80 81 14
81 80 14
81 82 6
81 107 8
82 56 14
82 81 6
82 83 1
83 82 1
83 84 3
84 58 10
84 83 3
84 85 17
85 84 17
85 86 10
86 60 17
86 85 10
86 87 17
87 86 17
87 113 3
88 62 11
88 89 7
89 88 7
89 90 5
89 115 7
90 64 1
90 89 5
91 92 5
91 117 5
92 91 5
92 93 16
93 92 16
93 94 11
93 119 17
94 68 9
94 93 11
94 95 19
95 94 19
95 96 5
95 121 19
96 70 1
96 95 5
96 97 17
97 96 17
97 98 10
98 72 7
98 97 10
98 99 8
99 98 8
99 100 9
99 125 2
100 99 9
100 101 13
101 100 13
101 102 2
101 127 8
102 76 11
102 101 2
102 103 17
103 102 17
103 129 10
104 105 6
104 130 15
105 79 11
105 104 6
105 106 4
106 105 4
106 107 7
106 132 10
107 81 8
107 106 7
108 109 12
109 108 12
109 110 15
110 109 15
110 111 1
110 136 14
111 110 1
111 112 10
112 111 10
112 113 16
112 138 19
113 87 3
113 112 16
113 114 8
114 113 8
114 115 11
115 89 7
115 114 11
116 117 1
116 142 9
117 91 5
117 116 1
117 118 16
118 117 16
118 119 18
118 144 14
119 93 17
119 118 18
119 120 13
120 119 13
120 121 2
120 146 16
121 95 19
121 120 2
121 122 11
122 121 11
122 123 5
123 122 5
124 125 17
125 99 2
125 124 17
125 126 8
126 125 8
126 127 1
127 101 8
127 126 1
127 128 8
128 127 8
128 129 4
128 154 11
129 103 10
129 128 4
130 104 15
130 131 9
131 130 9
131 132 1
131 157 3
132 106 10
132 131 1
132 133 18
133 132 18
133 134 17
133 159 14
134 133 17
134 135 12
135 134 12
135 136 19
135 161 5
136 110 14
136 135 19
136 137 2
137 136 2
138 112 19
138 139 5
139 138 5
139 140 1
139 165 5
140 139 1
140 141 16
141 140 16
141 142 14
141 167 16
142 116 9
142 141 14
142 143 5
143 142 5
143 169 15
144 118 14
145 146 10
145 171 17
146 120 16
146 145 10
146 147 6
147 146 6
147 148 16
147 173 1
148 147 16
149 150 7
149 175 3
150 149 7
150 151 12
151 150 12
151 152 9
151 177 15
152 151 9
153 179 14
154 128 11
154 155 11
155 154 11
155 181 12
156 157 13
156 182 15
157 131 3
157 156 13
158 159 8
158 184 14
159 133 14
159 158 8
159 160 10
160 159 10
160 161 10
160 186 13
161 135 5
161 160 10
161 162 2
162 161 2
162 163 16
162 188 14
163 162 16
163 164 14
164 163 14
164 165 4
164 190 16
165 139 5
165 164 4
165 166 6
166 165 6
166 167 3
166 192 10
167 141 16
167 166 3
167 168 12
168 167 12
168 194 18
169 143 15
170 171 7
170 196 7
171 145 17
171 170 7
171 172 2
172 171 2
172 173 19
172 198 12
173 147 1
173 172 19
173 174 5
174 173 5
174 175 17
174 200 19
175 149 3
175 174 17
175 176 13
176 175 13
176 177 19
176 202 6
177 151 15
177 176 19
177 178 10
178 177 10
178 179 11
178 204 8
179 153 14
179 178 11
179 180 7
180 179 7
180 181 11
180 206 13
181 155 12
181 180 11
182 156 15
182 183 11
183 182 11
183 184 8
183 209 16
184 158 14
184 183 8
184 185 7
185 184 7
185 186 9
185 211 15
186 160 13
186 185 9
186 187 1
187 186 1
187 188 14
187 213 9
188 162 14
188 187 14
188 189 7
189 188 7
189 190 6
189 215 2
190 164 16
190 189 6
190 191 10
191 190 10
191 192 1
191 217 8
192 166 10
192 191 1
192 193 15
193 192 15
193 194 3
193 219 2
194 168 18
194 193 3
194 195 5
195 194 5
195 196 10
195 221 12
196 170 7
196 195 10
196 197 1
197 196 1
197 223 15
198 172 12
198 199 10
199 198 10
199 200 9
199 225 17
200 174 19
200 199 9
200 201 7
201 200 7
201 202 10
201 227 11
202 176 6
202 201 10
202 203 6
203 202 6
203 204 1
203 229 4
204 178 8
204 203 1
204 205 9
205 204 9
205 206 17
205 231 13
206 180 13
206 205 17
206 207 14
207 206 14
207 233 13
208 209 9
208 234 13
209 183 16
209 208 9
209 210 14
210 209 14
210 211 17
210 236 16
211 185 15
211 210 17
211 212 3
212 211 3
212 213 14
212 238 14
213 187 9
213 212 14
213 214 18
214 213 18
214 215 17
214 240 19
215 189 2
215 214 17
215 216 1
216 215 1
216 217 14
216 242 16
217 191 8
217 216 14
217 218 4
218 217 4
218 244 10
219 193 2
219 220 4
220 219 4
220 221 3
220 246 17
221 195 12
221 220 3
221 222 5
222 221 5
222 223 7
223 197 15
223 222 7
223 224 8
224 223 8
224 225 9
224 250 4
225 199 17
225 224 9
226 227 1
226 252 18
227 201 11
227 226 1
227 228 11
228 227 11
228 229 7
228 254 18
229 203 4
229 228 7
229 230 7
230 229 7
230 231 14
230 256 1
231 205 13
231 230 14
231 232 15
232 231 15
232 233 18
232 258 12
233 207 13
233 232 18
234 208 13
234 235 14
235 234 14
235 261 19
236 210 16
236 237 1
237 236 1
237 238 5
237 263 1
238 212 14
238 237 5
238 239 5
239 238 5
239 240 3
239 265 15
240 214 19
240 239 3
240 241 17
241 240 17
241 242 6
241 267 5
242 216 16
242 241 6
242 243 4
243 242 4
243 244 9
243 269 6
244 218 10
244 243 9
244 245 9
245 244 9
245 271 15
246 220 17
246 247 10
247 246 10
247 248 8
248 247 8
248 249 17
249 248 17
249 250 18
249 275 12
250 224 4
250 249 18
250 251 13
251 250 13
251 252 11
251 277 2
252 226 18
252 251 11
252 253 3
253 252 3
253 279 9
254 228 18
255 256 16
256 230 1
256 255 16
256 257 3
257 256 3
257 258 18
257 283 15
258 232 12
258 257 18
258 259 14
259 258 14
259 285 9
260 261 10
260 286 14
261 235 19
261 260 10
262 263 12
262 288 10
263 237 1
263 262 12
263 264 3
264 263 3
265 239 15
265 266 12
266 265 12
266 267 17
267 241 5
267 266 17
267 268 1
268 267 1
268 269 2
268 294 9
269 243 6
269 268 2
269 270 3
270 269 3
270 271 15
270 296 15
271 245 15
271 270 15
271 272 1
272 271 1
272 273 7
273 272 7
273 274 10
274 273 10
274 275 14
274 300 5
275 249 12
275 274 14
275 276 18
276 275 18
276 277 2
276 302 2
277 251 2
277 276 2
278 279 10
278 304 18
279 253 9
279 278 10
280 281 15
280 306 15
281 280 15
281 282 3
282 281 3
282 283 1
282 308 6
283 257 15
283 282 1
283 284 12
284 283 12
284 285 10
284 310 16
285 259 9
285 284 10
286 260 14
286 287 1
287 286 1
287 288 5
287 312 5
288 262 10
288 287 5
288 289 10
289 288 10
289 290 7
289 314 19
290 289 7
290 291 8
291 290 8
291 292 7
291 316 3
292 291 7
292 293 13
293 292 13
293 318 16
294 268 9
294 295 1
295 294 1
295 320 1
296 270 15
296 297 15
297 296 15
297 298 4
297 322 19
298 297 4
298 299 16
299 298 16
299 324 14
300 274 5
301 302 6
301 326 7
302 276 2
302 301 6
302 303 7
303 302 7
303 304 16
303 328 14
304 278 18
304 303 16
304 305 7
305 304 7
306 280 15
306 307 10
307 306 10
307 308 12
307 332 4
308 282 6
308 307 12
308 309 2
309 308 2
309 310 9
309 334 7
310 284 16
310 309 9
310 311 3
311 310 3
311 336 6
312 287 5
312 313 2
313 312 2
313 314 19
314 289 19
314 313 19
314 315 10
315 314 10
315 316 14
316 291 3
316 315 14
316 317 11
317 316 11
317 318 2
318 293 16
318 317 2
318 319 14
319 318 14
319 320 18
320 295 1
320 319 18
321 322 5
322 297 19
322 321 5
322 323 12
323 322 12
323 324 4
324 299 14
324 323 4
324 325 16
325 324 16
326 301 7
326 327 6
327 326 6
327 328 4
328 303 14
328 327 4
328 329 11
329 328 11
329 330 9
330 329 9
330 331 16
331 330 16
331 332 19
332 307 4
332 331 19
332 333 10
333 332 10
333 334 8
334 309 7
334 333 8
334 335 18
335 334 18
335 336 10
336 311 6
336 335 10
40 54
52 274
55 129
81 291
166 220
221 90
232 293
291 174
307 164
