96 210 1 96 7
1 2 1
1 14 18
2 1 1
2 3 12
3 2 12
3 4 11
4 3 11
4 5 12
5 4 12
5 6 18
5 18 3
6 5 18
7 20 9
8 9 12
9 8 12
9 10 8
9 22 18
10 9 8
10 11 14
11 10 14
11 12 15
11 24 4
12 11 15
12 13 10
13 12 10
13 26 11
14 1 18
14 15 17
15 14 17
15 16 1
16 15 1
16 17 15
17 16 15
17 18 5
17 31 12
18 5 3
18 17 5
19 20 9
19 33 17
20 7 9
20 19 9
20 21 6
21 20 6
21 35 16
22 9 18
22 23 2
23 22 2
23 24 10
23 37 18
24 11 4
24 23 10
24 25 6
25 24 6
25 26 8
26 13 11
26 25 8
26 27 12
27 26 12
27 41 7
28 29 18
28 42 2
29 28 18
29 30 1
30 29 1
30 31 8
30 44 14
31 17 12
31 30 8
32 33 14
32 46 9
33 19 17
33 32 14
33 34 4
34 33 4
34 35 12
35 21 16
35 34 12
35 36 11
36 35 11
36 50 13
37 23 18
37 38 16
38 37 16
38 52 17
39 40 2
40 39 2
40 41 11
40 54 14
41 27 7
41 40 11
42 28 2
42 43 18
43 42 18
43 44 6
43 57 6
44 30 14
44 43 6
44 45 19
45 44 19
45 46 1
45 59 8
46 32 9
46 45 1
46 47 9
47 46 9
47 48 6
48 47 6
48 49 7
49 48 7
49 50 15
49 63 2
50 36 13
50 49 15
50 51 15
51 50 15
51 52 17
51 65 7
52 38 17
52 51 17
53 67 4
54 40 14
54 55 12
55 54 12
55 69 9
56 57 17
57 43 6
57 56 17
57 58 7
58 57 7
58 59 18
58 72 8
59 45 8
59 58 18
59 60 18
60 59 18
60 74 2
61 62 9
62 61 9
62 63 14
62 76 17
63 49 2
63 62 14
63 64 16
64 63 16
64 65 2
64 78 12
65 51 7
65 64 2
66 80 11
67 53 4
67 68 8
68 67 8
68 82 13
69 55 9
70 71 5
71 70 5
71 72 6
71 84 14
72 58 8
72 71 6
72 73 9
73 72 9
73 74 4
73 86 4
74 60 2
74 73 4
74 75 4
75 74 4
75 88 12
76 62 17
77 90 17
78 64 12
78 79 8
79 78 8
79 92 10
80 66 11
80 81 17
81 80 17
81 82 1
81 94 16
82 68 13
82 81 1
82 83 11
83 82 11
84 71 14
84 85 15
85 84 15
85 86 11
86 73 4
86 85 11
86 87 1
87 86 1
88 75 12
88 89 5
89 88 5
89 90 15
90 77 17
90 89 15
91 92 8
92 79 10
92 91 8
92 93 7
93 92 7
93 94 13
94 81 16
94 93 13
94 95 6
95 94 6
95 96 16
96 95 16
15 148
52 158
58 2
66 116
67 100
72 90
96 106
