336 828 1 336 9
1 2 1
2 1 1
2 3 1
3 2 1
3 28 1
4 5 1
5 4 1
5 6 1
5 30 1
6 5 1
6 7 1
7 6 1
7 8 1
7 32 1
8 7 1
9 10 1
9 34 1
10 9 1
10 11 1
11 10 1
11 12 1
11 36 1
12 11 1
12 13 1
13 12 1
13 14 1
14 13 1
15 40 1
16 17 1
17 16 1
17 42 1
18 19 1
19 18 1
19 20 1
19 44 1
20 19 1
20 21 1
21 20 1
21 22 1
21 46 1
22 21 1
22 23 1
23 22 1
23 24 1
23 48 1
24 23 1
25 50 1
26 27 1
27 26 1
27 28 1
27 53 1
28 3 1
28 27 1
28 29 1
29 28 1
29 30 1
29 55 1
30 5 1
30 29 1
30 31 1
31 30 1
31 32 1
31 57 1
32 7 1
32 31 1
32 33 1
33 32 1
33 34 1
34 9 1
34 33 1
34 35 1
35 34 1
35 36 1
36 11 1
36 35 1
36 37 1
37 36 1
37 38 1
37 63 1
38 37 1
38 39 1
39 38 1
39 40 1
39 65 1
40 15 1
40 39 1
40 41 1
41 40 1
41 42 1
41 67 1
42 17 1
42 41 1
42 43 1
43 42 1
43 44 1
43 69 1
44 19 1
44 43 1
44 45 1
45 44 1
45 46 1
45 71 1
46 21 1
46 45 1
46 47 1
47 46 1
47 48 1
47 73 1
48 23 1
48 47 1
48 49 1
49 48 1
49 50 1
49 75 1
50 25 1
50 49 1
50 51 1
51 50 1
51 77 1
52 78 1
53 27 1
53 54 1
54 53 1
54 55 1
54 80 1
55 29 1
55 54 1
55 56 1
56 55 1
56 57 1
56 82 1
57 31 1
57 56 1
57 58 1
58 57 1
58 59 1
58 84 1
59 58 1
59 60 1
60 59 1
60 61 1
60 86 1
61 60 1
61 62 1
62 61 1
62 63 1
62 88 1
63 37 1
63 62 1
63 64 1
64 63 1
64 65 1
64 90 1
65 39 1
65 64 1
65 66 1
66 65 1
66 67 1
67 41 1
67 66 1
67 68 1
68 67 1
68 69 1
68 94 1
69 43 1
69 68 1
70 96 1
71 45 1
71 72 1
72 71 1
72 98 1
73 47 1
73 74 1
74 73 1
74 75 1
75 49 1
75 74 1
75 76 1
76 75 1
76 77 1
76 102 1
77 51 1
77 76 1
78 52 1
78 79 1
79 78 1
79 105 1
80 54 1
80 81 1
81 80 1
81 82 1
81 107 1
82 56 1
82 81 1
82 83 1
83 82 1
83 84 1
84 58 1
84 83 1
84 85 1
85 84 1
85 86 1
86 60 1
86 85 1
86 87 1
87 86 1
87 113 1
88 62 1
88 89 1
89 88 1
89 90 1
89 115 1
90 64 1
90 89 1
91 92 1
91 117 1
92 91 1
92 93 1
93 92 1
93 94 1
93 119 1
94 68 1
94 93 1
94 95 1
95 94 1
95 96 1
95 121 1
96 70 1
96 95 1
96 97 1
97 96 1
97 98 1
98 72 1
98 97 1
98 99 1
99 98 1
99 100 1
99 125 1
100 99 1
100 101 1
101 100 1
101 102 1
101 127 1
102 76 1
102 101 1
102 103 1
103 102 1
103 129 1
104 105 1
104 130 1
105 79 1
105 104 1
105 106 1
106 105 1
106 107 1
106 132 1
107 81 1
107 106 1
108 109 1
109 108 1
109 110 1
110 109 1
110 111 1
110 136 1
111 110 1
111 112 1
112 111 1
112 113 1
112 138 1
113 87 1
113 112 1
113 114 1
114 113 1
114 115 1
115 89 1
115 114 1
116 117 1
116 142 1
117 91 1
117 116 1
117 118 1
118 117 1
118 119 1
118 144 1
119 93 1
119 118 1
119 120 1
120 119 1
120 121 1
120 146 1
121 95 1
121 120 1
121 122 1
122 121 1
122 123 1
123 122 1
124 125 1
125 99 1
125 124 1
125 126 1
126 125 1
126 127 1
127 101 1
127 126 1
127 128 1
128 127 1
128 129 1
128 154 1
129 103 1
129 128 1
130 104 1
130 131 1
131 130 1
131 132 1
131 157 1
132 106 1
132 131 1
132 133 1
133 132 1
133 134 1
133 159 1
134 133 1
134 135 1
135 134 1
135 136 1
135 161 1
136 110 1
136 135 1
136 137 1
137 136 1
138 112 1
138 139 1
139 138 1
139 140 1
139 165 1
140 139 1
140 141 1
141 140 1
141 142 1
141 167 1
142 116 1
142 141 1
142 143 1
143 142 1
143 169 1
144 118 1
145 146 1
145 171 1
146 120 1
146 145 1
146 147 1
147 146 1
147 148 1
147 173 1
148 147 1
149 150 1
149 175 1
150 149 1
150 151 1
151 150 1
151 152 1
151 177 1
152 151 1
153 179 1
154 128 1
154 155 1
155 154 1
155 181 1
156 157 1
156 182 1
157 131 1
157 156 1
158 159 1
158 184 1
159 133 1
159 158 1
159 160 1
160 159 1
160 161 1
160 186 1
161 135 1
161 160 1
161 162 1
162 161 1
162 163 1
162 188 1
163 162 1
163 164 1
164 163 1
164 165 1
164 190 1
165 139 1
165 164 1
165 166 1
166 165 1
166 167 1
166 192 1
167 141 1
167 166 1
167 168 1
168 167 1
168 194 1
169 143 1
170 171 1
170 196 1
171 145 1
171 170 1
171 172 1
172 171 1
172 173 1
172 198 1
173 147 1
173 172 1
173 174 1
174 173 1
174 175 1
174 200 1
175 149 1
175 174 1
175 176 1
176 175 1
176 177 1
176 202 1
177 151 1
177 176 1
177 178 1
178 177 1
178 179 1
178 204 1
179 153 1
179 178 1
179 180 1
180 179 1
180 181 1
180 206 1
181 155 1
181 180 1
182 156 1
182 183 1
183 182 1
183 184 1
183 209 1
184 158 1
184 183 1
184 185 1
185 184 1
185 186 1
185 211 1
186 160 1
186 185 1
186 187 1
187 186 1
187 188 1
187 213 1
188 162 1
188 187 1
188 189 1
189 188 1
189 190 1
189 215 1
190 164 1
190 189 1
190 191 1
191 190 1
191 192 1
191 217 1
192 166 1
192 191 1
192 193 1
193 192 1
193 194 1
193 219 1
194 168 1
194 193 1
194 195 1
195 194 1
195 196 1
195 221 1
196 170 1
196 195 1
196 197 1
197 196 1
197 223 1
198 172 1
198 199 1
199 198 1
199 200 1
199 225 1
200 174 1
200 199 1
200 201 1
201 200 1
201 202 1
201 227 1
202 176 1
202 201 1
202 203 1
203 202 1
203 204 1
203 229 1
204 178 1
204 203 1
204 205 1
205 204 1
205 206 1
205 231 1
206 180 1
206 205 1
206 207 1
207 206 1
207 233 1
208 209 1
208 234 1
209 183 1
209 208 1
209 210 1
210 209 1
210 211 1
210 236 1
211 185 1
211 210 1
211 212 1
212 211 1
212 213 1
212 238 1
213 187 1
213 212 1
213 214 1
214 213 1
214 215 1
214 240 1
215 189 1
215 214 1
215 216 1
216 215 1
216 217 1
216 242 1
217 191 1
217 216 1
217 218 1
218 217 1
218 244 1
219 193 1
219 220 1
220 219 1
220 221 1
220 246 1
221 195 1
221 220 1
221 222 1
222 221 1
222 223 1
223 197 1
223 222 1
223 224 1
224 223 1
224 225 1
224 250 1
225 199 1
225 224 1
226 227 1
226 252 1
227 201 1
227 226 1
227 228 1
228 227 1
228 229 1
228 254 1
229 203 1
229 228 1
229 230 1
230 229 1
230 231 1
230 256 1
231 205 1
231 230 1
231 232 1
232 231 1
232 233 1
232 258 1
233 207 1
233 232 1
234 208 1
234 235 1
235 234 1
235 261 1
236 210 1
236 237 1
237 236 1
237 238 1
237 263 1
238 212 1
238 237 1
238 239 1
239 238 1
239 240 1
239 265 1
240 214 1
240 239 1
240 241 1
241 240 1
241 242 1
241 267 1
242 216 1
242 241 1
242 243 1
243 242 1
243 244 1
243 269 1
244 218 1
244 243 1
244 245 1
245 244 1
245 271 1
246 220 1
246 247 1
247 246 1
247 248 1
248 247 1
248 249 1
249 248 1
249 250 1
249 275 1
250 224 1
250 249 1
250 251 1
251 250 1
251 252 1
251 277 1
252 226 1
252 251 1
252 253 1
253 252 1
253 279 1
254 228 1
255 256 1
256 230 1
256 255 1
256 257 1
257 256 1
257 258 1
257 283 1
258 232 1
258 257 1
258 259 1
259 258 1
259 285 1
260 261 1
260 286 1
261 235 1
261 260 1
262 263 1
262 288 1
263 237 1
263 262 1
263 264 1
264 263 1
265 239 1
265 266 1
266 265 1
266 267 1
267 241 1
267 266 1
267 268 1
268 267 1
268 269 1
268 294 1
269 243 1
269 268 1
269 270 1
270 269 1
270 271 1
270 296 1
271 245 1
271 270 1
271 272 1
272 271 1
272 273 1
273 272 1
273 274 1
274 273 1
274 275 1
274 300 1
275 249 1
275 274 1
275 276 1
276 275 1
276 277 1
276 302 1
277 251 1
277 276 1
278 279 1
278 304 1
279 253 1
279 278 1
280 281 1
280 306 1
281 280 1
281 282 1
282 281 1
282 283 1
282 308 1
283 257 1
283 282 1
283 284 1
284 283 1
284 285 1
284 310 1
285 259 1
285 284 1
286 260 1
286 287 1
287 286 1
287 288 1
287 312 1
288 262 1
288 287 1
288 289 1
289 288 1
289 290 1
289 314 1
290 289 1
290 291 1
291 290 1
291 292 1
291 316 1
292 291 1
292 293 1
293 292 1
293 318 1
294 268 1
294 295 1
295 294 1
295 320 1
296 270 1
296 297 1
297 296 1
297 298 1
297 322 1
298 297 1
298 299 1
299 298 1
299 324 1
300 274 1
301 302 1
301 326 1
302 276 1
302 301 1
302 303 1
303 302 1
303 304 1
303 328 1
304 278 1
304 303 1
304 305 1
305 304 1
306 280 1
306 307 1
307 306 1
307 308 1
307 332 1
308 282 1
308 307 1
308 309 1
309 308 1
309 310 1
309 334 1
310 284 1
310 309 1
310 311 1
311 310 1
311 336 1
312 287 1
312 313 1
313 312 1
313 314 1
314 289 1
314 313 1
314 315 1
315 314 1
315 316 1
316 291 1
316 315 1
316 317 1
317 316 1
317 318 1
318 293 1
318 317 1
318 319 1
319 318 1
319 320 1
320 295 1
320 319 1
321 322 1
322 297 1
322 321 1
322 323 1
323 322 1
323 324 1
324 299 1
324 323 1
324 325 1
325 324 1
326 301 1
326 327 1
327 326 1
327 328 1
328 303 1
328 327 1
328 329 1
329 328 1
329 330 1
330 329 1
330 331 1
331 330 1
331 332 1
332 307 1
332 331 1
332 333 1
333 332 1
333 334 1
334 309 1
334 333 1
334 335 1
335 334 1
335 336 1
336 311 1
336 335 1
40 1
52 1
55 1
81 1
166 1
221 1
232 1
291 1
307 1
