720 1794 1 720 54
1 2 9
1 38 10
2 1 9
2 3 18
3 2 18
3 4 18
3 40 15
4 3 18
4 5 13
5 4 13
5 6 18
5 42 4
6 5 18
6 7 7
7 6 7
7 8 11
8 7 11
8 9 9
9 8 9
9 10 15
9 46 11
10 9 15
10 11 1
11 10 1
11 12 15
11 48 9
12 11 15
12 13 17
13 12 17
13 14 3
13 50 16
14 13 3
15 16 17
15 52 10
16 15 17
16 17 3
17 16 3
17 18 12
17 54 5
18 17 12
19 56 11
20 21 4
21 20 4
21 22 5
22 21 5
22 23 16
23 22 16
23 24 7
23 60 13
24 23 7
24 25 19
25 24 19
25 26 17
25 62 17
26 25 17
26 27 10
27 26 10
27 28 3
27 64 18
28 27 3
28 29 5
29 28 5
29 30 1
29 66 19
30 29 1
30 31 11
31 30 11
31 32 10
31 68 14
32 31 10
32 33 14
33 32 14
33 34 6
33 70 9
34 33 6
35 36 1
35 72 8
36 35 1
36 37 17
37 36 17
37 74 5
38 1 10
38 39 11
39 38 11
39 77 14
40 3 15
40 41 10
41 40 10
41 42 18
41 79 11
42 5 4
42 41 18
43 44 7
43 81 7
44 43 7
44 45 5
45 44 5
45 46 16
45 83 11
46 9 11
46 45 16
46 47 3
47 46 3
47 48 4
47 85 6
48 11 9
48 47 4
48 49 12
49 48 12
49 87 18
50 13 16
51 52 12
51 89 1
52 15 10
52 51 12
52 53 4
53 52 4
53 54 7
54 17 5
54 53 7
54 55 19
55 54 19
55 93 3
56 19 11
56 57 1
57 56 1
57 58 4
58 57 4
58 59 17
59 58 17
59 60 9
59 97 4
60 23 13
60 59 9
61 62 10
61 99 19
62 25 17
62 61 10
62 63 15
63 62 15
63 64 11
63 101 4
64 27 18
64 63 11
64 65 18
65 64 18
65 66 7
65 103 12
66 29 19
66 65 7
66 67 10
67 66 10
67 68 13
68 31 14
68 67 13
68 69 12
69 68 12
69 70 1
69 107 11
70 33 9
70 69 1
70 71 16
71 70 16
71 72 11
71 109 9
72 35 8
72 71 11
73 74 12
73 111 8
74 37 5
74 73 12
74 75 10
75 74 10
75 113 10
76 77 12
77 39 14
77 76 12
77 78 3
78 77 3
78 79 16
78 116 1
79 41 11
79 78 16
79 80 3
80 79 3
80 81 13
80 118 16
81 43 7
81 80 13
81 82 5
82 81 5
82 120 13
83 45 11
83 84 16
84 83 16
84 85 16
85 47 6
85 84 16
85 86 9
86 85 9
86 87 3
86 124 7
87 49 18
87 86 3
87 88 6
88 87 6
88 89 12
88 126 17
89 51 1
89 88 12
89 90 16
90 89 16
90 91 8
91 90 8
91 92 17
92 91 17
92 130 1
93 55 3
93 94 2
94 93 2
94 95 7
95 94 7
96 97 9
97 59 4
97 96 9
98 99 3
98 136 10
99 61 19
99 98 3
99 100 12
100 99 12
100 101 4
100 138 11
101 63 4
101 100 4
102 140 18
103 65 12
103 104 9
104 103 9
104 105 1
104 142 10
105 104 1
105 106 1
106 105 1
106 107 3
106 144 10
107 69 11
107 106 3
107 108 11
108 107 11
108 109 6
109 71 9
109 108 6
109 110 3
110 109 3
110 111 9
110 148 11
111 73 8
111 110 9
111 112 3
112 111 3
112 113 11
112 150 8
113 75 10
113 112 11
114 115 15
115 114 15
115 116 1
115 153 7
116 78 1
116 115 1
116 117 18
117 116 18
117 118 14
117 155 9
118 80 16
118 117 14
118 119 15
119 118 15
119 120 19
119 157 7
120 82 13
120 119 19
121 122 14
121 159 4
122 121 14
123 124 14
123 161 19
124 86 7
124 123 14
124 125 12
125 124 12
125 126 7
125 163 15
126 88 17
126 125 7
126 127 10
127 126 10
127 128 5
127 165 16
128 127 5
128 129 2
129 128 2
129 130 1
129 167 16
130 92 1
130 129 1
130 131 16
131 130 16
131 132 10
131 169 3
132 131 10
132 133 13
133 132 13
133 171 13
134 135 14
135 134 14
135 136 13
136 98 10
136 135 13
136 137 6
137 136 6
137 138 1
137 175 16
138 100 11
138 137 1
138 139 15
139 138 15
139 140 16
140 102 18
140 139 16
140 141 13
141 140 13
141 179 10
142 104 10
142 143 13
143 142 13
143 144 1
143 181 9
144 106 10
144 143 1
144 145 5
145 144 5
145 146 3
145 183 13
146 145 3
146 147 8
147 146 8
147 148 3
147 185 5
148 110 11
148 147 3
148 149 14
149 148 14
149 187 18
150 112 8
150 151 12
151 150 12
151 189 12
152 153 18
152 190 3
153 115 7
153 152 18
153 154 16
154 153 16
154 155 15
154 192 8
155 117 9
155 154 15
155 156 9
156 155 9
156 157 1
156 194 16
157 119 7
157 156 1
157 158 6
158 157 6
158 159 11
158 196 8
159 121 4
159 158 11
159 160 1
160 159 1
160 161 3
161 123 19
161 160 3
161 162 3
162 161 3
162 163 13
163 125 15
163 162 13
163 164 1
164 163 1
164 165 14
164 202 14
165 127 16
165 164 14
166 167 5
167 129 16
167 166 5
167 168 3
168 167 3
168 169 12
168 206 9
169 131 3
169 168 12
169 170 14
170 169 14
170 171 1
170 208 14
171 133 13
171 170 1
171 172 5
172 171 5
172 173 15
172 210 8
173 172 15
173 174 17
174 173 17
174 175 7
174 212 4
175 137 16
175 174 7
176 177 4
176 214 12
177 176 4
178 179 11
178 216 8
179 141 10
179 178 11
179 180 14
180 179 14
180 181 9
180 218 9
181 143 9
181 180 9
181 182 12
182 181 12
182 183 16
182 220 9
183 145 13
183 182 16
183 184 11
184 183 11
184 185 3
184 222 16
185 147 5
185 184 3
185 186 7
186 185 7
186 224 15
187 149 18
187 188 9
188 187 9
188 189 11
188 226 2
189 151 12
189 188 11
190 152 3
190 191 18
191 190 18
191 192 3
191 229 4
192 154 8
192 191 3
192 193 16
193 192 16
193 194 18
193 231 13
194 156 16
194 193 18
194 195 2
195 194 2
195 196 7
195 233 3
196 158 8
196 195 7
196 197 14
197 196 14
197 198 1
197 235 14
198 197 1
198 199 12
199 198 12
199 200 11
199 237 8
200 199 11
200 201 17
201 200 17
201 202 18
201 239 13
202 164 14
202 201 18
202 203 7
203 202 7
203 204 1
203 241 6
204 203 1
204 205 14
205 204 14
205 206 12
205 243 13
206 168 9
206 205 12
206 207 7
207 206 7
207 208 5
207 245 17
208 170 14
208 207 5
208 209 2
209 208 2
209 210 11
209 247 2
210 172 8
210 209 11
210 211 14
211 210 14
211 212 5
211 249 3
212 174 4
212 211 5
212 213 9
213 212 9
213 214 11
213 251 13
214 176 12
214 213 11
214 215 3
215 214 3
215 253 9
216 178 8
216 217 18
217 216 18
217 218 13
217 255 9
218 180 9
218 217 13
219 220 13
219 257 2
220 182 9
220 219 13
221 222 13
221 259 10
222 184 16
222 221 13
222 223 18
223 222 18
223 224 6
223 261 6
224 186 15
224 223 6
225 226 1
225 263 2
226 188 2
226 225 1
226 227 6
227 226 6
227 265 16
228 229 1
228 266 17
229 191 4
229 228 1
230 231 14
230 268 18
231 193 13
231 230 14
231 232 9
232 231 9
232 233 1
232 270 5
233 195 3
233 232 1
233 234 14
234 233 14
234 235 5
234 272 6
235 197 14
235 234 5
235 236 4
236 235 4
236 237 5
236 274 8
237 199 8
237 236 5
237 238 6
238 237 6
238 239 10
238 276 12
239 201 13
239 238 10
239 240 10
240 239 10
240 241 13
240 278 6
241 203 6
241 240 13
241 242 8
242 241 8
242 243 5
242 280 15
243 205 13
243 242 5
243 244 4
244 243 4
244 245 3
244 282 10
245 207 17
245 244 3
245 246 18
246 245 18
246 247 8
246 284 13
247 209 2
247 246 8
247 248 16
248 247 16
248 249 14
248 286 16
249 211 3
249 248 14
249 250 7
250 249 7
250 251 15
251 213 13
251 250 15
251 252 14
252 251 14
252 253 11
253 215 9
253 252 11
253 254 10
254 253 10
254 255 13
254 292 15
255 217 9
255 254 13
255 256 19
256 255 19
256 294 19
257 219 2
257 258 12
258 257 12
258 259 12
258 296 15
259 221 10
259 258 12
259 260 1
260 259 1
260 261 9
260 298 15
261 223 6
261 260 9
261 262 3
262 261 3
262 300 4
263 225 2
263 264 4
264 263 4
264 265 2
264 302 2
265 227 16
265 264 2
266 228 17
266 267 11
267 266 11
267 268 6
267 305 10
268 230 18
268 267 6
269 307 18
270 232 5
270 271 3
271 270 3
271 272 19
271 309 18
272 234 6
272 271 19
272 273 5
273 272 5
273 311 6
274 236 8
274 275 14
275 274 14
275 276 14
275 313 9
276 238 12
276 275 14
276 277 1
277 276 1
277 278 12
277 315 8
278 240 6
278 277 12
278 279 12
279 278 12
279 280 16
280 242 15
280 279 16
280 281 13
281 280 13
281 282 8
281 319 10
282 244 10
282 281 8
282 283 12
283 282 12
283 321 16
284 246 13
284 285 10
285 284 10
285 286 3
285 323 14
286 248 16
286 285 3
286 287 9
287 286 9
287 325 19
288 289 17
289 288 17
289 290 10
289 327 8
290 289 10
291 292 10
291 329 18
292 254 15
292 291 10
292 293 10
293 292 10
293 294 17
293 331 9
294 256 19
294 293 17
294 295 10
295 294 10
295 296 6
295 333 11
296 258 15
296 295 6
296 297 18
297 296 18
297 298 11
297 335 13
298 260 15
298 297 11
298 299 12
299 298 12
299 300 1
299 337 3
300 262 4
300 299 1
300 301 3
301 300 3
301 302 14
301 339 9
302 264 2
302 301 14
302 303 13
303 302 13
304 305 9
304 342 3
305 267 10
305 304 9
305 306 16
306 305 16
306 307 15
306 344 13
307 269 18
307 306 15
308 309 12
308 346 6
309 271 18
309 308 12
309 310 2
310 309 2
310 311 2
311 273 6
311 310 2
311 312 1
312 311 1
312 313 15
312 350 4
313 275 9
313 312 15
313 314 15
314 313 15
314 352 11
315 277 8
315 316 11
316 315 11
316 317 10
316 354 19
317 316 10
317 318 1
318 317 1
318 356 4
319 281 10
319 320 11
320 319 11
320 321 3
320 358 17
321 283 16
321 320 3
321 322 5
322 321 5
322 323 17
322 360 16
323 285 14
323 322 17
323 324 5
324 323 5
324 325 10
324 362 2
325 287 19
325 324 10
325 326 16
326 325 16
326 327 4
326 364 17
327 289 8
327 326 4
327 328 5
328 327 5
328 366 10
329 291 18
329 330 10
330 329 10
330 331 5
330 368 13
331 293 9
331 330 5
331 332 15
332 331 15
332 333 15
332 370 18
333 295 11
333 332 15
333 334 6
334 333 6
334 335 10
335 297 13
335 334 10
335 336 18
336 335 18
336 337 7
336 374 14
337 299 3
337 336 7
337 338 18
338 337 18
338 339 6
339 301 9
339 338 6
339 340 16
340 339 16
340 341 10
340 378 4
341 340 10
342 304 3
342 343 8
343 342 8
343 344 1
343 381 11
344 306 13
344 343 1
344 345 9
345 344 9
345 346 16
345 383 11
346 308 6
346 345 16
346 347 5
347 346 5
347 348 19
347 385 15
348 347 19
348 349 13
349 348 13
349 350 15
349 387 13
350 312 4
350 349 15
350 351 1
351 350 1
351 352 4
351 389 2
352 314 11
352 351 4
352 353 1
353 352 1
353 354 6
353 391 15
354 316 19
354 353 6
354 355 17
355 354 17
355 356 16
356 318 4
356 355 16
356 357 17
357 356 17
357 358 15
358 320 17
358 357 15
358 359 1
359 358 1
359 360 16
359 397 5
360 322 16
360 359 16
360 361 5
361 360 5
361 362 2
361 399 9
362 324 2
362 361 2
362 363 2
363 362 2
363 401 3
364 326 17
364 365 18
365 364 18
365 366 19
365 403 1
366 328 10
366 365 19
366 367 11
367 366 11
367 368 5
368 330 13
368 367 5
368 369 8
369 368 8
369 370 18
369 407 1
370 332 18
370 369 18
370 371 10
371 370 10
371 372 15
371 409 4
372 371 15
372 373 2
373 372 2
373 374 12
373 411 16
374 336 14
374 373 12
374 375 5
375 374 5
376 377 5
377 376 5
377 378 18
377 415 6
378 340 4
378 377 18
379 417 2
380 381 17
381 343 11
381 380 17
381 382 13
382 381 13
382 383 17
382 420 1
383 345 11
383 382 17
383 384 2
384 383 2
384 422 9
385 347 15
385 386 5
386 385 5
386 387 4
386 424 14
387 349 13
387 386 4
387 388 13
388 387 13
388 389 12
389 351 2
389 388 12
389 390 1
390 389 1
390 391 9
390 428 1
391 353 15
391 390 9
391 392 17
392 391 17
392 393 1
392 430 9
393 392 1
393 394 14
394 393 14
394 395 5
395 394 5
395 396 16
396 395 16
396 397 18
396 434 15
397 359 5
397 396 18
397 398 4
398 397 4
398 436 17
399 361 9
399 400 4
400 399 4
400 438 17
401 363 3
401 402 1
402 401 1
402 403 10
402 440 12
403 365 1
403 402 10
403 404 14
404 403 14
404 405 12
404 442 5
405 404 12
405 406 7
406 405 7
406 407 5
406 444 19
407 369 1
407 406 5
407 408 18
408 407 18
408 409 12
409 371 4
409 408 12
409 410 2
410 409 2
410 411 4
411 373 16
411 410 4
412 413 17
412 450 14
413 412 17
413 414 7
414 413 7
414 415 6
414 452 8
415 377 6
415 414 6
415 416 8
416 415 8
416 417 13
416 454 6
417 379 2
417 416 13
418 419 2
419 418 2
419 420 5
419 457 18
420 382 1
420 419 5
420 421 16
421 420 16
421 422 1
421 459 4
422 384 9
422 421 1
422 423 13
423 422 13
423 424 14
423 461 2
424 386 14
424 423 14
425 463 16
426 427 15
427 426 15
427 428 5
428 390 1
428 427 5
428 429 6
429 428 6
429 430 15
429 467 14
430 392 9
430 429 15
430 431 1
431 430 1
431 432 7
432 431 7
432 433 1
433 432 1
433 434 11
433 471 2
434 396 15
434 433 11
434 435 17
435 434 17
435 436 14
435 473 6
436 398 17
436 435 14
436 437 18
437 436 18
437 438 4
437 475 17
438 400 17
438 437 4
438 439 3
439 438 3
439 440 11
440 402 12
440 439 11
440 441 6
441 440 6
441 442 12
441 479 16
442 404 5
442 441 12
442 443 16
443 442 16
443 444 10
443 481 15
444 406 19
444 443 10
444 445 3
445 444 3
445 446 18
446 445 18
446 447 5
447 446 5
447 448 8
447 485 19
448 447 8
449 487 11
450 412 14
450 451 1
451 450 1
451 489 17
452 414 8
452 453 1
453 452 1
453 454 18
453 491 12
454 416 6
454 453 18
454 455 7
455 454 7
455 493 17
456 457 6
456 494 2
457 419 18
457 456 6
458 459 15
458 496 16
459 421 4
459 458 15
459 460 17
460 459 17
460 461 2
460 498 3
461 423 2
461 460 2
461 462 14
462 461 14
462 463 15
462 500 15
463 425 16
463 462 15
463 464 17
464 463 17
464 465 1
464 502 17
465 464 1
465 466 11
466 465 11
466 467 12
466 504 4
467 429 14
467 466 12
467 468 15
468 467 15
468 469 14
469 468 14
469 470 4
470 469 4
470 471 8
471 433 2
471 470 8
471 472 6
472 471 6
472 473 18
472 510 6
473 435 6
473 472 18
473 474 16
474 473 16
474 475 13
474 512 7
475 437 17
475 474 13
475 476 4
476 475 4
476 477 12
476 514 11
477 476 12
477 478 5
478 477 5
478 479 14
478 516 10
479 441 16
479 478 14
479 480 1
480 479 1
480 481 12
481 443 15
481 480 12
481 482 4
482 481 4
482 520 3
483 484 17
484 483 17
484 485 7
484 522 15
485 447 19
485 484 7
485 486 5
486 485 5
486 487 2
486 524 5
487 449 11
487 486 2
487 488 3
488 487 3
488 489 4
488 526 17
489 451 17
489 488 4
489 490 2
490 489 2
490 491 4
490 528 15
491 453 12
491 490 4
491 492 1
492 491 1
492 493 11
492 530 11
493 455 17
493 492 11
494 456 2
495 496 5
495 533 17
496 458 16
496 495 5
496 497 19
497 496 19
497 498 6
497 535 6
498 460 3
498 497 6
498 499 9
499 498 9
499 500 17
500 462 15
500 499 17
500 501 5
501 500 5
501 502 10
501 539 5
502 464 17
502 501 10
502 503 2
503 502 2
503 504 6
504 466 4
504 503 6
504 505 13
505 504 13
505 506 12
505 543 6
506 505 12
506 507 11
507 506 11
507 508 19
507 545 14
508 507 19
508 509 4
509 508 4
509 510 19
510 472 6
510 509 19
511 512 6
511 549 14
512 474 7
512 511 6
512 513 6
513 512 6
513 514 11
513 551 1
514 476 11
514 513 11
514 515 13
515 514 13
515 553 14
516 478 10
517 518 14
518 517 14
518 519 11
519 518 11
519 557 4
520 482 3
520 521 15
521 520 15
521 522 5
521 559 5
522 484 15
522 521 5
522 523 5
523 522 5
523 561 4
524 486 5
524 525 14
525 524 14
525 563 11
526 488 17
526 527 8
527 526 8
527 528 1
527 565 19
528 490 15
528 527 1
528 529 10
529 528 10
529 530 4
529 567 9
530 492 11
530 529 4
530 531 4
531 530 4
531 569 6
532 533 15
532 570 1
533 495 17
533 532 15
533 534 9
534 533 9
534 535 10
534 572 8
535 497 6
535 534 10
535 536 11
536 535 11
536 537 11
536 574 18
537 536 11
537 538 5
538 537 5
538 539 6
538 576 14
539 501 5
539 538 6
539 540 15
540 539 15
540 578 1
541 542 9
542 541 9
542 543 19
542 580 19
543 505 6
543 542 19
543 544 5
544 543 5
544 545 18
545 507 14
545 544 18
546 547 6
546 584 2
547 546 6
548 549 17
548 586 3
549 511 14
549 548 17
549 550 9
550 549 9
550 551 15
550 588 16
551 513 1
551 550 15
551 552 7
552 551 7
553 515 14
553 554 1
554 553 1
554 555 5
554 592 10
555 554 5
555 556 1
556 555 1
556 557 7
556 594 18
557 519 4
557 556 7
557 558 3
558 557 3
558 559 1
559 521 5
559 558 1
560 561 4
560 598 17
561 523 4
561 560 4
561 562 5
562 561 5
562 563 14
562 600 4
563 525 11
563 562 14
563 564 13
564 563 13
564 565 13
564 602 7
565 527 19
565 564 13
565 566 12
566 565 12
566 567 12
566 604 9
567 529 9
567 566 12
567 568 14
568 567 14
568 569 14
569 531 6
569 568 14
570 532 1
570 571 6
571 570 6
571 609 8
572 534 8
572 573 18
573 572 18
573 574 16
574 536 18
574 573 16
574 575 3
575 574 3
575 576 7
575 613 6
576 538 14
576 575 7
577 578 13
577 615 3
578 540 1
578 577 13
578 579 4
579 578 4
579 580 3
579 617 5
580 542 19
580 579 3
580 581 7
581 580 7
581 582 8
581 619 8
582 581 8
582 583 18
583 582 18
583 621 8
584 546 2
584 585 4
585 584 4
585 586 11
585 623 2
586 548 3
586 585 11
587 588 7
587 625 7
588 550 16
588 587 7
588 589 8
589 588 8
589 590 17
589 627 7
590 589 17
590 591 12
591 590 12
591 592 10
591 629 1
592 554 10
592 591 10
592 593 3
593 592 3
593 631 12
594 556 18
594 595 16
595 594 16
595 596 14
595 633 11
596 595 14
596 597 11
597 596 11
597 598 6
597 635 6
598 560 17
598 597 6
598 599 6
599 598 6
599 600 12
600 562 4
600 599 12
600 601 16
601 600 16
601 602 1
601 639 5
602 564 7
602 601 1
602 603 3
603 602 3
603 604 5
603 641 19
604 566 9
604 603 5
604 605 5
605 604 5
605 606 10
605 643 19
606 605 10
606 607 3
607 606 3
607 645 10
608 609 15
608 646 13
609 571 8
609 608 15
609 610 4
610 609 4
611 612 18
612 611 18
612 613 3
612 650 15
613 575 6
613 612 3
613 614 13
614 613 13
614 615 3
615 577 3
615 614 3
616 617 10
616 654 18
617 579 5
617 616 10
617 618 15
618 617 15
618 619 7
618 656 3
619 581 8
619 618 7
619 620 18
620 619 18
620 621 9
621 583 8
621 620 9
622 623 12
622 660 3
623 585 2
623 622 12
623 624 6
624 623 6
624 625 7
625 587 7
625 624 7
625 626 1
626 625 1
626 627 2
627 589 7
627 626 2
627 628 12
628 627 12
628 629 8
628 666 14
629 591 1
629 628 8
629 630 3
630 629 3
630 631 8
630 668 12
631 593 12
631 630 8
632 633 12
632 670 14
633 595 11
633 632 12
633 634 5
634 633 5
634 635 8
634 672 5
635 597 6
635 634 8
635 636 6
636 635 6
636 637 9
636 674 13
637 636 9
637 638 15
638 637 15
638 639 9
638 676 6
639 601 5
639 638 9
639 640 1
640 639 1
640 678 12
641 603 19
641 642 10
642 641 10
642 643 1
642 680 10
643 605 19
643 642 1
643 644 4
644 643 4
644 645 7
644 682 3
645 607 10
645 644 7
646 608 13
646 647 5
647 646 5
647 648 8
647 684 6
648 647 8
648 649 15
649 648 15
649 650 8
649 686 14
650 612 15
650 649 8
650 651 16
651 650 16
651 652 8
651 688 19
652 651 8
652 653 7
653 652 7
653 654 13
654 616 18
654 653 13
654 655 4
655 654 4
655 656 8
655 692 17
656 618 3
656 655 8
656 657 9
657 656 9
657 658 7
658 657 7
658 659 3
659 658 3
659 660 7
659 696 6
660 622 3
660 659 7
660 661 7
661 660 7
661 698 15
662 663 15
663 662 15
663 664 8
663 700 1
664 663 8
664 665 6
665 664 6
665 666 7
665 702 11
666 628 14
666 665 7
666 667 14
667 666 14
667 668 9
667 704 10
668 630 12
668 667 9
668 669 12
669 668 12
669 670 10
669 706 15
670 632 14
670 669 10
670 671 16
671 670 16
671 708 19
672 634 5
672 673 10
673 672 10
673 710 18
674 636 13
674 675 4
675 674 4
675 712 14
676 638 6
677 678 14
677 714 14
678 640 12
678 677 14
678 679 18
679 678 18
679 680 5
679 716 19
680 642 10
680 679 5
680 681 8
681 680 8
681 682 7
682 644 3
682 681 7
682 683 16
683 682 16
683 720 14
684 647 6
684 685 10
685 684 10
685 686 4
686 649 14
686 685 4
686 687 13
687 686 13
688 651 19
688 689 18
689 688 18
689 690 10
690 689 10
690 691 12
691 690 12
691 692 10
692 655 17
692 691 10
692 693 9
693 692 9
693 694 1
694 693 1
694 695 9
695 694 9
695 696 14
696 659 6
696 695 14
696 697 15
697 696 15
697 698 1
698 661 15
698 697 1
698 699 6
699 698 6
699 700 19
700 663 1
700 699 19
701 702 17
702 665 11
702 701 17
702 703 2
703 702 2
703 704 7
704 667 10
704 703 7
704 705 16
705 704 16
706 669 15
706 707 9
707 706 9
707 708 1
708 671 19
708 707 1
709 710 8
710 673 18
710 709 8
710 711 19
711 710 19
711 712 1
712 675 14
712 711 1
712 713 4
713 712 4
713 714 12
714 677 14
714 713 12
714 715 1
715 714 1
715 716 5
716 679 19
716 715 5
717 718 3
718 717 3
718 719 17
719 718 17
719 720 11
720 683 14
720 719 11
17 471
24 325
41 186
68 249
86 99
87 469
146 294
162 167
166 311
170 376
211 343
213 284
218 1
223 81
249 269
274 252
286 376
296 196
301 129
303 156
364 310
366 225
381 80
384 498
385 124
390 228
396 355
402 287
416 288
433 448
462 364
467 181
471 77
476 345
487 315
506 314
517 395
520 432
524 397
525 128
539 395
566 282
571 303
605 282
622 225
626 401
640 475
643 267
657 321
661 325
692 407
694 339
696 85
708 263
