286 708 1 286 25
1 2 15
1 24 12
2 1 15
2 3 17
3 2 17
3 4 14
3 26 5
4 3 14
5 6 8
5 28 19
6 5 8
6 7 5
7 6 5
7 8 4
7 30 18
8 7 4
8 9 13
9 8 13
9 10 9
9 32 11
10 9 9
10 11 16
11 10 16
11 12 14
12 11 14
12 13 11
13 12 11
14 15 2
15 14 2
15 16 3
15 38 12
16 15 3
16 17 13
17 16 13
17 18 18
18 17 18
18 19 3
19 18 3
19 20 12
19 42 18
20 19 12
20 21 15
21 20 15
21 22 14
21 44 18
22 21 14
22 23 1
23 22 1
23 46 11
24 1 12
24 25 8
25 24 8
25 26 1
25 49 13
26 3 5
26 25 1
26 27 17
27 26 17
27 28 18
28 5 19
28 27 18
28 29 9
29 28 9
29 30 18
30 7 18
30 29 18
30 31 11
31 30 11
31 55 11
32 9 11
32 33 11
33 32 11
33 34 3
34 33 3
34 35 14
35 34 14
35 36 10
35 59 18
36 35 10
36 37 6
37 36 6
37 38 7
37 61 11
38 15 12
38 37 7
38 39 8
39 38 8
39 40 11
39 63 18
40 39 11
40 41 19
41 40 19
41 42 18
41 65 10
42 19 18
42 41 18
42 43 3
43 42 3
43 67 12
44 21 18
44 45 9
45 44 9
45 69 8
46 23 11
46 47 11
47 46 11
47 71 19
48 72 12
49 25 13
49 50 9
50 49 9
50 51 17
50 74 5
51 50 17
51 52 10
52 51 10
52 53 7
53 52 7
53 54 18
54 53 18
54 55 11
54 78 11
55 31 11
55 54 11
55 56 3
56 55 3
56 57 15
56 80 18
57 56 15
57 58 10
58 57 10
58 59 17
58 82 12
59 35 18
59 58 17
59 60 10
60 59 10
60 61 13
60 84 10
61 37 11
61 60 13
62 63 13
62 86 1
63 39 18
63 62 13
64 65 17
64 88 7
65 41 10
65 64 17
65 66 3
66 65 3
66 90 14
67 43 12
67 68 10
68 67 10
68 69 17
68 92 15
69 45 8
69 68 17
69 70 9
70 69 9
70 71 18
70 94 17
71 47 19
71 70 18
72 48 12
72 73 9
73 72 9
73 74 11
73 97 17
74 50 5
74 73 11
74 75 13
75 74 13
75 76 1
76 75 1
76 77 13
77 76 13
77 78 18
77 101 6
78 54 11
78 77 18
78 79 12
79 78 12
79 80 18
79 103 10
80 56 18
80 79 18
80 81 1
81 80 1
81 82 5
81 105 6
82 58 12
82 81 5
82 83 12
83 82 12
83 84 5
83 107 14
84 60 10
84 83 5
84 85 17
85 84 17
85 86 5
85 109 5
86 62 1
86 85 5
86 87 15
87 86 15
87 111 18
88 64 7
88 89 11
89 88 11
89 90 9
89 113 8
90 66 14
90 89 9
90 91 6
91 90 6
91 92 13
91 115 11
92 68 15
92 91 13
93 94 3
93 117 5
94 70 17
94 93 3
94 95 8
95 94 8
95 119 13
96 97 5
96 120 6
97 73 17
97 96 5
97 98 12
98 97 12
98 99 6
98 122 8
99 98 6
99 100 2
100 99 2
100 101 16
100 124 9
101 77 6
101 100 16
101 102 3
102 101 3
102 103 6
102 126 7
103 79 10
103 102 6
103 104 15
104 103 15
104 105 9
104 128 18
105 81 6
105 104 9
105 106 10
106 105 10
106 107 18
106 130 14
107 83 14
107 106 18
107 108 14
108 107 14
108 109 2
108 132 5
109 85 5
109 108 2
109 110 18
110 109 18
110 111 3
110 134 11
111 87 18
111 110 3
111 112 10
112 111 10
112 113 15
113 89 8
113 112 15
113 114 4
114 113 4
114 115 2
114 138 8
115 91 11
115 114 2
115 116 14
116 115 14
116 140 18
117 93 5
117 118 1
118 117 1
118 119 5
119 95 13
119 118 5
120 96 6
120 121 7
121 120 7
121 122 5
121 145 4
122 98 8
122 121 5
122 123 7
123 122 7
123 124 3
123 147 11
124 100 9
124 123 3
125 126 8
125 149 9
126 102 7
126 125 8
126 127 6
127 126 6
127 128 7
127 151 19
128 104 18
128 127 7
128 129 11
129 128 11
129 130 2
129 153 9
130 106 14
130 129 2
130 131 6
131 130 6
131 132 3
131 155 3
132 108 5
132 131 3
133 134 2
133 157 15
134 110 11
134 133 2
134 135 7
135 134 7
135 136 14
135 159 4
136 135 14
136 137 8
137 136 8
137 138 18
137 161 11
138 114 8
138 137 18
138 139 8
139 138 8
139 163 4
140 116 18
140 141 6
141 140 6
141 142 2
141 165 8
142 141 2
142 143 18
143 142 18
143 167 7
144 168 5
145 121 4
146 147 8
146 170 8
147 123 11
147 146 8
147 148 4
148 147 4
148 149 6
148 172 12
149 125 9
149 148 6
149 150 19
150 149 19
150 151 13
150 174 16
151 127 19
151 150 13
151 152 13
152 151 13
152 153 18
152 176 15
153 129 9
153 152 18
153 154 4
154 153 4
154 155 1
154 178 4
155 131 3
155 154 1
155 156 13
156 155 13
156 157 1
156 180 2
157 133 15
157 156 1
157 158 9
158 157 9
158 159 5
158 182 9
159 135 4
159 158 5
159 160 7
160 159 7
160 161 2
160 184 14
161 137 11
161 160 2
161 162 12
162 161 12
162 163 14
162 186 8
163 139 4
163 162 14
163 164 10
164 163 10
164 188 14
165 141 8
165 166 15
166 165 15
166 167 7
166 190 15
167 143 7
167 166 7
168 144 5
168 169 13
169 168 13
169 170 4
169 193 1
170 146 8
170 169 4
170 171 4
171 170 4
171 172 8
171 195 19
172 148 12
172 171 8
172 173 18
173 172 18
173 174 9
173 197 7
174 150 16
174 173 9
174 175 17
175 174 17
175 176 2
176 152 15
176 175 2
176 177 4
177 176 4
177 178 16
177 201 9
178 154 4
178 177 16
178 179 15
179 178 15
179 180 7
179 203 13
180 156 2
180 179 7
180 181 17
181 180 17
181 182 4
181 205 5
182 158 9
182 181 4
182 183 18
183 182 18
183 184 12
183 207 8
184 160 14
184 183 12
184 185 18
185 184 18
185 186 17
185 209 1
186 162 8
186 185 17
187 211 19
188 164 14
188 189 9
189 188 9
189 190 2
190 166 15
190 189 2
190 191 8
191 190 8
191 215 15
192 193 1
193 169 1
193 192 1
193 194 5
194 193 5
195 171 19
195 196 9
196 195 9
196 197 6
196 220 13
197 173 7
197 196 6
197 198 9
198 197 9
198 199 5
198 222 10
199 198 5
199 200 5
200 199 5
200 201 10
200 224 12
201 177 9
201 200 10
201 202 9
202 201 9
202 203 9
202 226 3
203 179 13
203 202 9
203 204 9
204 203 9
204 205 4
205 181 5
205 204 4
205 206 7
206 205 7
206 207 16
206 230 2
207 183 8
207 206 16
207 208 17
208 207 17
208 209 11
208 232 10
209 185 1
209 208 11
209 210 11
210 209 11
210 211 10
210 234 17
211 187 19
211 210 10
211 212 4
212 211 4
213 214 18
214 213 18
214 215 8
214 238 4
215 191 15
215 214 8
216 217 13
217 216 13
217 218 11
217 241 1
218 217 11
218 219 6
219 218 6
219 243 2
220 196 13
220 221 18
221 220 18
221 222 3
221 245 10
222 198 10
222 221 3
222 223 6
223 222 6
223 247 7
224 200 12
224 225 9
225 224 9
225 226 4
225 249 6
226 202 3
226 225 4
226 227 8
227 226 8
227 251 5
228 229 7
229 228 7
229 230 19
229 253 16
230 206 2
230 229 19
231 232 5
231 255 7
232 208 10
232 231 5
232 233 19
233 232 19
233 234 7
233 257 4
234 210 17
234 233 7
234 235 6
235 234 6
235 236 1
236 235 1
236 237 19
237 236 19
237 238 15
237 261 1
238 214 4
238 237 15
238 239 18
239 238 18
239 263 17
240 241 4
240 264 15
241 217 1
241 240 4
241 242 9
242 241 9
242 243 10
243 219 2
243 242 10
243 244 10
244 243 10
244 245 1
245 221 10
245 244 1
245 246 10
246 245 10
246 247 10
246 270 18
247 223 7
247 246 10
248 249 4
248 272 14
249 225 6
249 248 4
249 250 8
250 249 8
250 274 15
251 227 5
251 252 13
252 251 13
252 253 7
252 276 4
253 229 16
253 252 7
253 254 17
254 253 17
254 255 14
255 231 7
255 254 14
255 256 11
256 255 11
256 257 12
256 280 14
257 233 4
257 256 12
257 258 10
258 257 10
258 259 6
259 258 6
259 260 11
260 259 11
260 261 1
260 284 2
261 237 1
261 260 1
261 262 1
262 261 1
262 263 1
262 286 1
263 239 17
263 262 1
264 240 15
264 265 2
265 264 2
265 266 10
266 265 10
266 267 3
267 266 3
267 268 11
268 267 11
268 269 13
269 268 13
269 270 17
270 246 18
270 269 17
270 271 2
271 270 2
271 272 13
272 248 14
272 271 13
273 274 13
274 250 15
274 273 13
275 276 9
276 252 4
276 275 9
277 278 19
278 277 19
278 279 8
279 278 8
279 280 17
280 256 14
280 279 17
280 281 16
281 280 16
281 282 15
282 281 15
282 283 10
283 282 10
283 284 8
284 260 2
284 283 8
284 285 18
285 284 18
285 286 13
286 262 1
286 285 13
17 221
21 163
25 247
34 54
49 96
50 69
58 238
67 198
81 179
91 149
94 150
138 132
162 236
184 234
189 112
195 128
217 156
219 199
224 155
225 69
233 297
241 143
255 176
264 212
269 194
