198 470 1 198 5
1 2 1
1 20 1
2 1 1
2 3 1
3 2 1
3 4 1
3 22 1
4 3 1
4 5 1
5 4 1
5 6 1
5 24 1
6 5 1
6 7 1
7 6 1
7 8 1
7 26 1
8 7 1
9 10 1
9 28 1
10 9 1
11 12 1
11 30 1
12 11 1
12 13 1
13 12 1
13 14 1
13 32 1
14 13 1
14 15 1
15 14 1
15 34 1
16 17 1
17 16 1
17 18 1
17 36 1
18 17 1
18 19 1
19 18 1
19 38 1
20 1 1
20 21 1
21 20 1
21 41 1
22 3 1
22 23 1
23 22 1
23 24 1
24 5 1
24 23 1
25 26 1
25 45 1
26 7 1
26 25 1
27 28 1
27 47 1
28 9 1
28 27 1
28 29 1
29 28 1
29 30 1
29 49 1
30 11 1
30 29 1
30 31 1
31 30 1
31 32 1
31 51 1
32 13 1
32 31 1
32 33 1
33 32 1
33 34 1
34 15 1
34 33 1
34 35 1
35 34 1
35 55 1
36 17 1
36 37 1
37 36 1
37 38 1
37 57 1
38 19 1
38 37 1
38 39 1
39 38 1
39 59 1
40 41 1
40 60 1
41 21 1
41 40 1
41 42 1
42 41 1
42 62 1
43 44 1
44 43 1
44 45 1
44 64 1
45 25 1
45 44 1
46 47 1
47 27 1
47 46 1
48 68 1
49 29 1
49 50 1
50 49 1
50 51 1
50 70 1
51 31 1
51 50 1
51 52 1
52 51 1
52 53 1
52 72 1
53 52 1
53 54 1
54 53 1
54 55 1
54 74 1
55 35 1
55 54 1
55 56 1
56 55 1
56 57 1
56 76 1
57 37 1
57 56 1
57 58 1
58 57 1
58 59 1
58 78 1
59 39 1
59 58 1
60 40 1
60 61 1
61 60 1
61 62 1
61 81 1
62 42 1
62 61 1
62 63 1
63 62 1
63 64 1
64 44 1
64 63 1
64 65 1
65 64 1
65 66 1
65 85 1
66 65 1
66 67 1
67 66 1
67 68 1
68 48 1
68 67 1
68 69 1
69 68 1
69 70 1
69 89 1
70 50 1
70 69 1
71 72 1
71 91 1
72 52 1
72 71 1
72 73 1
73 72 1
73 74 1
74 54 1
74 73 1
74 75 1
75 74 1
75 76 1
75 95 1
76 56 1
76 75 1
76 77 1
77 76 1
77 78 1
77 97 1
78 58 1
78 77 1
78 79 1
79 78 1
79 99 1
80 81 1
80 100 1
81 61 1
81 80 1
81 82 1
82 81 1
82 83 1
82 102 1
83 82 1
84 85 1
85 65 1
85 84 1
85 86 1
86 85 1
86 87 1
86 106 1
87 86 1
88 108 1
89 69 1
89 90 1
90 89 1
90 91 1
90 110 1
91 71 1
91 90 1
91 92 1
92 91 1
92 112 1
93 94 1
94 93 1
94 95 1
94 114 1
95 75 1
95 94 1
95 96 1
96 95 1
96 116 1
97 77 1
97 98 1
98 97 1
98 99 1
98 118 1
99 79 1
99 98 1
100 80 1
100 101 1
101 100 1
101 102 1
101 121 1
102 82 1
102 101 1
102 103 1
103 102 1
103 104 1
103 123 1
104 103 1
104 105 1
105 104 1
105 125 1
106 86 1
106 107 1
107 106 1
107 108 1
107 127 1
108 88 1
108 107 1
109 110 1
109 129 1
110 90 1
110 109 1
110 111 1
111 110 1
111 112 1
111 131 1
112 92 1
112 111 1
112 113 1
113 112 1
113 114 1
113 133 1
114 94 1
114 113 1
114 115 1
115 114 1
115 116 1
115 135 1
116 96 1
116 115 1
117 118 1
117 137 1
118 98 1
118 117 1
118 119 1
119 118 1
119 139 1
120 121 1
120 140 1
121 101 1
121 120 1
121 122 1
122 121 1
122 142 1
123 103 1
123 124 1
124 123 1
124 125 1
124 144 1
125 105 1
125 124 1
126 127 1
126 146 1
127 107 1
127 126 1
127 128 1
128 127 1
128 129 1
128 148 1
129 109 1
129 128 1
129 130 1
130 129 1
131 111 1
131 132 1
132 131 1
132 133 1
132 152 1
133 113 1
133 132 1
133 134 1
134 133 1
134 135 1
134 154 1
135 115 1
135 134 1
135 136 1
136 135 1
136 137 1
136 156 1
137 117 1
137 136 1
137 138 1
138 137 1
138 139 1
138 158 1
139 119 1
139 138 1
140 120 1
140 141 1
141 140 1
141 142 1
141 161 1
142 122 1
142 141 1
143 144 1
143 163 1
144 124 1
144 143 1
144 145 1
145 144 1
145 146 1
145 165 1
146 126 1
146 145 1
147 148 1
147 167 1
148 128 1
148 147 1
149 150 1
149 169 1
150 149 1
150 151 1
151 150 1
151 152 1
151 171 1
152 132 1
152 151 1
152 153 1
153 152 1
153 154 1
153 173 1
154 134 1
154 153 1
154 155 1
155 154 1
155 156 1
155 175 1
156 136 1
156 155 1
156 157 1
157 156 1
157 158 1
157 177 1
158 138 1
158 157 1
159 179 1
160 161 1
160 180 1
161 141 1
161 160 1
161 162 1
162 161 1
162 163 1
162 182 1
163 143 1
163 162 1
163 164 1
164 163 1
164 165 1
165 145 1
165 164 1
166 167 1
166 186 1
167 147 1
167 166 1
167 168 1
168 167 1
168 169 1
168 188 1
169 149 1
169 168 1
169 170 1
170 169 1
171 151 1
171 172 1
172 171 1
172 173 1
172 192 1
173 153 1
173 172 1
173 174 1
174 173 1
174 194 1
175 155 1
175 176 1
176 175 1
176 196 1
177 157 1
177 178 1
178 177 1
178 179 1
178 198 1
179 159 1
179 178 1
180 160 1
181 182 1
182 162 1
182 181 1
182 183 1
183 182 1
184 185 1
185 184 1
185 186 1
186 166 1
186 185 1
186 187 1
187 186 1
187 188 1
188 168 1
188 187 1
188 189 1
189 188 1
189 190 1
190 189 1
190 191 1
191 190 1
191 192 1
192 172 1
192 191 1
192 193 1
193 192 1
193 194 1
194 174 1
194 193 1
194 195 1
195 194 1
195 196 1
196 176 1
196 195 1
196 197 1
197 196 1
197 198 1
198 178 1
198 197 1
4 1
31 1
47 1
63 1
77 1
