576 1426 1 576 24
1 2 18
1 34 5
2 1 18
2 3 1
3 2 1
3 4 13
3 36 3
4 3 13
4 5 8
5 4 8
5 6 8
5 38 6
6 5 8
6 7 9
7 6 9
7 8 1
7 40 6
8 7 1
8 9 7
9 8 7
9 10 11
9 42 1
10 9 11
11 12 10
11 44 17
12 11 10
12 13 12
13 12 12
13 46 7
14 15 19
15 14 19
15 16 1
15 48 19
16 15 1
16 17 19
17 16 19
17 18 18
17 50 7
18 17 18
18 19 1
19 18 1
19 20 16
19 52 6
20 19 16
20 21 18
21 20 18
21 22 15
22 21 15
22 23 12
23 22 12
23 24 1
23 56 13
24 23 1
24 25 13
25 24 13
25 26 15
25 58 17
26 25 15
26 27 13
27 26 13
27 60 8
28 29 9
29 28 9
29 30 14
29 62 13
30 29 14
30 31 5
31 30 5
31 32 17
31 64 9
32 31 17
32 33 13
33 32 13
33 66 13
34 1 5
34 35 2
35 34 2
35 36 11
35 69 7
36 3 3
36 35 11
36 37 10
37 36 10
37 38 18
37 71 14
38 5 6
38 37 18
39 40 11
39 73 6
40 7 6
40 39 11
40 41 1
41 40 1
41 75 9
42 9 1
42 43 4
43 42 4
43 44 12
43 77 3
44 11 17
44 43 12
45 46 8
45 79 11
46 13 7
46 45 8
46 47 1
47 46 1
47 48 2
47 81 10
48 15 19
48 47 2
49 83 11
50 17 7
50 51 1
51 50 1
51 85 11
52 19 6
52 53 14
53 52 14
53 54 1
53 87 18
54 53 1
54 55 18
55 54 18
55 89 9
56 23 13
57 91 15
58 25 17
58 59 13
59 58 13
59 60 16
59 93 11
60 27 8
60 59 16
60 61 9
61 60 9
62 29 13
62 63 13
63 62 13
63 64 2
63 97 16
64 31 9
64 63 2
65 66 14
65 99 9
66 33 13
66 65 14
66 67 1
67 66 1
67 101 18
68 69 3
68 102 2
69 35 7
69 68 3
69 70 16
70 69 16
70 71 6
70 104 12
71 37 14
71 70 6
71 72 14
72 71 14
72 73 17
72 106 12
73 39 6
73 72 17
73 74 11
74 73 11
74 75 14
75 41 9
75 74 14
75 76 4
76 75 4
76 77 1
76 110 10
77 43 3
77 76 1
77 78 7
78 77 7
78 79 16
79 45 11
79 78 16
80 81 17
80 114 2
81 47 10
81 80 17
81 82 8
82 81 8
82 83 8
82 116 14
83 49 11
83 82 8
83 84 4
84 83 4
84 85 5
84 118 2
85 51 11
85 84 5
85 86 11
86 85 11
86 87 13
86 120 10
87 53 18
87 86 13
87 88 6
88 87 6
88 89 18
88 122 19
89 55 9
89 88 18
89 90 11
90 89 11
90 91 9
90 124 2
91 57 15
91 90 9
91 92 1
92 91 1
92 93 15
92 126 4
93 59 11
93 92 15
93 94 1
94 93 1
94 128 11
95 96 5
96 95 5
96 97 1
97 63 16
97 96 1
97 98 6
98 97 6
98 99 1
98 132 18
99 65 9
99 98 1
99 100 9
100 99 9
100 101 15
101 67 18
101 100 15
102 68 2
102 103 4
103 102 4
103 104 7
103 137 1
104 70 12
104 103 7
104 105 8
105 104 8
105 139 5
106 72 12
106 107 17
107 106 17
107 108 2
107 141 13
108 107 2
108 109 6
109 108 6
109 110 12
109 143 4
110 76 10
110 109 12
110 111 5
111 110 5
111 112 1
111 145 7
112 111 1
113 114 12
113 147 11
114 80 2
114 113 12
114 115 5
115 114 5
115 116 16
115 149 2
116 82 14
116 115 16
116 117 8
117 116 8
117 118 15
117 151 14
118 84 2
118 117 15
119 120 5
119 153 3
120 86 10
120 119 5
120 121 14
121 120 14
121 122 2
121 155 7
122 88 19
122 121 2
122 123 6
123 122 6
123 124 3
123 157 18
124 90 2
124 123 3
124 125 18
125 124 18
125 126 4
125 159 17
126 92 4
126 125 4
126 127 12
127 126 12
127 128 9
128 94 11
128 127 9
128 129 4
129 128 4
129 130 11
129 163 12
130 129 11
130 131 18
131 130 18
131 132 3
131 165 5
132 98 18
132 131 3
132 133 7
133 132 7
133 134 11
133 167 6
134 133 11
134 135 9
135 134 9
135 169 2
136 137 9
136 170 19
137 103 1
137 136 9
137 138 3
138 137 3
138 172 17
139 105 5
139 140 7
140 139 7
140 141 15
140 174 7
141 107 13
141 140 15
142 143 16
142 176 17
143 109 4
143 142 16
143 144 1
144 143 1
144 145 18
144 178 18
145 111 7
145 144 18
145 146 11
146 145 11
146 147 12
146 180 3
147 113 11
147 146 12
147 148 1
148 147 1
148 149 6
148 182 17
149 115 2
149 148 6
150 151 16
150 184 3
151 117 14
151 150 16
151 152 3
152 151 3
152 153 4
152 186 15
153 119 3
153 152 4
154 155 17
154 188 16
155 121 7
155 154 17
155 156 13
156 155 13
156 157 18
156 190 18
157 123 18
157 156 18
157 158 7
158 157 7
158 192 6
159 125 17
159 160 19
160 159 19
160 161 18
160 194 4
161 160 18
161 162 9
162 161 9
162 163 16
163 129 12
163 162 16
163 164 7
164 163 7
164 165 1
164 198 16
165 131 5
165 164 1
165 166 4
166 165 4
166 167 19
166 200 5
167 133 6
167 166 19
167 168 5
168 167 5
168 169 17
168 202 11
169 135 2
169 168 17
170 136 19
170 171 7
171 170 7
171 172 1
172 138 17
172 171 1
172 173 1
173 172 1
173 174 3
174 140 7
174 173 3
174 175 1
175 174 1
176 142 17
176 177 2
177 176 2
177 178 14
178 144 18
178 177 14
179 180 15
180 146 3
180 179 15
180 181 18
181 180 18
181 182 14
182 148 17
182 181 14
182 183 10
183 182 10
183 184 1
184 150 3
184 183 1
185 186 13
185 219 17
186 152 15
186 185 13
187 188 3
187 221 2
188 154 16
188 187 3
188 189 4
189 188 4
189 190 17
189 223 2
190 156 18
190 189 17
190 191 16
191 190 16
191 192 4
191 225 19
192 158 6
192 191 4
192 193 10
193 192 10
193 194 18
193 227 13
194 160 4
194 193 18
194 195 8
195 194 8
195 196 12
195 229 14
196 195 12
196 197 3
197 196 3
197 231 12
198 164 16
198 199 5
199 198 5
199 200 12
200 166 5
200 199 12
200 201 16
201 200 16
201 202 2
201 235 17
202 168 11
202 201 2
202 203 1
203 202 1
203 237 12
204 205 1
204 238 5
205 204 1
205 206 12
206 205 12
206 240 19
207 208 13
208 207 13
208 209 6
209 208 6
209 210 9
210 209 9
210 211 3
210 244 8
211 210 3
211 212 4
212 211 4
212 213 8
212 246 3
213 212 8
213 214 5
214 213 5
214 215 11
214 248 4
215 214 11
215 216 19
216 215 19
216 217 17
216 250 12
217 216 17
217 218 18
218 217 18
218 219 1
218 252 6
219 185 17
219 218 1
219 220 2
220 219 2
220 221 8
221 187 2
221 220 8
221 222 4
222 221 4
222 223 19
223 189 2
223 222 19
223 224 18
224 223 18
224 258 7
225 191 19
225 226 11
226 225 11
226 260 14
227 193 13
227 228 19
228 227 19
228 229 11
228 262 18
229 195 14
229 228 11
230 231 7
230 264 15
231 197 12
231 230 7
232 266 5
233 234 18
234 233 18
234 235 3
234 268 19
235 201 17
235 234 3
235 236 3
236 235 3
236 237 18
236 270 6
237 203 12
237 236 18
238 204 5
238 239 14
239 238 14
239 240 4
240 206 19
240 239 4
240 241 10
241 240 10
241 242 18
241 275 4
242 241 18
242 243 1
243 242 1
243 244 7
243 277 16
244 210 8
244 243 7
244 245 10
245 244 10
245 246 7
245 279 1
246 212 3
246 245 7
246 247 17
247 246 17
247 248 14
248 214 4
248 247 14
248 249 13
249 248 13
249 250 1
249 283 16
250 216 12
250 249 1
250 251 18
251 250 18
251 285 9
252 218 6
252 253 8
253 252 8
253 254 1
253 287 18
254 253 1
254 255 8
255 254 8
255 256 8
255 289 1
256 255 8
256 257 12
257 256 12
257 258 11
258 224 7
258 257 11
258 259 2
259 258 2
259 260 9
259 293 15
260 226 14
260 259 9
260 261 18
261 260 18
261 262 6
261 295 6
262 228 18
262 261 6
262 263 18
263 262 18
263 264 8
263 297 16
264 230 15
264 263 8
264 265 10
265 264 10
265 266 12
265 299 13
266 232 5
266 265 12
266 267 17
267 266 17
267 268 17
267 301 11
268 234 19
268 267 17
268 269 14
269 268 14
269 303 19
270 236 6
271 305 13
272 273 11
272 306 10
273 272 11
273 274 9
274 273 9
274 308 2
275 241 4
275 276 10
276 275 10
276 277 17
276 310 11
277 243 16
277 276 17
278 312 10
279 245 1
279 280 8
280 279 8
280 281 6
280 314 12
281 280 6
281 282 18
282 281 18
282 283 10
282 316 11
283 249 16
283 282 10
283 284 2
284 283 2
284 285 18
284 318 19
285 251 9
285 284 18
285 286 9
286 285 9
286 287 17
286 320 6
287 253 18
287 286 17
287 288 5
288 287 5
288 289 8
288 322 13
289 255 1
289 288 8
289 290 1
290 289 1
290 291 4
290 324 16
291 290 4
291 292 3
292 291 3
292 326 17
293 259 15
293 294 14
294 293 14
294 295 4
294 328 13
295 261 6
295 294 4
295 296 10
296 295 10
296 297 13
296 330 12
297 263 16
297 296 13
297 298 6
298 297 6
298 299 1
298 332 11
299 265 13
299 298 1
299 300 17
300 299 17
301 267 11
301 302 14
302 301 14
302 303 9
302 336 5
303 269 19
303 302 9
303 304 1
304 303 1
304 305 13
304 338 14
305 271 13
305 304 13
306 272 10
307 341 3
308 274 2
308 309 12
309 308 12
309 310 12
309 343 18
310 276 11
310 309 12
310 311 5
311 310 5
311 345 2
312 278 10
312 313 13
313 312 13
313 314 16
313 347 4
314 280 12
314 313 16
314 315 11
315 314 11
315 316 14
315 349 11
316 282 11
316 315 14
316 317 16
317 316 16
317 318 15
317 351 10
318 284 19
318 317 15
318 319 8
319 318 8
319 320 14
319 353 10
320 286 6
320 319 14
320 321 12
321 320 12
321 355 5
322 288 13
322 323 3
323 322 3
323 324 13
323 357 18
324 290 16
324 323 13
324 325 14
325 324 14
325 326 4
326 292 17
326 325 4
326 327 10
327 326 10
327 328 15
327 361 9
328 294 13
328 327 15
328 329 8
329 328 8
329 330 1
329 363 12
330 296 12
330 329 1
330 331 4
331 330 4
331 332 1
332 298 11
332 331 1
332 333 18
333 332 18
333 334 8
333 367 3
334 333 8
334 335 14
335 334 14
335 336 15
335 369 8
336 302 5
336 335 15
336 337 3
337 336 3
337 338 14
337 371 8
338 304 14
338 337 14
338 339 11
339 338 11
339 373 11
340 341 1
340 374 6
341 307 3
341 340 1
341 342 12
342 341 12
342 343 14
342 376 9
343 309 18
343 342 14
343 344 12
344 343 12
344 378 14
345 311 2
345 346 7
346 345 7
346 347 10
346 380 14
347 313 4
347 346 10
347 348 16
348 347 16
348 349 5
348 382 13
349 315 11
349 348 5
349 350 1
350 349 1
350 351 8
350 384 10
351 317 10
351 350 8
351 352 4
352 351 4
352 386 1
353 319 10
354 355 13
354 388 15
355 321 5
355 354 13
355 356 17
356 355 17
356 357 6
356 390 15
357 323 18
357 356 6
357 358 14
358 357 14
358 359 18
358 392 2
359 358 18
359 360 5
360 359 5
360 361 12
360 394 9
361 327 9
361 360 12
361 362 9
362 361 9
362 363 13
363 329 12
363 362 13
364 365 13
364 398 15
365 364 13
365 366 16
366 365 16
366 367 3
367 333 3
367 366 3
367 368 12
368 367 12
368 369 10
368 402 11
369 335 8
369 368 10
369 370 16
370 369 16
370 371 14
370 404 8
371 337 8
371 370 14
372 406 9
373 339 11
374 340 6
374 375 18
375 374 18
375 376 7
375 409 15
376 342 9
376 375 7
376 377 16
377 376 16
377 378 1
377 411 17
378 344 14
378 377 1
378 379 6
379 378 6
379 380 19
379 413 19
380 346 14
380 379 19
380 381 7
381 380 7
381 382 10
381 415 5
382 348 13
382 381 10
382 383 2
383 382 2
383 384 1
384 350 10
384 383 1
384 385 6
385 384 6
385 386 11
385 419 11
386 352 1
386 385 11
387 388 3
387 421 18
388 354 15
388 387 3
389 390 10
389 423 14
390 356 15
390 389 10
391 392 1
391 425 15
392 358 2
392 391 1
393 394 9
393 427 1
394 360 9
394 393 9
394 395 11
395 394 11
395 396 1
395 429 4
396 395 1
396 397 12
397 396 12
397 398 11
397 431 3
398 364 15
398 397 11
398 399 17
399 398 17
399 400 17
399 433 19
400 399 17
400 401 12
401 400 12
401 402 18
401 435 7
402 368 11
402 401 18
403 404 7
403 437 13
404 370 8
404 403 7
404 405 10
405 404 10
405 406 7
405 439 19
406 372 9
406 405 7
406 407 10
407 406 10
407 441 13
408 409 14
408 442 11
409 375 15
409 408 14
409 410 4
410 409 4
410 411 14
410 444 4
411 377 17
411 410 14
411 412 2
412 411 2
412 413 18
412 446 4
413 379 19
413 412 18
414 415 2
414 448 12
415 381 5
415 414 2
416 417 11
416 450 9
417 416 11
417 418 4
418 417 4
418 419 19
418 452 16
419 385 11
419 418 19
419 420 8
420 419 8
420 454 17
421 387 18
421 422 12
422 421 12
422 423 3
423 389 14
423 422 3
423 424 13
424 423 13
424 425 6
424 458 3
425 391 15
425 424 6
425 426 11
426 425 11
426 427 2
426 460 9
427 393 1
427 426 2
427 428 17
428 427 17
428 429 12
428 462 1
429 395 4
429 428 12
429 430 11
430 429 11
430 431 14
431 397 3
431 430 14
431 432 12
432 431 12
432 433 7
432 466 13
433 399 19
433 432 7
434 468 2
435 401 7
435 436 2
436 435 2
436 437 5
436 470 19
437 403 13
437 436 5
438 439 12
438 472 5
439 405 19
439 438 12
439 440 1
440 439 1
440 474 8
441 407 13
442 408 11
442 443 5
443 442 5
443 444 8
443 477 11
444 410 4
444 443 8
445 446 4
445 479 15
446 412 4
446 445 4
446 447 6
447 446 6
447 448 11
447 481 10
448 414 12
448 447 11
448 449 1
449 448 1
449 450 14
449 483 17
450 416 9
450 449 14
450 451 1
451 450 1
451 452 11
451 485 17
452 418 16
452 451 11
452 453 18
453 452 18
453 454 16
453 487 8
454 420 17
454 453 16
454 455 4
455 454 4
455 456 12
455 489 16
456 455 12
457 458 3
457 491 12
458 424 3
458 457 3
458 459 14
459 458 14
459 460 1
459 493 2
460 426 9
460 459 1
461 462 11
461 495 12
462 428 1
462 461 11
462 463 17
463 462 17
463 464 8
463 497 7
464 463 8
464 465 16
465 464 16
465 466 17
465 499 16
466 432 13
466 465 17
466 467 13
467 466 13
467 468 8
467 501 13
468 434 2
468 467 8
468 469 17
469 468 17
469 470 7
469 503 4
470 436 19
470 469 7
470 471 18
471 470 18
471 472 9
471 505 18
472 438 5
472 471 9
473 474 17
473 507 19
474 440 8
474 473 17
474 475 1
475 474 1
475 509 9
476 477 14
476 510 8
477 443 11
477 476 14
478 479 1
478 512 15
479 445 15
479 478 1
479 480 11
480 479 11
480 481 8
480 514 18
481 447 10
481 480 8
481 482 6
482 481 6
482 483 7
482 516 6
483 449 17
483 482 7
483 484 3
484 483 3
484 485 11
484 518 9
485 451 17
485 484 11
485 486 9
486 485 9
486 487 19
486 520 12
487 453 8
487 486 19
487 488 1
488 487 1
488 522 2
489 455 16
489 490 13
490 489 13
490 491 5
490 524 10
491 457 12
491 490 5
491 492 12
492 491 12
493 459 2
493 494 1
494 493 1
494 528 7
495 461 12
495 496 2
496 495 2
496 497 3
496 530 5
497 463 7
497 496 3
497 498 1
498 497 1
498 499 17
498 532 13
499 465 16
499 498 17
500 501 7
500 534 3
501 467 13
501 500 7
501 502 17
502 501 17
502 536 14
503 469 4
503 504 19
504 503 19
504 505 16
504 538 14
505 471 18
505 504 16
505 506 10
506 505 10
506 507 9
506 540 5
507 473 19
507 506 9
507 508 18
508 507 18
508 509 7
508 542 12
509 475 9
509 508 7
510 476 8
510 511 11
511 510 11
511 512 8
511 544 16
512 478 15
512 511 8
512 513 17
513 512 17
513 514 14
513 546 6
514 480 18
514 513 14
515 516 9
515 548 2
516 482 6
516 515 9
516 517 5
517 516 5
517 518 16
518 484 9
518 517 16
518 519 11
519 518 11
519 520 10
519 552 17
520 486 12
520 519 10
520 521 7
521 520 7
521 522 3
521 554 4
522 488 2
522 521 3
522 523 18
523 522 18
523 524 6
523 556 6
524 490 10
524 523 6
525 526 1
525 558 15
526 525 1
526 527 2
527 526 2
527 528 10
527 560 5
528 494 7
528 527 10
528 529 1
529 528 1
529 530 3
529 562 12
530 496 5
530 529 3
530 531 2
531 530 2
531 532 6
531 564 7
532 498 13
532 531 6
532 533 9
533 532 9
533 534 9
533 566 19
534 500 3
534 533 9
534 535 8
535 534 8
535 536 11
536 502 14
536 535 11
536 537 18
537 536 18
537 570 13
538 504 14
538 539 1
539 538 1
540 506 5
540 541 1
541 540 1
541 542 1
541 574 19
542 508 12
542 541 1
542 543 6
543 542 6
543 576 1
544 511 16
545 546 11
546 513 6
546 545 11
546 547 2
547 546 2
547 548 11
548 515 2
548 547 11
548 549 15
549 548 15
549 550 16
550 549 16
550 551 4
551 550 4
551 552 8
552 519 17
552 551 8
552 553 10
553 552 10
553 554 13
554 521 4
554 553 13
555 556 12
556 523 6
556 555 12
556 557 9
557 556 9
557 558 3
558 525 15
558 557 3
559 560 1
560 527 5
560 559 1
560 561 7
561 560 7
561 562 2
562 529 12
562 561 2
562 563 1
563 562 1
563 564 2
564 531 7
564 563 2
564 565 16
565 564 16
565 566 13
566 533 19
566 565 13
566 567 7
567 566 7
567 568 8
568 567 8
569 570 2
570 537 13
570 569 2
570 571 19
571 570 19
571 572 10
572 571 10
573 574 3
574 541 19
574 573 3
574 575 1
575 574 1
575 576 12
576 543 1
576 575 12
21 401
27 295
59 273
67 162
91 103
105 187
121 125
130 59
151 301
155 335
176 243
182 225
232 128
244 74
276 247
312 258
340 161
344 61
360 96
365 247
372 251
388 329
448 103
461 300
