240 596 1 240 21
1 2 1
1 22 1
2 1 1
2 3 1
3 2 1
3 4 1
3 24 1
4 3 1
5 6 1
5 26 1
6 5 1
6 7 1
7 6 1
7 8 1
7 28 1
8 7 1
9 30 1
10 11 1
11 10 1
11 12 1
11 32 1
12 11 1
12 13 1
13 12 1
13 14 1
13 34 1
14 13 1
14 15 1
15 14 1
15 36 1
16 17 1
17 16 1
17 18 1
17 38 1
18 17 1
18 19 1
19 18 1
19 20 1
19 40 1
20 19 1
20 21 1
21 20 1
21 42 1
22 1 1
22 23 1
23 22 1
23 24 1
23 45 1
24 3 1
24 23 1
25 26 1
25 47 1
26 5 1
26 25 1
26 27 1
27 26 1
27 28 1
27 49 1
28 7 1
28 27 1
28 29 1
29 28 1
29 30 1
29 51 1
30 9 1
30 29 1
30 31 1
31 30 1
31 32 1
31 53 1
32 11 1
32 31 1
32 33 1
33 32 1
33 34 1
33 55 1
34 13 1
34 33 1
34 35 1
35 34 1
35 36 1
35 57 1
36 15 1
36 35 1
36 37 1
37 36 1
37 38 1
37 59 1
38 17 1
38 37 1
38 39 1
39 38 1
39 61 1
40 19 1
41 42 1
41 63 1
42 21 1
42 41 1
43 65 1
44 45 1
44 66 1
45 23 1
45 44 1
45 46 1
46 45 1
46 47 1
46 68 1
47 25 1
47 46 1
47 48 1
48 47 1
48 49 1
48 70 1
49 27 1
49 48 1
49 50 1
50 49 1
50 51 1
51 29 1
51 50 1
51 52 1
52 51 1
52 53 1
52 74 1
53 31 1
53 52 1
54 55 1
54 76 1
55 33 1
55 54 1
55 56 1
56 55 1
56 57 1
56 78 1
57 35 1
57 56 1
57 58 1
58 57 1
58 80 1
59 37 1
60 61 1
60 82 1
61 39 1
61 60 1
61 62 1
62 61 1
62 84 1
63 41 1
63 64 1
64 63 1
64 65 1
64 86 1
65 43 1
65 64 1
66 44 1
66 67 1
67 66 1
67 68 1
67 89 1
68 46 1
68 67 1
68 69 1
69 68 1
69 70 1
69 91 1
70 48 1
70 69 1
70 71 1
71 70 1
71 72 1
71 93 1
72 71 1
73 74 1
73 95 1
74 52 1
74 73 1
74 75 1
75 74 1
75 76 1
75 97 1
76 54 1
76 75 1
76 77 1
77 76 1
77 78 1
77 99 1
78 56 1
78 77 1
78 79 1
79 78 1
79 80 1
80 58 1
80 79 1
80 81 1
81 80 1
81 103 1
82 60 1
82 83 1
83 82 1
83 84 1
83 105 1
84 62 1
84 83 1
84 85 1
85 84 1
85 86 1
85 107 1
86 64 1
86 85 1
86 87 1
87 86 1
87 109 1
88 89 1
88 110 1
89 67 1
89 88 1
89 90 1
90 89 1
90 91 1
91 69 1
91 90 1
91 92 1
92 91 1
92 93 1
92 114 1
93 71 1
93 92 1
93 94 1
94 93 1
94 95 1
94 116 1
95 73 1
95 94 1
95 96 1
96 95 1
96 118 1
97 75 1
97 98 1
98 97 1
98 99 1
98 120 1
99 77 1
99 98 1
99 100 1
100 99 1
100 101 1
100 122 1
101 100 1
102 103 1
102 124 1
103 81 1
103 102 1
103 104 1
104 103 1
104 105 1
104 126 1
105 83 1
105 104 1
105 106 1
106 105 1
106 107 1
106 128 1
107 85 1
107 106 1
107 108 1
108 107 1
108 109 1
108 130 1
109 87 1
109 108 1
110 88 1
110 111 1
111 110 1
111 112 1
111 133 1
112 111 1
113 114 1
113 135 1
114 92 1
114 113 1
114 115 1
115 114 1
115 116 1
115 137 1
116 94 1
116 115 1
116 117 1
117 116 1
117 118 1
117 139 1
118 96 1
118 117 1
118 119 1
119 118 1
119 120 1
119 141 1
120 98 1
120 119 1
120 121 1
121 120 1
121 122 1
121 143 1
122 100 1
122 121 1
122 123 1
123 122 1
123 124 1
123 145 1
124 102 1
124 123 1
125 126 1
125 147 1
126 104 1
126 125 1
126 127 1
127 126 1
127 128 1
127 149 1
128 106 1
128 127 1
128 129 1
129 128 1
129 130 1
130 108 1
130 129 1
130 131 1
131 130 1
132 133 1
133 111 1
133 132 1
133 134 1
134 133 1
134 135 1
134 156 1
135 113 1
135 134 1
135 136 1
136 135 1
136 137 1
136 158 1
137 115 1
137 136 1
137 138 1
138 137 1
138 139 1
138 160 1
139 117 1
139 138 1
139 140 1
140 139 1
140 162 1
141 119 1
141 142 1
142 141 1
142 143 1
142 164 1
143 121 1
143 142 1
143 144 1
144 143 1
144 145 1
144 166 1
145 123 1
145 144 1
145 146 1
146 145 1
146 147 1
146 168 1
147 125 1
147 146 1
147 148 1
148 147 1
148 149 1
148 170 1
149 127 1
149 148 1
150 151 1
151 150 1
151 152 1
152 151 1
152 153 1
152 174 1
153 152 1
154 155 1
155 154 1
155 156 1
155 177 1
156 134 1
156 155 1
156 157 1
157 156 1
157 158 1
157 179 1
158 136 1
158 157 1
158 159 1
159 158 1
159 160 1
159 181 1
160 138 1
160 159 1
160 161 1
161 160 1
161 162 1
161 183 1
162 140 1
162 161 1
162 163 1
163 162 1
163 164 1
163 185 1
164 142 1
164 163 1
164 165 1
165 164 1
165 166 1
165 187 1
166 144 1
166 165 1
166 167 1
167 166 1
167 168 1
168 146 1
168 167 1
168 169 1
169 168 1
169 170 1
169 191 1
170 148 1
170 169 1
170 171 1
171 170 1
171 172 1
171 193 1
172 171 1
172 173 1
173 172 1
173 174 1
173 195 1
174 152 1
174 173 1
174 175 1
175 174 1
175 197 1
176 177 1
176 198 1
177 155 1
177 176 1
177 178 1
178 177 1
178 179 1
178 200 1
179 157 1
179 178 1
179 180 1
180 179 1
180 181 1
180 202 1
181 159 1
181 180 1
181 182 1
182 181 1
182 183 1
182 204 1
183 161 1
183 182 1
184 185 1
184 206 1
185 163 1
185 184 1
185 186 1
186 185 1
186 187 1
186 208 1
187 165 1
187 186 1
187 188 1
188 187 1
188 189 1
188 210 1
189 188 1
189 190 1
190 189 1
190 212 1
191 169 1
192 214 1
193 171 1
193 194 1
194 193 1
194 195 1
194 216 1
195 173 1
195 194 1
195 196 1
196 195 1
196 197 1
196 218 1
197 175 1
197 196 1
198 176 1
198 199 1
199 198 1
199 200 1
199 220 1
200 178 1
200 199 1
200 201 1
201 200 1
201 202 1
201 222 1
202 180 1
202 201 1
202 203 1
203 202 1
203 204 1
203 224 1
204 182 1
204 203 1
204 205 1
205 204 1
205 206 1
205 226 1
206 184 1
206 205 1
207 208 1
207 228 1
208 186 1
208 207 1
208 209 1
209 208 1
209 210 1
209 230 1
210 188 1
210 209 1
210 211 1
211 210 1
211 212 1
211 232 1
212 190 1
212 211 1
213 234 1
214 192 1
214 215 1
215 214 1
215 236 1
216 194 1
216 217 1
217 216 1
217 238 1
218 196 1
218 219 1
219 218 1
219 240 1
220 199 1
221 222 1
222 201 1
222 221 1
222 223 1
223 222 1
224 203 1
224 225 1
225 224 1
225 226 1
226 205 1
226 225 1
226 227 1
227 226 1
228 207 1
228 229 1
229 228 1
229 230 1
230 209 1
230 229 1
230 231 1
231 230 1
231 232 1
232 211 1
232 231 1
232 233 1
233 232 1
233 234 1
234 213 1
234 233 1
234 235 1
235 234 1
235 236 1
236 215 1
236 235 1
236 237 1
237 236 1
237 238 1
238 217 1
238 237 1
239 240 1
240 219 1
240 239 1
9 1
16 1
29 1
33 1
42 1
47 1
49 1
77 1
84 1
91 1
111 1
112 1
120 1
132 1
137 1
138 1
152 1
154 1
202 1
217 1
239 1
