30 72 1 30 6
1 2 11
1 8 11
2 1 11
2 3 7
3 2 7
3 4 2
3 10 1
4 3 2
4 5 12
5 4 12
5 6 5
5 12 4
6 5 5
6 7 18
7 6 18
7 14 4
8 1 11
8 9 9
9 8 9
9 17 18
10 3 1
10 11 16
11 10 16
11 12 6
11 19 15
12 5 4
12 11 6
12 13 13
13 12 13
13 21 16
14 7 4
14 15 16
15 14 16
15 23 11
16 17 4
16 24 12
17 9 18
17 16 4
17 18 13
18 17 13
18 19 8
18 26 1
19 11 15
19 18 8
19 20 5
20 19 5
20 21 11
20 28 2
21 13 16
21 20 11
21 22 6
22 21 6
22 23 4
22 30 5
23 15 11
23 22 4
24 16 12
24 25 18
25 24 18
25 26 18
26 18 1
26 25 18
26 27 6
27 26 6
27 28 6
28 20 2
28 27 6
28 29 3
29 28 3
29 30 18
30 22 5
30 29 18
7 1
10 1
16 1
18 1
20 1
28 1
