240 596 1 240 21
1 2 12
1 22 5
2 1 12
2 3 14
3 2 14
3 4 10
3 24 12
4 3 10
5 6 9
5 26 13
6 5 9
6 7 16
7 6 16
7 8 10
7 28 19
8 7 10
9 30 8
10 11 1
11 10 1
11 12 16
11 32 15
12 11 16
12 13 3
13 12 3
13 14 3
13 34 11
14 13 3
14 15 17
15 14 17
15 36 15
16 17 3
17 16 3
17 18 7
17 38 16
18 17 7
18 19 3
19 18 3
19 20 1
19 40 12
20 19 1
20 21 1
21 20 1
21 42 10
22 1 5
22 23 1
23 22 1
23 24 4
23 45 4
24 3 12
24 23 4
25 26 14
25 47 7
26 5 13
26 25 14
26 27 18
27 26 18
27 28 5
27 49 1
28 7 19
28 27 5
28 29 9
29 28 9
29 30 14
29 51 5
30 9 8
30 29 14
30 31 14
31 30 14
31 32 15
31 53 11
32 11 15
32 31 15
32 33 8
33 32 8
33 34 6
33 55 3
34 13 11
34 33 6
34 35 16
35 34 16
35 36 14
35 57 17
36 15 15
36 35 14
36 37 15
37 36 15
37 38 18
37 59 3
38 17 16
38 37 18
38 39 5
39 38 5
39 61 3
40 19 12
41 42 15
41 63 1
42 21 10
42 41 15
43 65 12
44 45 1
44 66 4
45 23 4
45 44 1
45 46 18
46 45 18
46 47 17
46 68 2
47 25 7
47 46 17
47 48 10
48 47 10
48 49 11
48 70 12
49 27 1
49 48 11
49 50 7
50 49 7
50 51 6
51 29 5
51 50 6
51 52 1
52 51 1
52 53 18
52 74 6
53 31 11
53 52 18
54 55 15
54 76 11
55 33 3
55 54 15
55 56 6
56 55 6
56 57 17
56 78 3
57 35 17
57 56 17
57 58 10
58 57 10
58 80 11
59 37 3
60 61 17
60 82 12
61 39 3
61 60 17
61 62 5
62 61 5
62 84 7
63 41 1
63 64 12
64 63 12
64 65 6
64 86 7
65 43 12
65 64 6
66 44 4
66 67 9
67 66 9
67 68 8
67 89 19
68 46 2
68 67 8
68 69 2
69 68 2
69 70 17
69 91 3
70 48 12
70 69 17
70 71 9
71 70 9
71 72 13
71 93 6
72 71 13
73 74 7
73 95 8
74 52 6
74 73 7
74 75 2
75 74 2
75 76 1
75 97 3
76 54 11
76 75 1
76 77 10
77 76 10
77 78 18
77 99 18
78 56 3
78 77 18
78 79 16
79 78 16
79 80 2
80 58 11
80 79 2
80 81 3
81 80 3
81 103 17
82 60 12
82 83 16
83 82 16
83 84 1
83 105 18
84 62 7
84 83 1
84 85 4
85 84 4
85 86 17
85 107 6
86 64 7
86 85 17
86 87 18
87 86 18
87 109 1
88 89 4
88 110 9
89 67 19
89 88 4
89 90 16
90 89 16
90 91 13
91 69 3
91 90 13
91 92 3
92 91 3
92 93 5
92 114 5
93 71 6
93 92 5
93 94 10
94 93 10
94 95 5
94 116 9
95 73 8
95 94 5
95 96 3
96 95 3
96 118 15
97 75 3
97 98 7
98 97 7
98 99 12
98 120 13
99 77 18
99 98 12
99 100 18
100 99 18
100 101 4
100 122 7
101 100 4
102 103 1
102 124 14
103 81 17
103 102 1
103 104 12
104 103 12
104 105 11
104 126 3
105 83 18
105 104 11
105 106 9
106 105 9
106 107 9
106 128 4
107 85 6
107 106 9
107 108 6
108 107 6
108 109 8
108 130 2
109 87 1
109 108 8
110 88 9
110 111 1
111 110 1
111 112 1
111 133 11
112 111 1
113 114 12
113 135 12
114 92 5
114 113 12
114 115 8
115 114 8
115 116 12
115 137 17
116 94 9
116 115 12
116 117 14
117 116 14
117 118 14
117 139 1
118 96 15
118 117 14
118 119 6
119 118 6
119 120 9
119 141 15
120 98 13
120 119 9
120 121 3
121 120 3
121 122 2
121 143 10
122 100 7
122 121 2
122 123 5
123 122 5
123 124 18
123 145 15
124 102 14
124 123 18
125 126 14
125 147 6
126 104 3
126 125 14
126 127 11
127 126 11
127 128 15
127 149 6
128 106 4
128 127 15
128 129 1
129 128 1
129 130 9
130 108 2
130 129 9
130 131 4
131 130 4
132 133 8
133 111 11
133 132 8
133 134 16
134 133 16
134 135 14
134 156 3
135 113 12
135 134 14
135 136 7
136 135 7
136 137 17
136 158 8
137 115 17
137 136 17
137 138 13
138 137 13
138 139 18
138 160 10
139 117 1
139 138 18
139 140 10
140 139 10
140 162 12
141 119 15
141 142 14
142 141 14
142 143 12
142 164 6
143 121 10
143 142 12
143 144 10
144 143 10
144 145 10
144 166 19
145 123 15
145 144 10
145 146 5
146 145 5
146 147 7
146 168 2
147 125 6
147 146 7
147 148 10
148 147 10
148 149 1
148 170 18
149 127 6
149 148 1
150 151 13
151 150 13
151 152 9
152 151 9
152 153 6
152 174 19
153 152 6
154 155 10
155 154 10
155 156 9
155 177 12
156 134 3
156 155 9
156 157 2
157 156 2
157 158 1
157 179 4
158 136 8
158 157 1
158 159 14
159 158 14
159 160 4
159 181 15
160 138 10
160 159 4
160 161 6
161 160 6
161 162 11
161 183 16
162 140 12
162 161 11
162 163 7
163 162 7
163 164 1
163 185 11
164 142 6
164 163 1
164 165 3
165 164 3
165 166 17
165 187 14
166 144 19
166 165 17
166 167 1
167 166 1
167 168 17
168 146 2
168 167 17
168 169 6
169 168 6
169 170 17
169 191 19
170 148 18
170 169 17
170 171 10
171 170 10
171 172 16
171 193 12
172 171 16
172 173 2
173 172 2
173 174 13
173 195 2
174 152 19
174 173 13
174 175 14
175 174 14
175 197 2
176 177 4
176 198 15
177 155 12
177 176 4
177 178 12
178 177 12
178 179 9
178 200 18
179 157 4
179 178 9
179 180 1
180 179 1
180 181 6
180 202 1
181 159 15
181 180 6
181 182 13
182 181 13
182 183 8
182 204 6
183 161 16
183 182 8
184 185 13
184 206 5
185 163 11
185 184 13
185 186 3
186 185 3
186 187 17
186 208 5
187 165 14
187 186 17
187 188 11
188 187 11
188 189 11
188 210 18
189 188 11
189 190 1
190 189 1
190 212 16
191 169 19
192 214 13
193 171 12
193 194 16
194 193 16
194 195 6
194 216 8
195 173 2
195 194 6
195 196 18
196 195 18
196 197 12
196 218 15
197 175 2
197 196 12
198 176 15
198 199 1
199 198 1
199 200 13
199 220 1
200 178 18
200 199 13
200 201 5
201 200 5
201 202 1
201 222 5
202 180 1
202 201 1
202 203 9
203 202 9
203 204 8
203 224 15
204 182 6
204 203 8
204 205 12
205 204 12
205 206 8
205 226 7
206 184 5
206 205 8
207 208 7
207 228 9
208 186 5
208 207 7
208 209 2
209 208 2
209 210 17
209 230 4
210 188 18
210 209 17
210 211 16
211 210 16
211 212 18
211 232 4
212 190 16
212 211 18
213 234 5
214 192 13
214 215 5
215 214 5
215 236 6
216 194 8
216 217 5
217 216 5
217 238 11
218 196 15
218 219 12
219 218 12
219 240 12
220 199 1
221 222 15
222 201 5
222 221 15
222 223 10
223 222 10
224 203 15
224 225 14
225 224 14
225 226 13
226 205 7
226 225 13
226 227 1
227 226 1
228 207 9
228 229 1
229 228 1
229 230 8
230 209 4
230 229 8
230 231 5
231 230 5
231 232 13
232 211 4
232 231 13
232 233 18
233 232 18
233 234 17
234 213 5
234 233 17
234 235 12
235 234 12
235 236 13
236 215 6
236 235 13
236 237 12
237 236 12
237 238 12
238 217 11
238 237 12
239 240 9
240 219 12
240 239 9
9 1
16 1
29 1
33 1
42 1
47 1
49 1
77 1
84 1
91 1
111 1
112 1
120 1
132 1
137 1
138 1
152 1
154 1
202 1
217 1
239 1
