160 376 1 160 9
1 2 10
1 18 3
2 1 10
2 3 2
3 2 2
3 4 1
3 20 15
4 3 1
5 22 13
6 7 14
7 6 14
7 8 8
8 7 8
8 9 10
9 8 10
9 10 10
9 26 8
10 9 10
10 11 5
11 10 5
11 12 12
12 11 12
12 13 19
13 12 19
13 14 14
13 30 9
14 13 14
14 15 9
15 14 9
15 16 1
16 15 1
16 17 16
17 16 16
17 34 9
18 1 3
18 19 13
19 18 13
19 20 1
19 37 16
20 3 15
20 19 1
20 21 16
21 20 16
21 22 1
21 39 8
22 5 13
22 21 1
22 23 3
23 22 3
23 24 10
23 41 5
24 23 10
24 25 3
25 24 3
25 26 16
25 43 1
26 9 8
26 25 16
27 28 12
27 45 3
28 27 12
28 29 5
29 28 5
29 30 1
29 47 3
30 13 9
30 29 1
30 31 17
31 30 17
31 32 17
31 49 12
32 31 17
32 33 12
33 32 12
33 34 4
33 51 6
34 17 9
34 33 4
35 53 7
36 37 14
36 54 16
37 19 16
37 36 14
37 38 15
38 37 15
38 39 8
39 21 8
39 38 8
39 40 1
40 39 1
40 58 6
41 23 5
41 42 17
42 41 17
42 43 9
42 60 7
43 25 1
43 42 9
43 44 18
44 43 18
44 45 5
44 62 7
45 27 3
45 44 5
46 64 5
47 29 3
47 48 17
48 47 17
49 31 12
49 50 2
50 49 2
50 51 17
50 68 10
51 33 6
51 50 17
51 52 13
52 51 13
52 53 5
52 70 15
53 35 7
53 52 5
54 36 16
55 56 3
56 55 3
56 57 8
57 56 8
57 75 1
58 40 6
58 59 3
59 58 3
59 60 3
59 77 4
60 42 7
60 59 3
60 61 12
61 60 12
61 62 6
62 44 7
62 61 6
62 63 8
63 62 8
63 64 11
63 81 10
64 46 5
64 63 11
65 66 10
65 83 15
66 65 10
66 67 15
67 66 15
67 68 11
67 85 18
68 50 10
68 67 11
68 69 12
69 68 12
69 70 3
69 87 3
70 52 15
70 69 3
70 71 12
71 70 12
71 89 18
72 73 1
72 90 15
73 72 1
73 74 4
74 73 4
74 75 6
74 92 11
75 57 1
75 74 6
75 76 9
76 75 9
76 77 7
76 94 13
77 59 4
77 76 7
77 78 12
78 77 12
78 79 16
78 96 15
79 78 16
79 80 11
80 79 11
80 81 14
80 98 7
81 63 10
81 80 14
82 83 6
82 100 13
83 65 15
83 82 6
83 84 7
84 83 7
84 85 4
84 102 15
85 67 18
85 84 4
85 86 8
86 85 8
86 87 6
87 69 3
87 86 6
87 88 19
88 87 19
89 71 18
90 72 15
90 91 1
91 90 1
91 92 8
91 109 10
92 74 11
92 91 8
93 94 18
93 111 13
94 76 13
94 93 18
94 95 8
95 94 8
95 96 3
96 78 15
96 95 3
96 97 9
97 96 9
97 98 7
97 115 17
98 80 7
98 97 7
98 99 16
99 98 16
99 100 1
100 82 13
100 99 1
100 101 5
101 100 5
101 102 15
101 119 11
102 84 15
102 101 15
102 103 12
103 102 12
103 104 15
103 121 18
104 103 15
104 105 1
105 104 1
105 106 16
105 123 5
106 105 16
107 125 19
108 109 13
108 126 17
109 91 10
109 108 13
110 128 3
111 93 13
111 112 11
112 111 11
112 113 16
112 130 1
113 112 16
113 114 1
114 113 1
114 115 7
114 132 19
115 97 17
115 114 7
115 116 12
116 115 12
116 117 8
117 116 8
118 119 16
118 136 7
119 101 11
119 118 16
119 120 4
120 119 4
120 121 2
120 138 18
121 103 18
121 120 2
122 123 12
122 140 17
123 105 5
123 122 12
123 124 19
124 123 19
124 125 14
124 142 1
125 107 19
125 124 14
126 108 17
126 127 12
127 126 12
127 144 19
128 110 3
128 129 15
129 128 15
129 146 7
130 112 1
130 131 16
131 130 16
131 132 18
131 148 15
132 114 19
132 131 18
132 133 8
133 132 8
133 134 11
133 150 19
134 133 11
134 135 15
135 134 15
135 136 18
135 152 8
136 118 7
136 135 18
136 137 12
137 136 12
137 138 5
137 154 1
138 120 18
138 137 5
138 139 4
139 138 4
139 140 6
139 156 13
140 122 17
140 139 6
140 141 7
141 140 7
141 142 16
141 158 17
142 124 1
142 141 16
142 143 3
143 142 3
143 160 11
144 127 19
144 145 8
145 144 8
145 146 17
146 129 7
146 145 17
146 147 2
147 146 2
147 148 18
148 131 15
148 147 18
148 149 10
149 148 10
149 150 15
150 133 19
150 149 15
150 151 7
151 150 7
151 152 18
152 135 8
152 151 18
152 153 5
153 152 5
153 154 18
154 137 1
154 153 18
154 155 17
155 154 17
156 139 13
156 157 2
157 156 2
158 141 17
158 159 6
159 158 6
159 160 17
160 143 11
160 159 17
4 1
25 1
40 1
44 1
46 1
65 1
80 1
82 1
114 1
