286 708 1 286 25
1 2 1
1 24 1
2 1 1
2 3 1
3 2 1
3 4 1
3 26 1
4 3 1
5 6 1
5 28 1
6 5 1
6 7 1
7 6 1
7 8 1
7 30 1
8 7 1
8 9 1
9 8 1
9 10 1
9 32 1
10 9 1
10 11 1
11 10 1
11 12 1
12 11 1
12 13 1
13 12 1
14 15 1
15 14 1
15 16 1
15 38 1
16 15 1
16 17 1
17 16 1
17 18 1
18 17 1
18 19 1
19 18 1
19 20 1
19 42 1
20 19 1
20 21 1
21 20 1
21 22 1
21 44 1
22 21 1
22 23 1
23 22 1
23 46 1
24 1 1
24 25 1
25 24 1
25 26 1
25 49 1
26 3 1
26 25 1
26 27 1
27 26 1
27 28 1
28 5 1
28 27 1
28 29 1
29 28 1
29 30 1
30 7 1
30 29 1
30 31 1
31 30 1
31 55 1
32 9 1
32 33 1
33 32 1
33 34 1
34 33 1
34 35 1
35 34 1
35 36 1
35 59 1
36 35 1
36 37 1
37 36 1
37 38 1
37 61 1
38 15 1
38 37 1
38 39 1
39 38 1
39 40 1
39 63 1
40 39 1
40 41 1
41 40 1
41 42 1
41 65 1
42 19 1
42 41 1
42 43 1
43 42 1
43 67 1
44 21 1
44 45 1
45 44 1
45 69 1
46 23 1
46 47 1
47 46 1
47 71 1
48 72 1
49 25 1
49 50 1
50 49 1
50 51 1
50 74 1
51 50 1
51 52 1
52 51 1
52 53 1
53 52 1
53 54 1
54 53 1
54 55 1
54 78 1
55 31 1
55 54 1
55 56 1
56 55 1
56 57 1
56 80 1
57 56 1
57 58 1
58 57 1
58 59 1
58 82 1
59 35 1
59 58 1
59 60 1
60 59 1
60 61 1
60 84 1
61 37 1
61 60 1
62 63 1
62 86 1
63 39 1
63 62 1
64 65 1
64 88 1
65 41 1
65 64 1
65 66 1
66 65 1
66 90 1
67 43 1
67 68 1
68 67 1
68 69 1
68 92 1
69 45 1
69 68 1
69 70 1
70 69 1
70 71 1
70 94 1
71 47 1
71 70 1
72 48 1
72 73 1
73 72 1
73 74 1
73 97 1
74 50 1
74 73 1
74 75 1
75 74 1
75 76 1
76 75 1
76 77 1
77 76 1
77 78 1
77 101 1
78 54 1
78 77 1
78 79 1
79 78 1
79 80 1
79 103 1
80 56 1
80 79 1
80 81 1
81 80 1
81 82 1
81 105 1
82 58 1
82 81 1
82 83 1
83 82 1
83 84 1
83 107 1
84 60 1
84 83 1
84 85 1
85 84 1
85 86 1
85 109 1
86 62 1
86 85 1
86 87 1
87 86 1
87 111 1
88 64 1
88 89 1
89 88 1
89 90 1
89 113 1
90 66 1
90 89 1
90 91 1
91 90 1
91 92 1
91 115 1
92 68 1
92 91 1
93 94 1
93 117 1
94 70 1
94 93 1
94 95 1
95 94 1
95 119 1
96 97 1
96 120 1
97 73 1
97 96 1
97 98 1
98 97 1
98 99 1
98 122 1
99 98 1
99 100 1
100 99 1
100 101 1
100 124 1
101 77 1
101 100 1
101 102 1
102 101 1
102 103 1
102 126 1
103 79 1
103 102 1
103 104 1
104 103 1
104 105 1
104 128 1
105 81 1
105 104 1
105 106 1
106 105 1
106 107 1
106 130 1
107 83 1
107 106 1
107 108 1
108 107 1
108 109 1
108 132 1
109 85 1
109 108 1
109 110 1
110 109 1
110 111 1
110 134 1
111 87 1
111 110 1
111 112 1
112 111 1
112 113 1
113 89 1
113 112 1
113 114 1
114 113 1
114 115 1
114 138 1
115 91 1
115 114 1
115 116 1
116 115 1
116 140 1
117 93 1
117 118 1
118 117 1
118 119 1
119 95 1
119 118 1
120 96 1
120 121 1
121 120 1
121 122 1
121 145 1
122 98 1
122 121 1
122 123 1
123 122 1
123 124 1
123 147 1
124 100 1
124 123 1
125 126 1
125 149 1
126 102 1
126 125 1
126 127 1
127 126 1
127 128 1
127 151 1
128 104 1
128 127 1
128 129 1
129 128 1
129 130 1
129 153 1
130 106 1
130 129 1
130 131 1
131 130 1
131 132 1
131 155 1
132 108 1
132 131 1
133 134 1
133 157 1
134 110 1
134 133 1
134 135 1
135 134 1
135 136 1
135 159 1
136 135 1
136 137 1
137 136 1
137 138 1
137 161 1
138 114 1
138 137 1
138 139 1
139 138 1
139 163 1
140 116 1
140 141 1
141 140 1
141 142 1
141 165 1
142 141 1
142 143 1
143 142 1
143 167 1
144 168 1
145 121 1
146 147 1
146 170 1
147 123 1
147 146 1
147 148 1
148 147 1
148 149 1
148 172 1
149 125 1
149 148 1
149 150 1
150 149 1
150 151 1
150 174 1
151 127 1
151 150 1
151 152 1
152 151 1
152 153 1
152 176 1
153 129 1
153 152 1
153 154 1
154 153 1
154 155 1
154 178 1
155 131 1
155 154 1
155 156 1
156 155 1
156 157 1
156 180 1
157 133 1
157 156 1
157 158 1
158 157 1
158 159 1
158 182 1
159 135 1
159 158 1
159 160 1
160 159 1
160 161 1
160 184 1
161 137 1
161 160 1
161 162 1
162 161 1
162 163 1
162 186 1
163 139 1
163 162 1
163 164 1
164 163 1
164 188 1
165 141 1
165 166 1
166 165 1
166 167 1
166 190 1
167 143 1
167 166 1
168 144 1
168 169 1
169 168 1
169 170 1
169 193 1
170 146 1
170 169 1
170 171 1
171 170 1
171 172 1
171 195 1
172 148 1
172 171 1
172 173 1
173 172 1
173 174 1
173 197 1
174 150 1
174 173 1
174 175 1
175 174 1
175 176 1
176 152 1
176 175 1
176 177 1
177 176 1
177 178 1
177 201 1
178 154 1
178 177 1
178 179 1
179 178 1
179 180 1
179 203 1
180 156 1
180 179 1
180 181 1
181 180 1
181 182 1
181 205 1
182 158 1
182 181 1
182 183 1
183 182 1
183 184 1
183 207 1
184 160 1
184 183 1
184 185 1
185 184 1
185 186 1
185 209 1
186 162 1
186 185 1
187 211 1
188 164 1
188 189 1
189 188 1
189 190 1
190 166 1
190 189 1
190 191 1
191 190 1
191 215 1
192 193 1
193 169 1
193 192 1
193 194 1
194 193 1
195 171 1
195 196 1
196 195 1
196 197 1
196 220 1
197 173 1
197 196 1
197 198 1
198 197 1
198 199 1
198 222 1
199 198 1
199 200 1
200 199 1
200 201 1
200 224 1
201 177 1
201 200 1
201 202 1
202 201 1
202 203 1
202 226 1
203 179 1
203 202 1
203 204 1
204 203 1
204 205 1
205 181 1
205 204 1
205 206 1
206 205 1
206 207 1
206 230 1
207 183 1
207 206 1
207 208 1
208 207 1
208 209 1
208 232 1
209 185 1
209 208 1
209 210 1
210 209 1
210 211 1
210 234 1
211 187 1
211 210 1
211 212 1
212 211 1
213 214 1
214 213 1
214 215 1
214 238 1
215 191 1
215 214 1
216 217 1
217 216 1
217 218 1
217 241 1
218 217 1
218 219 1
219 218 1
219 243 1
220 196 1
220 221 1
221 220 1
221 222 1
221 245 1
222 198 1
222 221 1
222 223 1
223 222 1
223 247 1
224 200 1
224 225 1
225 224 1
225 226 1
225 249 1
226 202 1
226 225 1
226 227 1
227 226 1
227 251 1
228 229 1
229 228 1
229 230 1
229 253 1
230 206 1
230 229 1
231 232 1
231 255 1
232 208 1
232 231 1
232 233 1
233 232 1
233 234 1
233 257 1
234 210 1
234 233 1
234 235 1
235 234 1
235 236 1
236 235 1
236 237 1
237 236 1
237 238 1
237 261 1
238 214 1
238 237 1
238 239 1
239 238 1
239 263 1
240 241 1
240 264 1
241 217 1
241 240 1
241 242 1
242 241 1
242 243 1
243 219 1
243 242 1
243 244 1
244 243 1
244 245 1
245 221 1
245 244 1
245 246 1
246 245 1
246 247 1
246 270 1
247 223 1
247 246 1
248 249 1
248 272 1
249 225 1
249 248 1
249 250 1
250 249 1
250 274 1
251 227 1
251 252 1
252 251 1
252 253 1
252 276 1
253 229 1
253 252 1
253 254 1
254 253 1
254 255 1
255 231 1
255 254 1
255 256 1
256 255 1
256 257 1
256 280 1
257 233 1
257 256 1
257 258 1
258 257 1
258 259 1
259 258 1
259 260 1
260 259 1
260 261 1
260 284 1
261 237 1
261 260 1
261 262 1
262 261 1
262 263 1
262 286 1
263 239 1
263 262 1
264 240 1
264 265 1
265 264 1
265 266 1
266 265 1
266 267 1
267 266 1
267 268 1
268 267 1
268 269 1
269 268 1
269 270 1
270 246 1
270 269 1
270 271 1
271 270 1
271 272 1
272 248 1
272 271 1
273 274 1
274 250 1
274 273 1
275 276 1
276 252 1
276 275 1
277 278 1
278 277 1
278 279 1
279 278 1
279 280 1
280 256 1
280 279 1
280 281 1
281 280 1
281 282 1
282 281 1
282 283 1
283 282 1
283 284 1
284 260 1
284 283 1
284 285 1
285 284 1
285 286 1
286 262 1
286 285 1
17 13
21 20
25 11
34 11
49 23
50 23
58 9
67 26
81 5
91 15
94 10
138 12
162 26
184 18
189 19
195 12
217 19
219 14
224 27
225 2
233 15
241 30
255 16
264 8
269 4
