880 2188 1 880 32
1 2 7
1 42 15
2 1 7
3 4 11
3 44 15
4 3 11
5 6 1
5 46 12
6 5 1
6 7 15
7 6 15
7 8 2
7 48 19
8 7 2
8 9 15
9 8 15
9 10 16
9 50 9
10 9 16
10 11 6
11 10 6
11 12 9
11 52 13
12 11 9
13 14 15
13 54 15
14 13 15
14 15 17
15 14 17
15 16 7
15 56 2
16 15 7
17 18 1
17 58 15
18 17 1
18 19 10
19 18 10
19 20 6
19 60 3
20 19 6
20 21 14
21 20 14
21 22 9
21 62 12
22 21 9
23 24 10
23 64 5
24 23 10
24 25 17
25 24 17
25 26 2
25 66 18
26 25 2
26 27 2
27 26 2
27 28 1
27 68 2
28 27 1
28 29 16
29 28 16
29 30 7
29 70 19
30 29 7
30 31 14
31 30 14
31 32 5
31 72 9
32 31 5
32 33 16
33 32 16
33 34 4
33 74 17
34 33 4
35 36 4
36 35 4
36 37 7
37 36 7
37 38 1
37 78 6
38 37 1
38 39 5
39 38 5
39 40 12
39 80 17
40 39 12
40 41 1
41 40 1
41 82 7
42 1 15
42 43 1
43 42 1
43 44 10
43 85 13
44 3 15
44 43 10
44 45 7
45 44 7
45 87 13
46 5 12
47 48 5
47 89 17
48 7 19
48 47 5
48 49 12
49 48 12
49 50 11
49 91 19
50 9 9
50 49 11
50 51 16
51 50 16
51 52 17
51 93 6
52 11 13
52 51 17
52 53 8
53 52 8
53 54 3
53 95 11
54 13 15
54 53 3
54 55 1
55 54 1
55 56 18
55 97 5
56 15 2
56 55 18
56 57 10
57 56 10
57 58 5
57 99 6
58 17 15
58 57 5
58 59 4
59 58 4
59 60 4
59 101 11
60 19 3
60 59 4
60 61 1
61 60 1
61 62 1
61 103 1
62 21 12
62 61 1
62 63 18
63 62 18
63 105 8
64 23 5
64 65 9
65 64 9
65 66 8
66 25 18
66 65 8
67 68 16
68 27 2
68 67 16
68 69 18
69 68 18
69 70 7
69 111 19
70 29 19
70 69 7
70 71 6
71 70 6
71 113 15
72 31 9
72 73 12
73 72 12
73 74 11
73 115 1
74 33 17
74 73 11
75 76 7
75 117 15
76 75 7
77 78 18
77 119 15
78 37 6
78 77 18
79 80 8
79 121 15
80 39 17
80 79 8
80 81 17
81 80 17
81 82 15
81 123 18
82 41 7
82 81 15
82 83 14
83 82 14
83 125 18
84 85 7
84 126 6
85 43 13
85 84 7
85 86 11
86 85 11
86 87 2
86 128 1
87 45 13
87 86 2
87 88 12
88 87 12
88 89 1
88 130 8
89 47 17
89 88 1
89 90 3
90 89 3
90 91 4
90 132 11
91 49 19
91 90 4
91 92 8
92 91 8
92 93 17
92 134 5
93 51 6
93 92 17
93 94 16
94 93 16
94 95 5
94 136 3
95 53 11
95 94 5
95 96 10
96 95 10
96 97 7
96 138 6
97 55 5
97 96 7
97 98 5
98 97 5
98 99 15
98 140 13
99 57 6
99 98 15
99 100 16
100 99 16
100 101 18
100 142 11
101 59 11
101 100 18
102 103 7
102 144 11
103 61 1
103 102 7
103 104 11
104 103 11
104 146 19
105 63 8
105 106 6
106 105 6
106 107 13
107 106 13
107 108 4
108 107 4
108 109 16
108 150 15
109 108 16
109 110 18
110 109 18
110 111 12
110 152 14
111 69 19
111 110 12
111 112 12
112 111 12
112 154 6
113 71 15
113 114 4
114 113 4
114 115 16
115 73 1
115 114 16
115 116 18
116 115 18
116 117 12
117 75 15
117 116 12
117 118 1
118 117 1
118 119 11
118 160 7
119 77 15
119 118 11
120 121 6
120 162 7
121 79 15
121 120 6
121 122 19
122 121 19
122 123 19
122 164 16
123 81 18
123 122 19
123 124 12
124 123 12
124 125 10
124 166 7
125 83 18
125 124 10
126 84 6
126 127 6
127 126 6
127 169 15
128 86 1
128 129 14
129 128 14
129 130 2
129 171 19
130 88 8
130 129 2
131 132 6
131 173 13
132 90 11
132 131 6
132 133 3
133 132 3
133 134 14
133 175 18
134 92 5
134 133 14
134 135 3
135 134 3
135 177 19
136 94 3
136 137 14
137 136 14
137 138 17
137 179 5
138 96 6
138 137 17
138 139 16
139 138 16
139 140 3
139 181 1
140 98 13
140 139 3
140 141 14
141 140 14
141 142 8
142 100 11
142 141 8
142 143 1
143 142 1
143 144 11
143 185 10
144 102 11
144 143 11
144 145 14
145 144 14
145 146 17
145 187 4
146 104 19
146 145 17
146 147 10
147 146 10
147 148 1
147 189 2
148 147 1
148 149 5
149 148 5
149 150 14
149 191 11
150 108 15
150 149 14
151 152 8
152 110 14
152 151 8
153 195 8
154 112 6
154 155 1
155 154 1
155 156 7
155 197 3
156 155 7
157 158 1
157 199 4
158 157 1
158 159 18
159 158 18
159 160 11
159 201 7
160 118 7
160 159 11
161 162 14
161 203 10
162 120 7
162 161 14
162 163 6
163 162 6
163 164 16
164 122 16
164 163 16
164 165 7
165 164 7
166 124 7
166 167 7
167 166 7
168 169 4
168 210 15
169 127 15
169 168 4
169 170 3
170 169 3
170 171 6
170 212 14
171 129 19
171 170 6
171 172 7
172 171 7
172 173 18
173 131 13
173 172 18
173 174 11
174 173 11
174 175 12
174 216 5
175 133 18
175 174 12
175 176 5
176 175 5
176 177 4
176 218 5
177 135 19
177 176 4
177 178 15
178 177 15
178 179 6
178 220 8
179 137 5
179 178 6
179 180 9
180 179 9
180 181 5
180 222 9
181 139 1
181 180 5
181 182 5
182 181 5
182 183 3
182 224 8
183 182 3
183 184 19
184 183 19
184 185 14
184 226 11
185 143 10
185 184 14
185 186 17
186 185 17
186 187 12
186 228 18
187 145 4
187 186 12
187 188 11
188 187 11
188 189 16
188 230 18
189 147 2
189 188 16
189 190 11
190 189 11
190 191 3
190 232 16
191 149 11
191 190 3
191 192 12
192 191 12
192 193 6
192 234 3
193 192 6
193 194 3
194 193 3
194 195 10
194 236 14
195 153 8
195 194 10
196 197 9
196 238 12
197 155 3
197 196 9
197 198 7
198 197 7
198 199 11
199 157 4
199 198 11
200 201 7
201 159 7
201 200 7
201 202 5
202 201 5
202 203 15
203 161 10
203 202 15
203 204 1
204 203 1
204 205 17
205 204 17
205 206 19
206 205 19
206 248 14
207 208 12
208 207 12
208 209 5
208 250 8
209 208 5
210 168 15
211 212 18
211 253 17
212 170 14
212 211 18
212 213 5
213 212 5
213 214 5
213 255 18
214 213 5
215 216 12
215 257 15
216 174 5
216 215 12
216 217 10
217 216 10
217 218 8
217 259 15
218 176 5
218 217 8
218 219 18
219 218 18
219 220 13
219 261 9
220 178 8
220 219 13
220 221 8
221 220 8
221 222 15
222 180 9
222 221 15
222 223 3
223 222 3
223 224 5
223 265 6
224 182 8
224 223 5
224 225 2
225 224 2
225 267 2
226 184 11
226 227 14
227 226 14
227 228 17
227 269 7
228 186 18
228 227 17
229 230 17
229 271 15
230 188 18
230 229 17
230 231 13
231 230 13
231 232 15
231 273 2
232 190 16
232 231 15
232 233 1
233 232 1
233 234 19
234 192 3
234 233 19
234 235 9
235 234 9
235 236 4
235 277 3
236 194 14
236 235 4
237 279 7
238 196 12
238 239 7
239 238 7
239 240 9
239 281 8
240 239 9
241 242 17
241 283 7
242 241 17
243 244 7
243 285 15
244 243 7
244 245 11
245 244 11
245 287 18
246 247 5
247 246 5
247 248 15
247 289 14
248 206 14
248 247 15
248 249 8
249 248 8
249 250 12
249 291 11
250 208 8
250 249 12
250 251 16
251 250 16
251 293 5
252 253 11
252 294 7
253 211 17
253 252 11
253 254 5
254 253 5
254 255 14
255 213 18
255 254 14
255 256 8
256 255 8
256 298 9
257 215 15
257 258 2
258 257 2
258 259 15
258 300 15
259 217 15
259 258 15
260 261 5
260 302 13
261 219 9
261 260 5
261 262 1
262 261 1
262 263 10
262 304 3
263 262 10
263 264 3
264 263 3
264 265 1
264 306 16
265 223 6
265 264 1
265 266 17
266 265 17
266 267 13
266 308 2
267 225 2
267 266 13
267 268 5
268 267 5
268 269 8
269 227 7
269 268 8
269 270 14
270 269 14
270 271 12
270 312 16
271 229 15
271 270 12
271 272 1
272 271 1
272 273 13
272 314 10
273 231 2
273 272 13
274 275 8
274 316 2
275 274 8
276 277 13
277 235 3
277 276 13
277 278 10
278 277 10
278 320 2
279 237 7
279 280 16
280 279 16
280 281 7
280 322 10
281 239 8
281 280 7
281 282 15
282 281 15
282 283 17
282 324 3
283 241 7
283 282 17
283 284 13
284 283 13
284 285 8
284 326 6
285 243 15
285 284 8
285 286 18
286 285 18
286 287 3
287 245 18
287 286 3
287 288 1
288 287 1
288 289 1
288 330 6
289 247 14
289 288 1
289 290 16
290 289 16
290 291 4
291 249 11
291 290 4
291 292 10
292 291 10
292 293 9
292 334 17
293 251 5
293 292 9
294 252 7
294 295 10
295 294 10
295 296 2
295 337 4
296 295 2
297 298 16
298 256 9
298 297 16
298 299 17
299 298 17
299 300 10
299 341 9
300 258 15
300 299 10
300 301 5
301 300 5
301 343 3
302 260 13
302 303 15
303 302 15
303 304 4
303 345 12
304 262 3
304 303 4
304 305 19
305 304 19
305 306 18
305 347 13
306 264 16
306 305 18
306 307 2
307 306 2
307 308 13
307 349 4
308 266 2
308 307 13
308 309 10
309 308 10
309 310 17
309 351 1
310 309 17
310 311 4
311 310 4
311 312 3
312 270 16
312 311 3
312 313 13
313 312 13
313 314 5
313 355 1
314 272 10
314 313 5
314 315 10
315 314 10
315 316 14
315 357 6
316 274 2
316 315 14
316 317 12
317 316 12
317 318 3
318 317 3
318 319 6
319 318 6
319 320 18
319 361 10
320 278 2
320 319 18
320 321 15
321 320 15
321 322 3
321 363 15
322 280 10
322 321 3
322 323 1
323 322 1
323 324 7
324 282 3
324 323 7
324 325 8
325 324 8
325 326 2
326 284 6
326 325 2
326 327 6
327 326 6
327 328 9
327 369 13
328 327 9
328 329 18
329 328 18
329 330 10
330 288 6
330 329 10
330 331 18
331 330 18
331 373 10
332 333 5
333 332 5
333 375 6
334 292 17
334 335 18
335 334 18
335 377 15
336 337 7
336 378 1
337 295 4
337 336 7
337 338 2
338 337 2
338 339 10
339 338 10
339 340 8
340 339 8
340 341 7
340 382 8
341 299 9
341 340 7
341 342 7
342 341 7
342 343 2
342 384 9
343 301 3
343 342 2
343 344 3
344 343 3
344 345 4
344 386 4
345 303 12
345 344 4
345 346 16
346 345 16
346 347 17
346 388 16
347 305 13
347 346 17
347 348 10
348 347 10
348 349 3
348 390 9
349 307 4
349 348 3
349 350 14
350 349 14
350 351 18
351 309 1
351 350 18
352 394 18
353 354 14
354 353 14
354 355 13
355 313 1
355 354 13
355 356 16
356 355 16
356 398 11
357 315 6
357 358 18
358 357 18
358 359 9
358 400 3
359 358 9
359 360 12
360 359 12
360 361 3
360 402 11
361 319 10
361 360 3
361 362 4
362 361 4
362 404 13
363 321 15
363 364 13
364 363 13
364 365 1
364 406 19
365 364 1
366 367 15
366 408 14
367 366 15
367 368 3
368 367 3
368 369 5
368 410 7
369 327 13
369 368 5
369 370 18
370 369 18
370 371 10
370 412 2
371 370 10
371 372 6
372 371 6
372 414 11
373 331 10
373 374 6
374 373 6
375 333 6
375 376 11
376 375 11
376 377 11
376 418 12
377 335 15
377 376 11
378 336 1
378 379 7
379 378 7
379 380 18
379 421 5
380 379 18
380 381 17
381 380 17
381 382 18
381 423 15
382 340 8
382 381 18
382 383 5
383 382 5
383 384 15
383 425 16
384 342 9
384 383 15
384 385 6
385 384 6
385 386 13
385 427 19
386 344 4
386 385 13
386 387 1
387 386 1
387 429 14
388 346 16
389 390 11
389 431 7
390 348 9
390 389 11
390 391 6
391 390 6
391 392 1
391 433 6
392 391 1
392 393 15
393 392 15
393 435 6
394 352 18
394 395 1
395 394 1
395 396 1
395 437 16
396 395 1
396 397 12
397 396 12
397 439 9
398 356 11
398 399 13
399 398 13
399 400 6
400 358 3
400 399 6
401 402 3
402 360 11
402 401 3
402 403 11
403 402 11
404 362 13
404 405 4
405 404 4
405 447 3
406 364 19
406 407 10
407 406 10
407 408 11
407 449 8
408 366 14
408 407 11
408 409 17
409 408 17
409 410 1
409 451 12
410 368 7
410 409 1
410 411 16
411 410 16
411 412 15
412 370 2
412 411 15
413 414 3
413 455 6
414 372 11
414 413 3
414 415 16
415 414 16
415 416 7
415 457 4
416 415 7
416 417 5
417 416 5
417 418 1
417 459 9
418 376 12
418 417 1
418 419 1
419 418 1
419 461 16
420 421 13
420 462 10
421 379 5
421 420 13
421 422 13
422 421 13
422 423 15
422 464 2
423 381 15
423 422 15
423 424 1
424 423 1
425 383 16
426 427 15
426 468 14
427 385 19
427 426 15
427 428 10
428 427 10
428 429 11
428 470 7
429 387 14
429 428 11
429 430 9
430 429 9
430 472 8
431 389 7
431 432 11
432 431 11
432 433 7
432 474 15
433 391 6
433 432 7
433 434 12
434 433 12
434 435 17
434 476 4
435 393 6
435 434 17
435 436 2
436 435 2
436 437 6
436 478 17
437 395 16
437 436 6
437 438 7
438 437 7
438 439 17
438 480 16
439 397 9
439 438 17
439 440 4
440 439 4
440 441 16
440 482 17
441 440 16
441 442 6
442 441 6
442 443 15
443 442 15
443 444 15
444 443 15
444 445 11
444 486 12
445 444 11
446 447 10
446 488 16
447 405 3
447 446 10
448 449 2
448 490 14
449 407 8
449 448 2
449 450 5
450 449 5
450 451 17
450 492 19
451 409 12
451 450 17
452 453 16
452 494 6
453 452 16
453 454 2
454 453 2
454 496 18
455 413 6
455 456 18
456 455 18
456 457 16
456 498 14
457 415 4
457 456 16
457 458 9
458 457 9
458 459 19
458 500 15
459 417 9
459 458 19
459 460 13
460 459 13
460 502 18
461 419 16
462 420 10
462 463 14
463 462 14
463 464 4
463 505 18
464 422 2
464 463 4
464 465 1
465 464 1
465 466 1
465 507 12
466 465 1
467 509 1
468 426 14
468 469 9
469 468 9
469 470 3
470 428 7
470 469 3
470 471 17
471 470 17
471 472 3
471 513 9
472 430 8
472 471 3
472 473 6
473 472 6
473 474 18
473 515 1
474 432 15
474 473 18
474 475 7
475 474 7
475 476 7
475 517 15
476 434 4
476 475 7
476 477 13
477 476 13
477 478 15
477 519 7
478 436 17
478 477 15
479 480 8
479 521 16
480 438 16
480 479 8
480 481 4
481 480 4
481 482 7
481 523 11
482 440 17
482 481 7
482 483 9
483 482 9
483 484 18
483 525 2
484 483 18
484 485 1
485 484 1
485 486 16
485 527 4
486 444 12
486 485 16
487 488 17
488 446 16
488 487 17
488 489 1
489 488 1
489 490 19
489 531 18
490 448 14
490 489 19
490 491 12
491 490 12
491 492 17
491 533 3
492 450 19
492 491 17
492 493 16
493 492 16
493 535 14
494 452 6
494 495 12
495 494 12
495 537 8
496 454 18
496 497 11
497 496 11
497 498 3
497 539 14
498 456 14
498 497 3
498 499 2
499 498 2
499 500 18
499 541 12
500 458 15
500 499 18
500 501 17
501 500 17
501 502 14
501 543 16
502 460 18
502 501 14
502 503 8
503 502 8
503 545 13
504 505 12
505 463 18
505 504 12
505 506 9
506 505 9
506 507 7
506 548 17
507 465 12
507 506 7
507 508 7
508 507 7
508 509 18
508 550 13
509 467 1
509 508 18
509 510 10
510 509 10
510 511 9
510 552 12
511 510 9
512 513 8
512 554 9
513 471 9
513 512 8
513 514 14
514 513 14
514 515 17
514 556 5
515 473 1
515 514 17
515 516 16
516 515 16
516 517 18
516 558 4
517 475 15
517 516 18
517 518 3
518 517 3
518 560 4
519 477 7
520 521 3
520 562 15
521 479 16
521 520 3
521 522 7
522 521 7
522 523 6
522 564 16
523 481 11
523 522 6
523 524 18
524 523 18
524 525 18
524 566 4
525 483 2
525 524 18
526 568 6
527 485 4
527 528 11
528 527 11
528 529 17
528 570 14
529 528 17
529 530 14
530 529 14
530 531 6
530 572 17
531 489 18
531 530 6
531 532 5
532 531 5
532 533 6
532 574 18
533 491 3
533 532 6
533 534 7
534 533 7
534 535 3
534 576 18
535 493 14
535 534 3
535 536 12
536 535 12
536 537 12
536 578 15
537 495 8
537 536 12
537 538 4
538 537 4
538 539 16
538 580 3
539 497 14
539 538 16
539 540 18
540 539 18
540 541 15
540 582 14
541 499 12
541 540 15
541 542 3
542 541 3
542 543 16
543 501 16
543 542 16
543 544 5
544 543 5
544 545 8
544 586 2
545 503 13
545 544 8
546 547 18
547 546 18
547 548 4
547 589 13
548 506 17
548 547 4
548 549 8
549 548 8
549 550 16
549 591 9
550 508 13
550 549 16
550 551 18
551 550 18
551 552 13
551 593 7
552 510 12
552 551 13
552 553 16
553 552 16
553 554 5
553 595 19
554 512 9
554 553 5
554 555 13
555 554 13
555 556 18
555 597 8
556 514 5
556 555 18
556 557 12
557 556 12
557 599 6
558 516 4
558 559 1
559 558 1
559 560 1
559 601 14
560 518 4
560 559 1
560 561 9
561 560 9
561 562 16
561 603 14
562 520 15
562 561 16
562 563 16
563 562 16
563 564 14
563 605 17
564 522 16
564 563 14
565 566 5
565 607 4
566 524 4
566 565 5
566 567 19
567 566 19
567 609 4
568 526 6
568 569 1
569 568 1
569 570 4
569 611 9
570 528 14
570 569 4
570 571 9
571 570 9
571 572 14
571 613 3
572 530 17
572 571 14
572 573 1
573 572 1
573 615 16
574 532 18
574 575 10
575 574 10
575 617 16
576 534 18
577 578 9
577 619 14
578 536 15
578 577 9
579 580 6
579 621 12
580 538 3
580 579 6
580 581 13
581 580 13
581 582 17
581 623 12
582 540 14
582 581 17
583 584 12
583 625 2
584 583 12
584 585 4
585 584 4
585 586 6
585 627 19
586 544 2
586 585 6
586 587 9
587 586 9
587 629 2
588 589 14
588 630 16
589 547 13
589 588 14
589 590 17
590 589 17
590 591 17
590 632 16
591 549 9
591 590 17
591 592 2
592 591 2
592 593 16
592 634 14
593 551 7
593 592 16
593 594 13
594 593 13
594 595 15
594 636 12
595 553 19
595 594 15
595 596 13
596 595 13
596 597 5
596 638 2
597 555 8
597 596 5
597 598 2
598 597 2
598 599 15
598 640 12
599 557 6
599 598 15
599 600 10
600 599 10
600 601 16
600 642 14
601 559 14
601 600 16
601 602 5
602 601 5
602 603 2
602 644 1
603 561 14
603 602 2
603 604 2
604 603 2
604 605 2
604 646 7
605 563 17
605 604 2
605 606 10
606 605 10
606 607 15
607 565 4
607 606 15
607 608 7
608 607 7
608 609 13
608 650 13
609 567 4
609 608 13
609 610 2
610 609 2
610 611 10
610 652 8
611 569 9
611 610 10
611 612 4
612 611 4
612 613 12
612 654 6
613 571 3
613 612 12
613 614 10
614 613 10
614 615 18
614 656 8
615 573 16
615 614 18
615 616 2
616 615 2
616 617 4
616 658 4
617 575 16
617 616 4
617 618 18
618 617 18
618 619 9
618 660 11
619 577 14
619 618 9
619 620 14
620 619 14
620 621 13
620 662 8
621 579 12
621 620 13
621 622 11
622 621 11
622 623 9
622 664 12
623 581 12
623 622 9
623 624 7
624 623 7
624 625 11
624 666 12
625 583 2
625 624 11
626 668 11
627 585 19
627 628 6
628 627 6
628 629 7
628 670 4
629 587 2
629 628 7
630 588 16
630 631 15
631 630 15
631 673 16
632 590 16
633 634 4
633 675 8
634 592 14
634 633 4
634 635 15
635 634 15
635 636 15
636 594 12
636 635 15
636 637 2
637 636 2
637 638 8
637 679 17
638 596 2
638 637 8
638 639 12
639 638 12
639 640 12
640 598 12
640 639 12
641 642 2
641 683 7
642 600 14
642 641 2
642 643 9
643 642 9
643 685 10
644 602 1
644 645 3
645 644 3
645 646 13
646 604 7
646 645 13
646 647 10
647 646 10
647 648 10
647 689 9
648 647 10
648 649 18
649 648 18
649 650 2
649 691 1
650 608 13
650 649 2
650 651 9
651 650 9
651 652 17
651 693 5
652 610 8
652 651 17
652 653 5
653 652 5
653 654 16
653 695 12
654 612 6
654 653 16
654 655 9
655 654 9
655 656 5
655 697 8
656 614 8
656 655 5
656 657 15
657 656 15
657 658 8
658 616 4
658 657 8
658 659 12
659 658 12
660 618 11
660 661 14
661 660 14
661 662 11
661 703 1
662 620 8
662 661 11
663 664 17
663 705 19
664 622 12
664 663 17
665 707 7
666 624 12
666 667 5
667 666 5
667 668 18
667 709 7
668 626 11
668 667 18
668 669 7
669 668 7
669 670 18
669 711 9
670 628 4
670 669 18
670 671 3
671 670 3
671 713 16
672 673 1
672 714 7
673 631 16
673 672 1
673 674 4
674 673 4
674 675 13
675 633 8
675 674 13
675 676 1
676 675 1
676 677 8
676 718 18
677 676 8
678 720 6
679 637 17
679 680 1
680 679 1
680 681 4
681 680 4
681 682 1
682 681 1
682 683 17
682 724 10
683 641 7
683 682 17
683 684 11
684 683 11
684 685 3
684 726 13
685 643 10
685 684 3
685 686 16
686 685 16
686 687 5
686 728 18
687 686 5
687 688 7
688 687 7
688 689 2
688 730 15
689 647 9
689 688 2
689 690 9
690 689 9
690 691 13
690 732 17
691 649 1
691 690 13
692 734 17
693 651 5
693 694 16
694 693 16
694 695 12
694 736 5
695 653 12
695 694 12
695 696 13
696 695 13
696 697 4
697 655 8
697 696 4
697 698 1
698 697 1
698 699 10
699 698 10
699 700 18
700 699 18
700 701 15
700 742 14
701 700 15
701 702 7
702 701 7
702 703 12
702 744 16
703 661 1
703 702 12
703 704 3
704 703 3
704 705 8
705 663 19
705 704 8
705 706 2
706 705 2
706 707 17
706 748 19
707 665 7
707 706 17
707 708 9
708 707 9
709 667 7
709 710 11
710 709 11
710 711 18
710 752 12
711 669 9
711 710 18
711 712 13
712 711 13
712 713 12
712 754 6
713 671 16
713 712 12
714 672 7
714 715 9
715 714 9
715 716 13
715 757 7
716 715 13
716 717 13
717 716 13
717 718 8
717 759 4
718 676 18
718 717 8
718 719 12
719 718 12
719 720 16
720 678 6
720 719 16
720 721 14
721 720 14
721 722 18
721 763 6
722 721 18
722 723 6
723 722 6
723 724 1
723 765 14
724 682 10
724 723 1
724 725 7
725 724 7
725 726 14
725 767 10
726 684 13
726 725 14
726 727 10
727 726 10
727 728 16
727 769 14
728 686 18
728 727 16
728 729 17
729 728 17
729 730 17
730 688 15
730 729 17
730 731 19
731 730 19
731 732 10
731 773 18
732 690 17
732 731 10
732 733 11
733 732 11
733 734 6
733 775 12
734 692 17
734 733 6
734 735 5
735 734 5
735 736 13
735 777 17
736 694 5
736 735 13
736 737 3
737 736 3
737 738 17
738 737 17
738 739 16
739 738 16
740 741 8
741 740 8
741 742 12
741 783 4
742 700 14
742 741 12
742 743 14
743 742 14
743 744 7
743 785 2
744 702 16
744 743 7
744 745 9
745 744 9
745 746 4
745 787 17
746 745 4
746 747 2
747 746 2
747 748 7
747 789 1
748 706 19
748 747 7
748 749 16
749 748 16
749 750 17
749 791 14
750 749 17
750 751 12
751 750 12
751 752 15
751 793 5
752 710 12
752 751 15
752 753 9
753 752 9
753 754 5
753 795 5
754 712 6
754 753 5
755 797 13
756 757 15
756 798 18
757 715 7
757 756 15
757 758 12
758 757 12
758 759 4
758 800 17
759 717 4
759 758 4
759 760 11
760 759 11
760 761 12
760 802 18
761 760 12
761 762 1
762 761 1
762 763 1
762 804 10
763 721 6
763 762 1
763 764 1
764 763 1
764 765 2
764 806 17
765 723 14
765 764 2
766 767 15
766 808 8
767 725 10
767 766 15
767 768 9
768 767 9
768 769 13
768 810 16
769 727 14
769 768 13
770 771 14
771 770 14
771 772 19
772 771 19
772 773 15
772 814 4
773 731 18
773 772 15
773 774 6
774 773 6
774 775 15
774 816 6
775 733 12
775 774 15
775 776 15
776 775 15
776 777 10
776 818 7
777 735 17
777 776 10
777 778 17
778 777 17
778 779 17
779 778 17
779 780 5
780 779 5
780 822 17
781 782 7
782 781 7
782 783 10
782 824 1
783 741 4
783 782 10
783 784 9
784 783 9
784 785 1
784 826 5
785 743 2
785 784 1
785 786 4
786 785 4
786 787 6
787 745 17
787 786 6
787 788 11
788 787 11
788 789 2
788 830 16
789 747 1
789 788 2
789 790 6
790 789 6
790 791 12
791 749 14
791 790 12
791 792 15
792 791 15
792 793 11
792 834 7
793 751 5
793 792 11
793 794 19
794 793 19
794 836 11
795 753 5
796 797 1
796 838 10
797 755 13
797 796 1
798 756 18
798 799 8
799 798 8
799 800 15
799 840 3
800 758 17
800 799 15
800 801 1
801 800 1
801 802 17
801 842 15
802 760 18
802 801 17
802 803 15
803 802 15
803 804 5
804 762 10
804 803 5
804 805 1
805 804 1
805 846 13
806 764 17
806 807 14
807 806 14
807 808 7
807 848 17
808 766 8
808 807 7
808 809 7
809 808 7
809 810 15
809 850 15
810 768 16
810 809 15
810 811 10
811 810 10
811 812 3
811 852 16
812 811 3
813 854 7
814 772 4
814 815 19
815 814 19
815 816 9
815 856 19
816 774 6
816 815 9
816 817 16
817 816 16
817 818 12
817 858 13
818 776 7
818 817 12
818 819 1
819 818 1
819 820 7
819 860 9
820 819 7
820 821 7
821 820 7
821 822 17
821 862 8
822 780 17
822 821 17
822 823 13
823 822 13
823 824 1
823 864 6
824 782 1
824 823 1
825 826 14
825 866 13
826 784 5
826 825 14
827 868 15
828 829 8
829 828 8
829 830 1
829 870 11
830 788 16
830 829 1
830 831 13
831 830 13
831 832 7
831 872 10
832 831 7
832 833 9
833 832 9
833 834 12
833 874 6
834 792 7
834 833 12
834 835 18
835 834 18
835 836 19
835 876 16
836 794 11
836 835 19
836 837 7
837 836 7
837 838 4
837 878 12
838 796 10
838 837 4
838 839 18
839 838 18
839 880 1
840 799 3
840 841 13
841 840 13
841 842 6
842 801 15
842 841 6
842 843 17
843 842 17
843 844 8
844 843 8
844 845 19
845 844 19
845 846 9
846 805 13
846 845 9
846 847 1
847 846 1
847 848 10
848 807 17
848 847 10
848 849 14
849 848 14
849 850 12
850 809 15
850 849 12
850 851 5
851 850 5
851 852 1
852 811 16
852 851 1
853 854 16
854 813 7
854 853 16
854 855 11
855 854 11
855 856 16
856 815 19
856 855 16
856 857 5
857 856 5
857 858 10
858 817 13
858 857 10
858 859 7
859 858 7
859 860 5
860 819 9
860 859 5
860 861 1
861 860 1
861 862 14
862 821 8
862 861 14
862 863 12
863 862 12
863 864 15
864 823 6
864 863 15
864 865 14
865 864 14
865 866 1
866 825 13
866 865 1
867 868 11
868 827 15
868 867 11
868 869 2
869 868 2
869 870 2
870 829 11
870 869 2
870 871 6
871 870 6
871 872 8
872 831 10
872 871 8
872 873 4
873 872 4
873 874 3
874 833 6
874 873 3
875 876 3
876 835 16
876 875 3
876 877 16
877 876 16
877 878 9
878 837 12
878 877 9
878 879 2
879 878 2
879 880 17
880 839 1
880 879 17
53 487
58 225
78 248
102 1
111 190
117 235
137 251
150 546
237 210
325 449
354 476
375 35
388 167
400 95
446 329
508 335
527 123
551 456
567 392
568 324
573 362
627 191
637 431
658 139
704 178
777 219
799 392
814 267
836 187
847 424
853 318
859 534
