48 114 1 48 3
1 2 6
1 10 5
2 1 6
2 3 16
3 2 16
3 4 2
3 12 8
4 3 2
4 5 9
5 4 9
5 6 6
5 14 7
6 5 6
6 7 17
7 6 17
7 8 16
8 7 16
8 9 1
9 8 1
10 1 5
10 11 13
11 10 13
11 12 6
12 3 8
12 11 6
12 13 15
13 12 15
13 14 12
13 23 2
14 5 7
14 13 12
14 15 16
15 14 16
15 16 12
16 15 12
16 17 8
17 16 8
17 27 11
18 19 5
19 18 5
19 29 1
20 21 16
20 30 4
21 20 16
21 22 7
22 21 7
22 23 1
22 32 7
23 13 2
23 22 1
23 24 10
24 23 10
24 25 3
24 34 9
25 24 3
25 26 11
26 25 11
26 27 1
26 36 19
27 17 11
27 26 1
27 28 3
28 27 3
28 29 11
28 38 5
29 19 1
29 28 11
30 20 4
30 31 5
31 30 5
31 32 11
31 40 15
32 22 7
32 31 11
32 33 14
33 32 14
33 34 9
33 42 18
34 24 9
34 33 9
34 35 6
35 34 6
35 36 6
35 44 8
36 26 19
36 35 6
36 37 18
37 36 18
37 38 2
37 46 8
38 28 5
38 37 2
38 39 7
39 38 7
40 31 15
40 41 5
41 40 5
41 42 16
42 33 18
42 41 16
42 43 5
43 42 5
43 44 9
44 35 8
44 43 9
44 45 17
45 44 17
45 46 8
46 37 8
46 45 8
46 47 18
47 46 18
47 48 11
48 47 11
7 1
28 1
36 1
