64 256 1 64
3 21 50
21 20 16
20 15 16
15 34 15
34 28 35
28 48 32
48 56 36
56 22 64
22 26 10
26 63 25
63 13 42
13 25 61
25 62 50
62 10 18
10 23 60
23 40 8
40 24 10
24 44 56
44 54 56
54 43 22
43 58 51
58 35 41
35 29 49
29 45 10
45 16 40
16 14 55
14 6 34
6 38 32
38 47 45
47 33 24
33 18 38
18 11 4
11 60 23
60 39 20
39 52 16
52 19 46
19 27 61
27 4 48
4 9 64
9 7 51
7 53 5
53 36 15
36 1 11
1 46 12
46 42 10
42 50 56
50 49 53
49 41 52
41 37 2
37 59 19
59 17 32
17 2 12
2 31 46
31 61 3
61 55 27
55 8 17
8 5 21
5 51 47
51 12 60
12 30 7
30 32 39
32 64 26
64 57 54
57 3 53
40 2 33
31 40 45
28 20 14
61 46 10
10 33 56
53 19 24
16 26 40
19 9 59
40 25 53
2 33 36
10 26 22
51 61 30
28 55 19
61 43 18
28 44 60
48 9 12
16 23 26
23 34 11
14 31 50
39 15 54
23 21 12
56 37 54
45 14 16
8 26 64
12 42 50
45 46 23
33 35 44
49 38 9
48 19 27
44 19 15
8 22 11
25 9 12
7 37 28
7 2 54
18 60 6
23 14 50
27 41 45
37 24 5
12 41 41
17 15 17
42 17 6
43 1 43
39 1 61
19 35 12
22 59 52
34 45 11
48 8 33
28 30 44
6 62 14
21 50 39
29 49 63
24 64 34
24 10 55
18 31 5
47 37 3
4 41 61
33 8 4
5 59 39
23 12 10
28 52 48
16 49 12
59 29 40
15 36 5
20 41 31
24 9 3
64 30 49
61 1 40
14 42 28
33 24 33
4 46 45
8 13 35
63 9 37
1 17 7
45 1 5
37 61 43
44 7 54
20 38 30
53 22 16
34 60 31
20 63 0
55 1 1
10 59 14
8 18 6
58 45 5
59 35 16
55 50 25
25 24 23
48 63 25
59 44 49
52 63 24
21 61 14
52 12 45
11 20 7
47 48 62
26 42 30
6 36 5
26 58 9
24 29 11
32 46 52
14 36 7
18 6 21
23 40 61
22 54 43
46 13 37
29 38 25
25 64 64
23 32 62
54 47 9
62 64 62
55 62 64
11 9 46
50 54 24
30 41 9
14 9 42
22 39 45
23 34 28
17 63 26
22 35 20
59 37 46
48 9 7
55 8 8
43 40 49
15 58 7
30 61 60
34 41 47
55 57 5
53 52 57
32 46 49
20 12 61
35 60 39
33 20 27
34 64 3
57 47 22
7 39 32
50 4 48
29 59 22
31 30 14
9 4 12
14 24 26
34 47 57
50 55 46
53 46 58
61 53 25
39 38 22
34 26 60
57 15 35
33 44 48
63 40 3
11 63 25
16 14 9
41 1 48
32 2 7
7 25 45
8 34 18
40 10 2
57 21 14
1 10 20
54 36 42
1 58 39
12 9 48
58 49 40
19 61 39
24 8 46
9 42 48
32 12 55
62 13 54
29 56 41
19 45 9
64 50 43
38 14 29
45 29 13
55 13 28
29 48 29
10 51 46
11 61 21
39 63 52
63 8 11
22 28 18
39 33 19
35 13 3
55 51 28
31 10 16
18 38 29
12 57 58
50 59 0
20 18 41
39 4 9
42 5 34
36 12 48
12 25 33
7 10 14
54 22 43
