64 216 2 63
3 21 50
3 40 16
21 3 16
21 20 15
21 24 35
20 21 32
20 15 36
20 44 64
15 20 10
15 34 25
15 54 42
34 15 61
34 28 50
34 43 18
28 34 60
28 48 8
28 58 10
48 28 56
48 56 56
48 35 22
56 48 51
56 22 41
56 29 49
22 56 10
22 26 40
22 45 55
26 22 34
26 63 32
26 16 45
63 26 24
63 13 38
63 14 4
13 63 23
13 25 20
13 6 16
25 13 46
25 62 61
25 38 48
62 25 64
62 10 51
62 47 5
10 62 15
10 23 11
10 33 12
23 10 10
23 18 56
40 24 53
40 3 52
40 11 2
24 40 19
24 44 32
24 21 12
24 60 46
44 24 3
44 54 27
44 20 17
44 39 21
54 44 47
54 43 60
54 15 7
54 52 39
43 54 26
43 58 54
43 34 53
43 19 16
58 43 52
58 35 33
58 28 54
58 27 16
35 58 45
35 29 5
35 48 2
35 4 14
29 35 55
29 45 45
29 56 10
29 9 14
45 29 31
45 16 56
45 22 42
45 7 37
16 45 24
16 14 25
16 26 9
16 53 40
14 16 37
14 6 40
14 63 59
14 36 16
6 14 12
6 38 53
6 13 53
6 1 30
38 6 36
38 47 14
38 25 9
38 46 22
47 38 59
47 33 55
47 62 30
47 42 5
33 47 55
33 18 19
33 10 55
33 50 21
18 33 18
18 23 5
18 49 18
11 60 60
11 40 6
11 41 39
60 11 12
60 39 25
60 24 15
60 37 26
39 60 15
39 52 4
39 44 11
39 59 27
52 39 54
52 19 50
52 54 35
52 17 3
19 52 54
19 27 16
19 43 1
19 2 12
27 19 7
27 4 50
27 58 54
27 31 24
4 27 26
4 9 16
4 35 57
4 61 9
9 4 64
9 7 59
9 29 46
9 55 50
7 9 25
7 53 44
7 45 23
7 8 31
53 7 22
53 36 44
53 16 48
53 5 28
36 53 9
36 1 6
36 14 36
36 51 27
1 36 19
1 46 36
1 6 15
1 12 57
46 1 8
46 42 11
46 38 12
46 30 40
42 46 12
42 50 41
42 47 49
42 32 28
50 42 41
50 49 52
50 33 54
50 64 31
49 50 33
49 18 6
49 57 15
41 37 26
41 11 50
37 41 38
37 59 49
37 60 45
59 37 50
59 17 18
59 39 5
17 59 60
17 2 49
17 52 41
2 17 52
2 31 3
2 19 17
31 2 45
31 61 51
31 27 6
61 31 20
61 55 43
61 4 43
55 61 35
55 8 43
55 9 61
8 55 37
8 5 22
8 7 12
5 8 8
5 51 51
5 53 52
51 5 4
51 12 24
51 36 11
12 51 6
12 30 57
12 1 33
30 12 5
30 32 61
30 46 44
32 30 28
32 64 13
32 42 14
64 32 1
64 57 47
64 50 39
57 64 23
57 49 47
