1131 2888 1046 356 138
1 14 24
1 1128 168
1 1130 127
2 348 27
3 31 38
4 549 93
5 142 106
5 1109 41
5 1116 40
6 201 58
7 160 55
7 168 58
7 559 59
8 858 68
8 869 65
8 880 56
9 18 21
9 407 38
10 43 223
10 382 43
10 383 29
10 901 122
11 1088 68
12 133 68
12 670 165
12 784 22
12 1067 4
13 11 125
13 128 11
13 1112 127
14 1076 18
15 775 46
16 4 90
17 120 59
17 394 193
17 398 65
17 640 262
18 9 21
18 743 12
18 748 63
19 700 71
20 311 31
20 700 12
20 864 133
21 391 81
21 868 9
22 156 70
22 245 71
22 815 31
23 705 7
23 735 79
24 51 146
24 1083 306
25 30 11
25 868 46
26 126 43
26 338 216
27 41 59
27 179 51
27 927 45
28 610 8
28 928 63
29 218 22
29 333 299
30 21 46
30 25 11
31 770 89
31 862 73
31 1061 25
32 13 445
32 482 122
33 30 66
33 408 12
34 102 220
34 535 86
35 256 38
35 258 33
35 266 140
35 329 55
36 404 13
36 419 208
36 510 45
37 105 39
37 308 99
37 609 56
38 41 133
38 309 46
38 343 13
39 389 6
39 795 25
40 318 75
40 324 36
40 327 37
40 329 102
41 27 59
41 38 133
41 1094 36
42 336 98
42 609 8
43 10 223
43 45 32
43 195 33
43 381 43
44 63 123
44 100 50
44 126 27
45 43 32
45 236 215
45 917 36
46 619 5
46 631 29
46 644 84
47 717 162
47 785 55
47 989 41
48 53 12
48 408 24
49 941 31
49 990 51
50 51 80
50 1079 18
50 1083 54
51 24 146
51 50 80
51 52 13
52 51 13
52 319 37
52 1079 80
53 950 262
53 952 15
54 57 39
54 701 36
54 711 49
54 819 149
55 57 44
55 60 90
55 628 76
56 627 45
56 653 17
56 714 40
57 54 39
57 55 44
57 60 47
57 649 118
58 59 128
58 181 25
58 423 38
59 58 128
59 61 36
59 881 30
60 55 90
60 57 47
60 711 38
61 59 36
61 751 115
62 64 48
62 629 42
62 1010 54
63 44 123
63 69 22
63 501 37
64 62 48
65 66 119
65 451 95
65 1000 21
66 65 119
66 1004 30
66 1006 69
67 68 38
68 67 38
68 70 76
68 999 28
68 1000 34
69 63 22
69 100 127
69 446 136
70 68 76
70 71 74
70 140 28
70 1070 26
71 70 74
71 1008 27
71 1071 30
72 999 38
73 74 58
73 598 28
73 1078 29
74 73 58
74 638 29
74 850 31
75 76 71
75 966 29
75 1016 39
76 75 71
76 431 33
76 967 32
77 78 152
77 655 42
77 1119 91
78 77 152
78 79 40
78 80 33
79 78 40
79 699 38
79 1033 29
80 78 33
80 465 27
80 712 33
81 82 193
81 1030 26
81 1033 39
82 81 193
82 688 6
82 1062 37
83 84 136
84 83 136
84 1028 36
84 1030 28
85 560 28
85 577 98
85 993 25
86 574 326
87 88 168
87 1081 32
87 1082 32
88 87 168
88 1042 151
88 1043 27
88 1045 36
89 412 24
89 841 144
89 879 22
90 114 68
90 673 6
91 658 59
91 1051 9
91 1052 50
92 658 31
92 729 30
92 1054 32
93 94 124
93 853 87
93 1058 29
94 93 124
94 658 30
94 729 28
94 1051 24
95 948 151
95 949 9
95 969 176
96 1098 421
97 198 36
97 206 30
97 214 112
98 101 31
98 239 32
98 241 10
99 120 55
99 177 31
99 192 194
99 523 96
100 44 50
100 69 127
100 593 22
101 235 193
102 29 72
103 110 132
103 260 7
104 107 53
104 461 113
104 801 116
104 815 32
105 37 39
105 913 22
105 932 62
106 445 159
106 501 23
106 542 52
107 104 53
107 141 73
107 817 31
108 308 89
108 310 55
108 915 55
109 146 103
109 927 127
109 931 33
110 116 54
110 761 6
111 246 104
111 800 248
112 90 149
112 617 6
113 132 79
113 135 7
113 749 146
114 725 44
114 766 8
114 1122 123
115 466 88
116 377 28
116 475 6
117 118 100
117 178 4
117 394 54
118 117 100
119 126 235
119 536 35
119 542 28
120 17 59
120 99 55
120 178 193
120 522 223
121 398 160
122 123 9
122 706 190
123 122 9
123 459 51
123 484 7
124 125 150
124 1117 76
125 1116 33
126 26 43
126 44 27
126 119 235
127 201 33
127 331 217
127 386 244
128 13 11
128 360 39
128 942 21
129 557 7
129 578 66
130 390 164
130 933 17
130 1036 26
131 444 150
132 103 110
132 616 8
133 12 68
133 295 37
133 299 48
134 280 18
134 282 16
134 290 112
135 113 7
135 1025 136
136 285 87
137 146 32
137 485 183
137 673 32
138 1004 78
138 1007 68
138 1070 105
139 630 120
139 680 36
139 710 203
140 70 28
140 850 29
140 999 69
140 1008 76
141 107 73
141 143 61
141 288 190
142 5 106
142 1110 43
142 1114 75
143 141 61
143 287 151
143 801 30
144 321 34
144 567 17
145 1067 198
145 1104 15
146 109 103
146 137 32
146 615 133
146 1124 142
147 194 42
147 196 79
147 197 30
148 197 51
149 202 78
149 708 8
149 825 103
150 157 36
150 434 14
151 167 28
151 707 19
152 218 304
152 332 40
152 333 14
152 582 44
153 154 64
153 720 22
153 1080 22
154 153 64
154 512 101
155 159 90
155 1001 136
155 1002 54
155 1003 8
156 22 70
156 461 39
156 726 61
157 151 41
157 159 13
158 307 97
158 453 28
158 661 38
159 155 90
159 448 58
160 7 55
160 594 40
160 719 155
161 163 59
161 168 68
162 165 87
162 232 33
162 239 244
162 845 99
163 161 59
163 166 61
163 168 41
164 177 64
164 412 150
164 520 97
164 871 62
165 162 87
165 169 106
165 732 34
165 844 99
166 163 61
166 833 99
167 339 4
168 7 58
168 161 68
168 163 41
169 165 106
169 917 27
169 918 78
170 23 182
170 331 84
171 174 48
171 898 121
171 907 37
172 385 181
172 586 147
173 200 139
173 429 46
174 171 48
175 564 21
175 580 32
175 581 7
175 595 26
176 177 97
176 520 62
176 523 31
177 99 31
177 164 64
177 176 97
177 191 194
178 117 4
178 120 193
178 188 23
179 27 51
179 1118 59
180 182 27
180 190 24
180 665 25
181 58 25
181 189 61
181 722 98
181 841 26
182 180 27
182 184 94
182 185 21
182 687 26
183 397 70
183 599 74
184 182 94
184 186 17
184 636 23
185 182 21
185 186 94
185 190 29
185 686 18
186 184 17
186 185 94
186 635 26
187 194 39
187 635 100
187 686 14
188 178 23
188 189 160
188 192 29
189 181 61
189 188 160
189 191 100
190 180 24
190 185 29
190 193 18
191 177 194
191 189 100
191 192 32
191 722 62
192 99 194
192 188 29
192 191 32
193 190 18
193 447 132
193 686 27
194 147 42
194 187 39
194 596 108
195 43 33
195 383 216
195 911 24
196 147 79
196 212 20
196 635 33
197 147 30
197 148 51
197 217 30
198 97 36
198 214 141
198 504 24
199 200 17
199 660 46
200 173 139
200 199 17
200 425 32
201 6 58
201 127 33
201 763 90
202 149 78
203 504 114
204 208 134
205 449 12
205 476 136
205 614 20
206 97 30
206 211 28
206 224 111
207 614 16
207 757 354
208 204 134
208 210 39
208 995 26
209 381 35
209 479 232
209 683 29
210 208 39
210 213 46
210 716 39
211 206 28
211 223 33
211 225 77
212 196 20
212 575 74
212 829 37
213 210 46
213 215 111
213 565 131
214 97 112
214 198 141
214 224 32
215 213 111
215 216 37
215 540 37
216 215 37
217 197 30
217 575 69
217 1084 32
218 29 22
218 152 304
218 918 60
219 786 88
220 221 56
220 222 29
220 786 19
221 220 56
222 220 29
222 226 56
222 513 26
223 211 33
223 228 48
223 1072 83
224 206 111
224 214 32
224 231 57
225 211 77
226 222 56
227 396 38
227 397 38
228 223 48
229 232 28
230 231 130
230 236 52
230 683 29
231 224 57
231 230 130
231 236 94
232 162 33
232 229 28
232 235 71
233 530 27
233 531 33
233 552 42
233 1066 33
234 794 56
235 102 28
235 232 71
236 45 215
236 230 52
236 231 94
236 749 116
237 244 164
238 248 215
238 1024 38
238 1025 28
239 98 32
239 162 244
239 831 73
240 250 114
240 1024 95
240 1026 39
241 98 10
241 538 11
242 249 38
242 872 79
243 889 92
243 890 96
244 237 164
244 398 41
244 952 30
245 22 71
246 423 62
246 547 6
247 249 36
247 252 118
247 254 77
248 238 215
248 616 47
248 1023 31
249 242 38
249 247 36
250 240 114
250 1049 38
250 1058 21
251 307 37
251 661 92
251 664 62
252 247 118
252 255 73
252 258 28
253 255 70
253 259 29
253 265 27
254 247 77
254 517 29
254 518 184
255 252 73
255 253 70
255 264 28
256 35 38
256 257 168
256 324 159
256 547 36
257 256 168
257 482 34
257 548 40
257 962 59
258 35 33
258 252 28
258 259 142
259 253 29
259 258 142
259 266 33
260 103 7
260 275 139
260 616 114
261 263 28
261 267 31
261 482 125
262 264 31
262 267 71
262 517 31
263 261 28
264 255 28
264 262 31
264 265 70
265 253 27
265 264 70
265 267 34
266 35 140
266 259 33
266 482 30
267 261 31
267 262 71
267 265 34
268 269 56
268 281 146
268 623 45
268 753 54
269 268 56
269 270 53
269 756 51
270 269 53
271 273 50
272 274 45
272 276 58
272 758 73
273 271 50
273 275 47
273 759 21
274 272 45
274 278 36
274 1125 76
275 260 139
275 273 47
275 744 16
276 272 58
276 761 101
276 1125 38
277 285 81
277 607 84
278 274 36
278 282 59
278 283 85
279 280 32
280 134 18
280 279 32
280 744 17
281 268 146
281 284 18
281 290 86
282 134 16
282 278 59
282 292 90
283 278 85
283 291 22
283 1125 42
284 281 18
284 289 9
284 293 86
285 136 87
285 277 81
285 286 32
286 277 52
286 285 32
287 143 151
287 288 38
287 1063 80
288 141 190
288 287 38
288 945 91
289 284 9
289 507 58
289 624 62
290 134 112
290 281 86
290 293 20
290 759 97
291 283 22
291 292 22
291 296 71
292 282 90
292 291 22
292 295 16
293 284 86
293 290 20
293 294 41
294 293 41
295 133 37
295 292 16
295 405 74
296 291 71
297 500 57
297 505 20
297 508 103
298 505 16
298 670 23
298 671 39
299 133 48
300 453 57
300 508 38
300 691 89
301 304 17
301 500 28
301 671 17
302 303 13
302 305 19
302 500 14
302 503 34
303 302 13
303 304 13
303 306 31
304 301 17
304 303 13
304 677 57
305 302 19
306 303 31
307 158 97
307 251 37
307 674 79
307 677 28
308 37 99
308 108 89
308 309 46
309 38 46
309 308 46
309 310 130
310 108 55
310 309 130
310 1097 8
311 20 31
311 317 97
311 733 9
312 357 98
312 365 124
312 519 26
313 733 31
313 737 5
313 939 82
314 317 38
314 939 30
315 1093 6
316 855 131
316 945 12
317 311 97
317 314 38
317 937 21
318 40 75
318 322 38
318 326 32
318 724 107
319 52 37
320 334 33
321 144 34
321 748 17
322 318 38
322 541 40
322 789 97
323 739 23
323 746 32
323 778 15
324 40 36
324 256 159
324 544 38
325 3 32
325 437 40
326 318 32
326 334 36
326 771 116
327 40 37
327 328 102
327 920 31
328 327 102
328 329 36
328 335 30
329 35 55
329 40 102
329 328 36
330 809 151
331 127 217
331 170 84
331 337 183
332 152 40
332 437 117
333 152 14
333 1040 39
334 320 33
334 326 36
334 769 127
334 920 73
335 328 30
335 872 135
335 920 102
336 341 10
336 345 135
337 331 183
337 413 69
337 735 8
338 339 13
338 536 20
339 338 13
339 731 28
340 621 26
340 622 28
340 1056 83
341 342 26
341 347 42
342 341 26
342 344 143
342 1069 66
343 38 13
343 610 44
343 931 59
344 342 143
345 336 135
345 358 142
345 455 112
346 354 50
346 356 35
346 455 36
346 798 129
347 28 34
347 1069 53
348 799 12
348 1092 125
349 350 76
349 359 53
349 1079 151
350 349 76
350 351 63
350 361 53
350 1069 242
351 350 63
351 353 155
351 362 45
352 799 133
353 351 155
354 346 50
354 358 57
354 799 125
354 1092 18
355 359 54
355 798 40
355 892 64
356 346 35
356 362 57
356 455 67
356 892 67
357 312 98
357 527 22
358 345 142
358 354 57
358 455 31
359 349 53
359 355 54
359 891 64
360 128 39
360 374 70
360 401 149
361 350 53
361 362 57
361 891 13
362 351 45
362 356 57
362 361 57
363 704 60
363 713 90
363 1119 34
364 367 18
364 859 29
365 312 124
365 516 30
365 527 107
366 516 55
366 1039 38
367 170 72
367 364 18
368 465 60
368 657 22
368 1131 105
369 366 124
369 422 24
370 400 156
371 373 125
371 636 21
371 637 27
372 561 7
373 371 125
373 661 10
373 665 32
374 360 70
374 804 130
374 859 49
375 804 29
375 809 49
375 943 96
376 790 13
377 468 11
378 377 10
378 469 18
379 695 37
379 818 5
379 949 53
380 509 254
380 959 80
381 43 43
381 209 35
381 382 226
382 10 43
382 381 226
382 479 36
383 10 29
383 195 216
383 902 25
384 386 108
384 570 25
384 760 11
385 385 494
385 172 181
386 127 244
386 384 108
386 570 104
386 730 70
387 837 31
388 795 128
388 870 38
388 885 20
389 893 14
390 130 164
390 930 14
390 1027 28
391 394 147
391 420 12
392 32 83
393 395 12
394 17 193
394 117 54
394 391 147
395 393 12
395 1057 22
396 227 38
396 398 262
396 640 69
396 950 53
397 183 70
397 227 38
397 494 135
398 17 65
398 121 160
398 244 41
398 396 262
399 494 70
399 563 83
400 370 156
400 526 67
400 563 47
401 360 149
402 587 56
402 632 67
402 682 13
403 405 72
403 410 103
404 36 13
404 1015 39
404 1020 48
405 295 74
405 403 72
405 410 161
406 526 54
406 1075 133
407 9 38
408 25 60
409 873 33
410 145 36
410 405 161
411 421 21
411 509 28
411 987 127
412 89 24
412 164 150
412 722 46
413 337 69
414 129 89
414 555 7
414 882 85
415 685 50
415 1034 27
415 1047 45
416 417 50
416 418 51
416 685 72
417 416 50
417 1038 65
417 1041 66
418 416 51
418 828 95
418 1046 65
419 36 208
419 424 88
419 824 173
420 391 12
420 800 85
421 411 21
421 681 85
421 1102 16
422 369 24
422 519 30
423 58 38
423 61 130
423 546 5
424 419 88
424 710 11
424 969 119
425 200 32
425 429 136
425 660 127
426 827 72
426 948 51
426 959 81
427 19 60
427 864 17
428 827 76
428 986 87
428 987 43
429 173 46
429 425 136
430 965 57
430 967 54
430 1015 78
431 76 33
431 768 71
431 981 123
431 1016 69
432 433 42
432 768 114
432 989 124
433 432 42
433 1012 24
433 1014 18
434 150 14
434 605 40
435 436 91
435 439 57
435 924 99
436 435 91
436 922 43
436 975 6
437 325 40
437 332 117
438 511 214
438 1102 13
439 435 57
439 440 11
439 723 39
439 965 61
440 439 11
440 856 25
440 1014 256
441 791 39
441 910 15
442 622 82
442 1010 24
442 1014 213
442 1056 28
443 506 145
443 624 38
443 659 12
444 539 10
445 106 159
445 486 23
445 539 52
446 69 136
446 486 26
446 490 26
447 193 132
447 513 40
447 667 22
448 1003 31
449 205 12
449 450 134
450 449 134
450 476 11
451 65 95
451 452 54
452 451 54
453 158 28
453 300 57
453 694 87
454 448 59
454 709 13
455 345 112
455 346 36
455 356 67
455 358 31
456 880 26
456 902 101
456 904 119
457 643 153
457 698 38
458 537 57
458 1062 48
458 1065 41
459 124 52
459 460 201
460 459 201
460 487 52
460 648 19
460 1107 49
461 104 113
461 156 39
461 466 9
462 157 23
462 434 30
463 473 141
464 463 47
464 606 56
465 80 27
465 368 60
465 704 164
466 115 88
466 461 9
466 811 28
467 471 27
467 603 173
468 469 11
468 472 48
469 468 11
469 470 47
470 241 69
470 472 11
471 467 27
471 551 149
472 98 72
472 470 11
473 476 9
473 613 67
474 463 36
475 116 6
475 761 55
476 205 136
476 450 11
476 473 9
476 810 192
477 608 10
477 645 35
478 480 131
478 659 16
478 1029 39
479 209 232
479 382 36
479 504 31
480 478 131
480 1028 45
480 1032 108
481 483 95
481 1032 46
481 1049 18
482 32 122
482 257 34
482 261 125
482 266 30
483 481 95
483 623 61
483 624 100
484 1068 110
484 1103 9
485 137 183
485 668 36
485 1123 23
486 445 23
486 446 26
486 501 159
487 123 201
487 460 52
488 491 100
488 1111 32
488 1115 35
489 496 41
489 861 47
490 446 26
491 488 100
492 584 20
492 1091 194
493 498 59
493 669 55
493 720 67
494 397 135
494 399 70
494 1075 66
495 651 51
495 1106 16
495 1113 11
496 489 41
496 812 38
496 852 20
497 669 30
498 493 59
498 499 70
498 667 35
499 498 70
499 667 102
499 669 56
500 297 57
500 301 28
500 302 14
501 63 37
501 106 23
501 486 159
502 503 37
503 302 34
503 502 37
503 508 4
504 198 24
504 203 114
504 479 31
505 297 20
505 298 16
505 506 25
506 443 145
506 505 25
506 507 8
507 289 58
507 506 8
507 670 15
508 297 103
508 300 38
508 503 4
509 411 28
509 438 20
510 36 45
510 963 43
510 975 99
511 994 109
512 154 101
512 376 608
513 222 26
513 447 40
513 514 90
514 513 90
515 752 38
516 365 30
516 366 55
516 519 126
517 254 29
517 262 31
517 518 164
518 254 184
518 517 164
519 312 26
519 422 30
519 516 126
520 164 97
520 176 62
520 1100 24
521 954 10
521 1081 137
522 120 223
522 525 60
522 643 39
523 99 96
523 176 31
523 1099 29
524 556 7
524 777 30
524 1120 21
525 522 60
525 698 92
525 1099 96
526 400 67
526 406 54
526 527 222
527 357 22
527 365 107
527 526 222
528 529 19
528 543 47
528 752 19
529 528 19
529 530 35
529 543 65
530 233 27
530 529 35
530 552 72
531 233 33
531 532 39
531 552 67
532 531 39
532 533 23
532 545 49
533 532 23
533 534 19
533 545 32
534 533 19
534 545 52
535 48 7
536 119 35
536 707 15
537 458 57
537 692 21
537 694 20
538 101 23
538 535 100
539 444 10
539 445 52
539 542 158
540 215 37
540 716 78
540 988 32
541 322 40
541 544 78
542 106 52
542 119 28
542 539 158
543 528 47
543 529 65
543 576 52
543 752 70
544 324 38
544 546 98
545 532 49
545 533 32
545 534 52
546 423 5
546 547 62
547 246 6
547 256 36
547 548 165
548 257 40
548 794 85
549 572 109
550 947 115
550 1086 57
551 471 149
551 603 32
551 719 148
552 233 42
552 530 72
552 531 67
552 564 33
553 550 49
553 941 148
554 553 30
554 991 109
555 414 7
555 554 75
556 199 159
556 524 7
557 129 7
557 555 85
558 623 68
558 753 16
558 1023 9
559 7 59
559 812 9
559 833 144
560 85 28
560 557 58
560 578 7
561 372 7
561 560 98
561 577 31
562 566 45
562 571 53
563 399 83
563 400 47
563 568 57
564 175 21
564 552 33
564 580 53
564 581 27
565 213 131
565 924 47
565 934 161
566 562 45
567 144 17
568 563 57
568 569 59
569 568 59
570 384 25
570 386 104
570 763 234
571 511 100
571 572 44
572 566 53
572 571 44
573 728 10
574 86 326
574 1040 16
575 212 74
575 217 69
575 825 33
576 543 52
576 579 19
577 85 98
577 561 31
578 372 98
578 560 7
579 576 19
579 580 30
580 175 32
580 564 53
580 579 30
580 595 57
581 175 7
581 564 27
581 595 35
581 938 59
582 152 44
582 325 143
583 492 21
583 584 29
584 773 272
585 938 19
586 583 65
586 589 9
587 402 56
587 590 9
587 829 67
588 590 12
588 680 34
588 682 72
589 172 147
589 586 9
590 587 9
590 588 12
590 708 34
591 589 57
592 591 32
592 954 25
593 100 22
594 160 40
595 175 26
595 580 57
595 581 35
595 814 71
596 194 108
596 720 105
596 1080 136
596 1084 33
597 995 43
597 996 87
597 1078 46
598 73 28
598 850 58
598 999 37
599 34 162
599 950 14
600 574 61
600 867 44
601 793 38
602 603 25
602 777 96
603 467 173
603 551 32
603 602 25
604 601 29
605 1050 36
606 929 14
606 1089 25
607 378 32
607 475 33
608 477 10
608 715 88
608 951 59
609 37 56
609 42 8
609 604 30
610 28 8
610 343 44
610 609 187
611 618 81
611 634 33
611 998 28
612 610 64
612 928 8
612 931 53
613 207 93
614 205 20
614 207 16
615 146 133
615 612 111
616 132 8
616 135 79
616 248 47
617 615 68
617 676 7
618 611 81
618 620 34
618 621 30
619 46 5
620 618 34
620 634 83
620 641 24
620 934 21
621 340 26
621 618 30
621 998 82
621 1008 23
622 340 28
622 442 82
622 629 59
623 268 45
623 483 61
623 558 68
624 289 62
624 443 38
624 483 100
625 626 36
625 699 125
625 1062 5
626 625 36
626 627 95
626 692 61
627 56 45
627 626 95
627 628 120
628 55 76
628 627 120
628 630 64
629 62 42
629 622 59
629 1009 30
630 139 120
630 628 64
630 682 22
631 46 29
631 633 84
631 641 30
632 402 67
632 635 68
632 829 45
633 631 84
633 642 30
633 644 31
634 611 33
634 620 83
634 642 26
635 186 26
635 187 100
635 196 33
635 632 68
636 184 23
636 371 21
636 687 94
637 371 27
637 692 75
637 697 42
638 74 29
638 996 15
638 1078 59
639 1001 50
639 1002 142
639 1007 39
640 17 262
640 396 69
640 643 56
641 620 24
641 631 30
641 642 84
642 633 30
642 634 26
642 641 84
643 457 153
643 522 39
643 640 56
644 46 84
644 633 31
644 856 25
645 646 53
645 647 71
646 645 53
646 648 73
646 651 70
647 487 20
647 648 52
648 460 19
648 646 73
648 647 52
649 57 118
649 652 38
649 653 62
650 666 153
650 994 18
650 995 184
651 495 51
651 646 70
651 979 36
652 649 38
652 656 50
652 701 81
653 56 17
653 649 62
653 654 40
654 653 40
654 656 12
654 714 16
655 77 42
655 1037 65
655 1042 65
656 652 50
656 654 12
656 657 59
657 368 22
657 656 59
657 702 131
658 91 59
658 92 31
658 94 30
659 443 12
659 478 16
659 691 45
660 425 127
660 1072 10
661 158 38
661 251 92
661 373 10
661 697 81
662 663 55
662 666 62
662 681 18
663 662 55
663 666 108
663 681 112
663 716 40
664 251 62
664 674 37
664 786 12
665 180 25
665 373 32
665 687 26
666 650 153
666 662 62
666 663 108
667 447 22
667 498 35
667 499 102
668 485 36
668 766 121
669 493 55
669 497 30
669 499 56
670 12 165
670 298 23
670 507 15
671 298 39
671 301 17
671 678 25
672 1118 84
672 1123 30
673 90 6
673 137 32
673 617 147
674 307 79
674 664 37
674 675 39
675 674 39
675 784 102
675 1059 46
676 805 6
677 304 57
677 307 28
677 679 22
678 671 25
678 679 91
678 1060 27
679 677 22
679 678 91
679 1059 27
680 139 36
680 588 34
680 708 11
681 421 85
681 662 18
681 663 112
682 402 13
682 588 72
682 630 22
683 209 29
683 230 29
683 684 66
684 683 66
685 415 50
685 416 72
685 1035 27
686 185 18
686 187 14
686 193 27
687 182 26
687 636 94
687 665 26
688 82 6
688 690 49
688 1029 18
689 690 32
690 688 49
690 689 32
690 691 63
691 300 89
691 659 45
691 690 63
692 537 21
692 626 61
692 637 75
693 704 40
694 453 87
694 537 20
694 697 84
695 379 37
695 715 39
695 819 92
696 702 104
696 703 65
696 1131 156
697 637 42
697 661 81
697 694 84
698 457 38
698 525 92
698 888 30
699 79 38
699 625 125
699 712 74
700 20 12
700 454 177
701 54 36
701 652 81
701 702 61
702 657 131
702 696 104
702 701 61
703 696 65
703 713 67
703 715 78
704 363 60
704 465 164
704 693 40
705 573 325
706 608 137
706 713 92
707 131 67
707 462 41
708 149 8
708 590 34
708 680 11
709 151 40
709 167 51
710 139 203
710 424 11
710 711 100
711 54 49
711 60 38
711 710 100
711 820 51
712 80 33
712 699 74
712 714 53
713 363 90
713 703 67
713 706 92
714 56 40
714 654 16
714 712 53
715 608 88
715 695 39
715 703 78
716 210 39
716 540 78
716 663 40
717 47 162
717 1012 27
717 1019 56
718 856 34
719 160 155
719 551 148
720 153 22
720 493 67
720 596 105
721 1080 32
722 181 98
722 191 62
722 412 46
723 439 39
724 318 107
724 789 35
725 114 44
725 726 22
725 1121 128
726 156 61
726 725 22
726 727 32
727 726 32
727 1077 27
728 730 38
728 760 190
729 92 30
729 94 28
729 853 58
730 386 70
730 728 38
730 735 261
731 734 73
731 808 151
732 165 34
733 311 9
733 313 31
734 736 92
734 776 77
735 23 79
735 337 8
735 730 261
736 734 92
736 739 41
737 313 5
737 740 36
738 740 57
739 323 23
739 736 41
739 778 18
740 737 36
740 738 57
740 743 27
741 743 45
742 746 39
743 18 12
743 740 27
743 741 45
744 275 16
744 280 17
744 759 48
745 747 42
746 323 32
746 742 39
746 747 32
746 781 37
747 745 42
747 746 32
747 748 41
747 783 56
748 18 63
748 321 17
748 747 41
749 113 146
749 236 116
749 838 90
750 915 69
751 414 214
751 1086 5
752 515 38
752 528 19
752 543 70
753 268 54
753 558 16
753 756 48
754 756 21
755 573 77
756 269 51
756 753 48
756 754 21
756 764 55
757 755 71
758 260 49
758 272 73
759 273 21
759 290 97
759 744 48
760 2 120
760 384 11
761 110 6
761 276 101
761 758 83
762 769 58
762 855 5
762 872 380
763 201 90
763 570 234
763 1083 120
764 756 55
765 772 18
765 905 132
766 114 8
766 673 68
767 768 149
767 983 69
767 989 79
768 431 71
768 432 114
768 767 149
769 334 127
769 771 42
770 31 89
770 792 31
770 875 51
770 898 49
771 326 116
771 724 30
772 898 124
773 524 40
773 777 48
774 925 147
775 1013 19
775 1085 228
776 778 116
776 780 20
777 524 30
777 602 96
777 1120 39
778 323 15
778 739 18
778 776 116
778 779 13
779 778 13
779 780 124
779 781 18
780 779 124
780 782 22
781 746 37
781 779 18
781 782 134
781 783 14
782 781 134
782 787 17
783 747 56
783 781 14
783 787 141
783 788 172
784 12 22
784 675 102
784 1060 90
785 47 55
785 790 39
785 1019 161
785 1022 18
786 219 88
786 220 19
786 664 12
787 783 141
787 788 21
788 783 172
789 322 97
789 806 52
790 376 13
790 512 617
790 785 39
791 810 34
791 936 34
792 770 31
793 389 29
793 936 7
794 234 56
794 392 43
795 39 25
795 388 128
796 801 83
796 802 65
796 866 51
797 897 69
797 901 51
798 346 129
798 355 40
798 799 53
799 348 12
799 352 133
799 354 125
799 798 53
800 111 248
800 395 34
801 104 116
801 143 30
801 796 83
801 802 139
802 796 65
802 801 139
803 772 23
803 900 122
804 374 130
804 375 29
804 809 61
805 112 6
805 816 110
806 541 72
806 751 7
807 808 38
808 733 83
808 807 38
809 330 151
809 375 49
809 804 61
810 474 14
810 476 192
811 466 28
811 863 19
812 489 15
812 496 38
812 559 9
813 112 213
813 817 137
814 595 71
815 22 31
815 104 32
815 817 53
816 762 171
817 107 31
817 813 137
817 815 53
818 379 5
818 819 51
818 820 98
819 54 149
819 695 92
819 818 51
820 711 51
820 818 98
821 822 32
821 1126 39
822 821 32
822 823 28
823 822 28
823 830 66
824 419 173
824 826 81
824 940 23
825 149 103
825 575 33
825 1084 76
826 824 81
826 948 97
826 969 24
827 426 72
827 428 76
827 940 136
828 418 95
828 961 147
828 1047 25
829 212 37
829 587 67
829 632 45
830 823 66
830 835 16
831 239 73
831 832 20
831 838 87
832 831 20
832 834 43
832 836 86
832 845 69
833 166 99
834 832 43
835 830 16
835 840 97
836 832 86
836 838 21
836 842 60
836 844 66
837 387 31
837 840 39
838 749 90
838 831 87
838 836 21
839 86 12
840 835 97
840 837 39
840 854 144
841 89 144
841 181 26
841 878 22
842 836 60
843 847 20
844 165 99
844 836 66
844 845 86
845 162 99
845 832 69
845 844 86
846 848 28
847 843 20
847 848 31
847 851 69
848 846 28
848 847 31
848 851 39
849 150 234
849 1101 81
850 74 31
850 140 29
850 598 58
851 847 69
851 848 39
851 857 78
852 496 20
852 854 30
852 861 123
853 93 87
853 729 58
853 1024 56
854 840 144
854 852 30
854 857 108
855 762 5
855 813 69
856 440 25
856 644 25
856 718 34
857 851 78
857 854 108
857 858 12
858 8 68
858 857 12
858 860 58
859 364 29
859 374 49
860 858 58
860 862 52
860 869 69
861 797 134
861 852 123
862 31 73
862 860 52
862 875 74
863 811 19
863 866 31
864 20 133
864 427 17
864 935 53
864 1093 31
865 984 37
866 796 51
866 863 31
867 600 44
868 21 9
868 420 81
869 8 65
869 860 69
869 875 56
870 388 38
870 885 59
871 164 62
871 876 152
871 877 190
871 889 26
872 242 79
872 335 135
872 762 380
873 409 33
873 887 154
873 889 19
874 881 30
874 884 144
874 968 22
875 770 51
875 862 74
875 869 56
876 871 152
876 879 17
876 971 10
877 871 190
877 888 62
877 890 25
878 841 22
878 879 144
878 968 27
879 89 22
879 876 17
879 878 144
880 8 56
880 456 26
880 765 40
881 59 30
881 874 30
881 883 165
882 414 85
882 883 11
882 886 120
883 881 165
883 882 11
883 887 39
884 874 144
884 887 10
884 971 23
885 388 20
885 870 59
885 893 160
885 895 17
886 882 120
887 873 154
887 883 39
887 884 10
888 698 30
888 877 62
888 1100 71
889 243 92
889 871 26
889 873 19
890 243 96
890 877 25
891 359 64
891 361 13
891 892 55
892 355 64
892 356 67
892 891 55
893 885 160
893 896 19
894 895 35
895 885 17
895 894 35
895 896 160
895 916 47
896 441 11
896 895 160
897 797 69
897 899 29
897 903 9
898 171 121
898 770 49
898 900 27
899 897 29
900 898 27
900 906 113
901 10 122
901 556 51
901 1127 8
902 383 25
902 456 101
902 904 34
903 897 9
904 456 119
904 902 34
904 905 32
905 765 132
905 904 32
905 911 146
906 803 212
906 900 113
906 911 25
907 171 37
907 908 19
907 909 56
908 907 19
908 911 64
908 912 55
909 907 56
910 441 15
910 919 127
910 923 24
911 195 24
911 905 146
911 906 25
911 908 64
912 908 55
913 105 22
913 914 48
913 915 38
914 913 48
915 108 55
915 750 69
915 913 38
916 895 47
916 919 61
916 930 22
917 45 36
917 169 27
917 918 225
918 169 78
918 218 60
918 917 225
918 921 59
919 910 127
919 916 61
919 923 103
920 327 31
920 334 73
920 335 102
921 918 59
922 436 43
922 924 89
922 982 31
922 986 82
923 910 24
923 919 103
923 933 21
924 435 99
924 565 47
924 922 89
925 774 147
925 947 40
925 1063 111
926 316 86
926 806 6
927 27 45
927 109 127
927 1124 75
928 612 8
928 676 181
929 601 7
929 1089 20
930 390 14
930 916 22
930 933 164
931 109 33
931 343 59
931 612 53
932 105 62
933 130 17
933 923 21
933 930 164
934 565 161
934 620 21
934 1008 63
935 864 53
936 474 36
936 929 37
937 317 21
937 1093 26
938 581 59
938 585 19
939 313 82
939 314 30
940 824 23
940 827 136
940 974 91
941 49 31
941 553 148
942 128 21
942 943 204
943 375 96
943 942 204
944 1074 62
945 288 91
945 316 12
945 1074 28
946 380 57
946 955 58
947 550 115
947 925 40
948 95 151
948 426 51
948 826 97
948 956 49
949 95 9
949 379 53
949 957 49
950 53 262
950 396 53
950 599 14
951 946 160
951 953 63
952 33 17
952 244 30
953 951 63
953 955 160
953 957 52
954 492 9
954 591 25
955 946 58
955 953 160
955 958 22
956 948 49
956 957 159
956 958 31
957 949 49
957 953 52
957 956 159
958 955 22
958 956 31
958 959 49
959 380 80
959 426 81
959 958 49
960 1002 71
961 828 147
962 257 59
963 510 43
963 965 82
963 1015 56
964 988 87
965 430 57
965 439 61
965 963 82
966 75 29
966 967 73
966 1015 51
967 76 32
967 430 54
967 966 73
968 874 22
968 878 27
968 971 144
969 95 176
969 424 119
969 826 24
970 1018 106
971 876 10
971 884 23
971 968 144
972 977 31
973 1016 67
974 940 91
974 977 52
974 982 30
975 436 6
975 510 99
975 980 32
976 983 55
977 972 31
977 974 52
977 980 29
978 981 45
979 651 36
980 975 32
980 977 29
980 982 51
981 431 123
981 978 45
981 983 48
982 922 31
982 974 30
982 980 51
983 767 69
983 976 55
983 981 48
984 600 37
984 865 37
985 1105 308
986 428 87
986 922 82
986 987 86
987 411 127
987 428 43
987 986 86
987 988 25
988 540 32
988 964 87
988 987 25
989 47 41
989 432 124
989 767 79
990 49 51
990 991 94
991 554 109
991 990 94
991 992 24
992 991 24
992 993 29
993 85 25
993 992 29
994 650 18
994 849 50
995 208 26
995 597 43
995 650 184
996 597 87
996 638 15
996 997 39
997 996 39
998 611 28
998 621 82
998 1056 28
999 68 28
999 72 38
999 140 69
999 598 37
1000 65 21
1000 68 34
1000 1004 115
1000 1070 86
1001 155 136
1001 639 50
1001 1005 10
1001 1013 164
1002 155 54
1002 639 142
1002 960 71
1002 1004 32
1003 155 8
1003 1005 134
1004 66 30
1004 138 78
1004 1000 115
1004 1002 32
1005 15 121
1005 1001 10
1006 66 69
1007 138 68
1007 639 39
1007 1009 18
1008 71 27
1008 140 76
1008 621 23
1008 934 63
1009 629 30
1009 1007 18
1009 1071 68
1010 62 54
1010 442 24
1010 1011 17
1011 1010 17
1011 1012 225
1011 1013 83
1012 433 24
1012 717 27
1012 1011 225
1013 775 19
1013 1001 164
1013 1011 83
1013 1019 227
1014 433 18
1014 440 256
1014 442 213
1015 404 39
1015 430 78
1015 963 56
1015 966 51
1016 75 39
1016 431 69
1016 973 67
1016 1018 41
1017 1018 68
1018 970 106
1018 1016 41
1018 1017 68
1018 1020 72
1019 717 56
1019 785 161
1019 1013 227
1019 1085 20
1020 404 48
1020 1018 72
1020 1021 57
1021 1020 57
1022 96 156
1022 785 18
1023 248 31
1023 558 9
1023 1026 77
1024 238 38
1024 240 95
1024 853 56
1025 238 28
1025 1044 117
1025 1091 7
1026 240 39
1026 1023 77
1026 1049 113
1027 390 28
1027 1036 164
1027 1053 27
1028 84 36
1028 480 45
1028 1029 128
1029 478 39
1029 688 18
1029 1028 128
1030 81 26
1030 84 28
1030 1034 25
1031 1032 63
1031 1047 58
1031 1052 126
1032 480 108
1032 481 46
1032 1031 63
1033 79 29
1033 81 39
1033 1037 54
1034 415 27
1034 1030 25
1034 1035 52
1035 685 27
1035 1034 52
1035 1038 28
1036 130 26
1036 1027 164
1036 1055 25
1037 655 65
1037 1033 54
1037 1038 63
1038 417 65
1038 1035 28
1038 1037 63
1039 406 33
1039 1040 12
1040 582 15
1040 839 334
1040 1039 12
1041 417 66
1041 1042 67
1041 1043 55
1042 88 151
1042 655 65
1042 1041 67
1043 88 27
1043 1041 55
1043 1046 45
1044 521 67
1044 1054 104
1045 88 36
1045 1103 150
1046 418 65
1046 1043 45
1046 1048 57
1047 415 45
1047 828 25
1047 1031 58
1048 1046 57
1048 1052 59
1048 1082 64
1049 250 38
1049 481 18
1049 1026 113
1050 16 136
1051 91 9
1051 94 24
1051 1058 127
1052 91 50
1052 1031 126
1052 1048 59
1053 1027 27
1053 1055 164
1053 1064 23
1054 92 32
1054 1044 104
1054 1082 47
1055 1036 25
1055 1053 164
1055 1066 23
1056 340 83
1056 442 28
1056 998 28
1057 111 189
1057 392 10
1058 93 29
1058 250 21
1058 1051 127
1059 675 46
1059 679 27
1059 1060 90
1060 678 27
1060 784 90
1060 1059 90
1061 1 21
1061 14 22
1062 82 37
1062 458 48
1062 625 5
1063 287 80
1063 925 111
1063 1074 48
1064 1053 23
1064 1066 165
1065 458 41
1066 233 33
1066 1055 23
1066 1064 165
1067 12 4
1067 403 64
1068 592 319
1069 342 66
1069 347 53
1069 350 242
1070 70 26
1070 138 105
1070 1000 86
1070 1071 71
1071 71 30
1071 1009 68
1071 1070 71
1072 223 83
1072 521 129
1073 1077 62
1074 944 62
1074 945 28
1074 1063 48
1075 183 142
1075 494 66
1076 3 10
1076 984 77
1077 727 27
1077 1073 62
1078 73 29
1078 597 46
1078 638 59
1079 50 18
1079 52 80
1079 349 151
1080 153 22
1080 596 136
1080 721 32
1081 87 32
1081 1045 169
1082 87 32
1082 1048 64
1082 1054 47
1083 24 306
1083 50 54
1083 763 120
1084 217 32
1084 596 33
1084 825 76
1085 1019 20
1085 1022 161
1086 926 6
1087 1104 172
1088 1087 65
1089 42 39
1090 573 180
1091 113 137
1091 1025 7
1092 354 18
1092 464 113
1093 315 6
1093 864 31
1093 937 26
1094 41 36
1094 1096 61
1094 1097 29
1095 1096 30
1096 1094 61
1096 1095 30
1096 1097 92
1097 310 8
1097 1094 29
1097 1096 92
1098 985 394
1098 1090 352
1099 523 29
1099 525 96
1099 1100 94
1100 520 24
1100 888 71
1100 1099 94
1101 849 81
1102 421 16
1102 438 13
1102 562 58
1103 122 7
1104 145 15
1104 286 258
1105 11 128
1105 1112 126
1106 495 16
1107 460 49
1107 1108 84
1107 1111 30
1108 1107 84
1108 1109 104
1108 1117 40
1109 5 41
1109 1108 104
1109 1110 105
1110 142 43
1110 1109 105
1110 1111 98
1111 488 32
1111 1107 30
1111 1110 98
1112 367 35
1113 495 11
1113 1114 192
1113 1115 55
1114 142 75
1114 1113 192
1114 1115 142
1115 488 35
1115 1113 55
1115 1114 142
1116 5 40
1116 125 33
1116 1117 142
1117 124 76
1117 1108 40
1117 1116 142
1118 179 59
1118 672 84
1119 77 91
1119 363 34
1119 1131 27
1120 1127 32
1121 725 128
1121 1122 40
1122 1121 40
1123 485 23
1123 672 30
1123 1124 35
1124 146 142
1124 927 75
1124 1123 35
1125 274 76
1125 276 38
1125 283 42
1126 821 39
1126 1129 153
1127 559 248
1127 901 8
1128 1 168
1128 1130 31
1129 1126 153
1129 1130 19
1130 1 127
1130 1129 19
1131 368 105
1131 696 156
1131 1119 27
1
9
23
27
38
39
49
58
59
61
66
71
75
83
87
99
118
124
138
145
174
181
184
199
205
211
216
217
219
223
230
243
268
284
295
296
298
307
311
314
322
335
349
352
353
359
367
382
400
420
431
434
442
443
450
455
463
476
479
480
486
499
508
510
523
528
537
539
541
546
550
558
561
568
580
602
604
613
616
622
639
641
664
679
687
692
699
702
728
735
736
743
754
766
772
774
781
783
784
790
792
797
825
835
836
852
853
860
862
870
881
890
897
905
912
914
915
930
941
958
983
994
1010
1017
1020
1032
1033
1036
1041
1069
1073
1087
1091
1097
1100
1118
1119
1128
