432 1224 4 392 5
1 71 64
1 133 29
1 197 162
2 23 121
2 61 98
2 250 24
3 22 148
3 208 25
3 243 31
3 248 27
4 65 129
4 214 24
4 269 23
5 84 216
6 23 134
6 27 83
6 315 16
7 28 160
7 67 71
7 244 28
8 26 26
8 256 27
8 403 52
9 280 7
10 16 34
11 16 63
11 31 89
12 173 218
12 241 18
12 242 23
13 290 130
13 295 24
13 303 27
14 35 107
14 103 75
14 133 26
14 137 55
15 174 28
15 293 83
15 389 29
16 17 39
16 31 44
17 18 35
17 24 63
18 10 43
19 204 57
19 270 27
19 274 31
20 300 33
20 304 23
20 309 141
21 38 89
21 276 35
21 286 25
22 3 148
22 258 33
22 260 31
23 2 121
23 6 134
23 305 32
24 236 136
25 167 28
25 183 319
25 196 70
25 323 19
26 8 26
26 283 161
26 389 27
27 6 83
27 52 31
27 87 74
27 327 28
28 7 160
28 231 263
28 243 24
29 286 32
29 291 32
29 297 89
29 381 99
30 41 5
30 233 69
30 371 25
31 50 18
32 33 248
32 258 23
32 262 33
33 32 248
33 291 24
33 296 33
33 305 23
34 139 51
34 239 237
34 422 28
35 14 107
35 51 44
35 103 126
36 369 22
37 181 110
37 348 28
37 354 25
38 21 89
38 271 32
38 274 26
38 279 25
39 40 94
39 362 25
39 363 29
39 412 142
40 39 94
40 96 27
40 159 4
41 30 5
41 307 19
42 43 139
42 125 28
42 132 22
43 42 139
43 87 30
43 117 29
44 82 138
44 117 28
45 82 102
45 426 29
46 87 30
46 327 80
46 431 24
47 48 161
47 156 36
47 216 22
48 47 161
48 49 28
48 357 28
49 48 28
49 217 119
49 351 29
50 57 293
51 35 44
51 340 4
51 358 174
52 27 31
52 61 23
53 80 26
53 148 94
53 151 28
53 227 34
54 77 24
54 79 29
54 92 63
55 194 160
55 323 13
56 335 27
56 344 32
56 345 78
57 55 364
58 171 19
59 235 11
60 70 59
60 74 44
61 2 98
61 52 23
62 345 83
62 346 27
62 355 32
63 11 140
63 67 13
64 169 39
64 180 105
64 333 57
64 405 55
65 4 129
65 213 23
65 244 28
66 108 137
66 166 30
66 170 24
66 361 89
67 7 71
67 63 13
67 241 97
67 310 441
68 80 94
68 148 27
68 364 33
69 229 23
69 267 6
70 75 5
70 199 5
71 1 64
71 141 42
71 215 19
72 81 53
72 225 106
72 249 39
73 86 33
73 92 62
73 235 19
74 60 44
74 225 8
75 81 96
75 199 7
76 93 20
77 54 24
77 105 34
77 118 51
78 209 83
78 376 17
78 415 27
79 54 29
79 111 34
79 132 74
80 53 26
80 68 94
80 360 35
81 60 41
81 72 53
82 44 138
82 45 102
82 125 27
83 145 20
83 200 66
83 421 23
84 63 23
85 221 72
85 292 31
86 73 33
86 122 35
86 249 22
87 27 74
87 43 30
87 46 30
88 92 33
88 132 6
88 150 7
89 366 86
89 420 34
89 422 27
90 289 32
90 401 145
91 93 13
91 426 7
92 54 63
92 73 62
92 88 33
92 118 23
93 76 20
93 91 13
94 95 70
94 129 30
94 428 45
95 94 70
95 130 32
95 380 24
96 40 27
96 228 26
96 360 26
96 363 94
97 186 39
97 221 56
98 99 182
98 188 29
98 399 5
99 98 182
99 377 26
99 378 23
100 149 26
100 152 10
100 191 31
101 102 111
101 379 27
101 383 30
102 101 111
102 189 30
102 377 28
103 14 75
103 35 126
103 136 55
103 358 28
104 313 74
104 401 56
105 77 34
105 111 71
106 186 120
106 280 48
107 72 157
107 402 26
108 66 137
108 164 29
109 189 25
110 116 46
110 238 143
110 367 116
111 79 34
111 144 20
112 212 30
112 313 11
113 114 171
113 119 29
113 155 61
114 113 171
114 120 29
114 367 57
115 122 19
115 179 112
115 327 29
115 431 88
116 110 46
116 171 375
116 391 7
117 43 29
117 44 28
117 125 138
118 92 23
118 235 53
119 113 29
119 120 172
119 156 26
120 114 29
120 119 172
120 424 26
121 124 88
121 211 97
121 428 25
122 86 35
122 115 19
122 150 110
123 210 107
123 397 15
123 399 27
123 430 29
124 121 88
124 210 56
124 429 26
125 42 28
125 82 27
125 117 138
125 144 102
126 184 59
126 372 33
127 128 60
127 129 35
127 429 23
128 127 60
128 130 35
128 430 24
129 94 30
129 127 35
129 130 65
130 95 32
130 128 35
130 129 65
131 133 129
131 393 24
131 394 35
132 42 22
132 79 74
132 88 6
133 1 29
133 14 26
133 131 129
133 138 239
134 135 103
134 136 30
134 354 29
135 134 103
135 137 49
135 393 22
136 103 55
136 134 30
136 137 91
137 14 55
137 135 49
137 136 91
138 133 239
138 143 52
138 240 46
139 34 51
139 140 185
139 374 21
140 139 185
140 197 43
140 240 72
141 71 42
141 142 171
141 145 41
142 141 171
142 146 37
142 197 40
143 138 52
143 340 40
143 349 26
144 45 26
144 125 102
145 83 20
145 141 41
145 146 117
146 142 37
146 145 117
146 200 78
147 107 118
147 199 51
147 254 56
148 53 94
148 68 27
148 415 29
148 421 34
149 100 26
149 151 90
149 254 28
150 88 7
150 122 110
150 431 76
151 53 28
151 149 90
151 359 26
152 100 10
152 158 27
152 190 29
153 154 138
153 349 186
153 358 23
154 153 138
154 342 29
154 348 23
155 113 61
155 238 114
155 367 168
156 47 36
156 119 26
156 357 148
157 181 27
157 354 111
157 393 4
158 152 27
158 159 75
158 160 29
159 40 4
159 158 75
159 161 27
160 158 29
160 161 78
160 218 54
160 414 27
161 159 27
161 160 78
161 413 30
162 166 28
162 192 23
162 413 24
163 192 108
163 193 55
163 247 30
164 166 150
164 247 23
165 217 111
165 424 59
165 425 63
166 66 30
166 162 28
166 164 150
167 25 28
167 198 70
167 322 28
167 329 95
168 108 27
168 170 125
169 64 39
169 328 28
169 330 32
169 343 154
170 66 24
170 168 125
170 408 88
170 432 23
171 58 19
171 116 375
171 219 28
171 425 52
172 173 21
172 264 24
172 388 6
173 12 218
173 172 21
173 178 24
173 183 174
174 15 28
174 175 86
174 176 54
175 174 86
175 177 53
175 293 23
176 174 54
176 177 91
176 284 21
177 175 53
177 176 91
177 278 26
178 173 24
178 182 175
178 241 244
179 115 112
179 326 82
179 406 75
180 64 105
180 341 51
180 342 29
181 37 110
181 157 27
181 353 30
182 178 175
182 183 25
182 323 317
183 25 319
183 173 174
183 182 25
183 285 27
184 126 59
184 212 117
184 237 26
185 187 20
185 195 85
185 352 173
186 97 39
186 106 120
187 185 20
187 196 85
187 334 28
187 395 162
188 98 29
188 377 182
189 102 30
189 109 25
190 152 29
190 191 34
190 228 23
191 100 31
191 190 34
191 227 46
192 162 23
192 163 108
192 193 73
193 163 55
193 192 73
193 414 22
194 220 178
195 185 85
195 196 19
195 323 72
196 25 70
196 187 85
196 195 19
196 198 28
197 1 162
197 140 43
197 142 40
198 167 70
198 196 28
198 334 83
199 70 5
199 75 7
199 147 51
200 83 66
200 146 78
200 374 6
201 203 73
201 206 93
201 260 23
202 204 72
202 248 26
202 253 32
203 201 73
203 205 93
203 276 25
204 19 57
204 202 72
204 266 30
205 203 93
205 206 72
205 266 23
205 271 26
206 201 93
206 205 72
206 253 22
207 210 138
207 237 26
208 3 25
208 270 180
208 385 28
209 78 83
209 416 28
209 417 26
210 123 107
210 124 56
210 207 138
211 121 97
211 427 26
212 9 5
212 184 117
212 280 6
213 65 23
213 214 143
213 245 24
214 4 24
214 213 143
214 384 20
215 71 19
215 359 30
215 421 121
216 47 22
216 217 55
216 424 113
217 49 119
217 165 111
217 216 55
218 147 73
218 160 54
219 171 28
219 352 13
220 58 37
220 219 20
221 85 72
221 97 56
222 267 52
223 74 8
223 218 84
224 229 64
224 423 20
225 105 19
225 223 7
226 365 33
226 373 26
227 53 34
227 191 46
227 228 65
228 96 26
228 190 23
228 227 65
229 69 23
229 224 64
230 5 209
230 310 10
231 28 263
231 259 23
231 310 52
232 233 249
232 259 26
232 262 26
233 30 69
233 232 249
233 296 33
234 222 18
234 251 46
235 59 11
235 73 19
235 249 30
236 400 16
237 184 26
237 207 26
238 110 143
238 155 114
238 239 48
239 34 237
239 238 48
239 240 3
240 138 46
240 140 72
240 239 3
241 12 18
241 67 97
241 178 244
242 12 23
242 252 141
242 261 123
243 3 31
243 28 24
243 244 154
243 259 263
244 7 28
244 65 28
244 243 154
245 213 24
245 255 94
245 385 42
246 251 41
246 400 178
247 163 30
247 223 55
248 3 27
248 202 26
248 260 148
249 72 39
249 86 22
250 2 24
250 307 9
251 234 46
251 246 41
252 242 141
252 261 101
252 388 43
253 202 32
253 206 22
253 266 72
254 147 56
254 149 28
254 394 65
255 245 94
255 384 63
255 385 109
256 8 27
256 257 90
256 382 31
257 256 90
257 299 28
257 381 33
258 22 33
258 32 23
258 291 247
259 231 23
259 232 26
259 243 263
260 22 31
260 201 23
260 248 148
261 242 123
261 252 101
261 386 49
262 32 33
262 232 26
262 296 248
263 265 151
263 324 31
263 328 26
264 172 24
264 268 29
264 272 112
265 263 151
265 319 29
265 322 28
266 204 30
266 205 23
266 253 72
266 274 57
267 69 6
267 222 52
268 264 29
268 273 33
268 275 113
269 4 23
269 279 153
269 298 29
270 19 27
270 208 180
270 384 26
271 38 32
271 205 26
271 276 91
272 264 112
272 275 29
272 386 34
273 268 33
273 277 28
273 282 115
274 19 31
274 38 26
274 266 57
275 268 113
275 272 29
275 282 29
276 21 35
276 203 25
276 271 91
277 273 28
277 281 24
277 287 119
278 177 26
278 284 94
278 298 30
279 38 25
279 269 153
279 286 89
279 297 32
280 106 48
280 212 6
280 313 36
281 277 24
281 285 34
281 288 122
282 273 115
282 275 29
282 287 33
283 26 161
283 297 29
283 390 24
284 176 21
284 278 94
284 390 28
285 183 27
285 281 34
285 290 24
285 295 127
286 21 25
286 29 32
286 279 89
287 277 119
287 282 33
287 288 22
288 281 122
288 287 22
288 295 38
289 90 32
289 292 80
289 423 389
290 13 130
290 285 24
290 294 28
291 29 32
291 33 24
291 258 247
291 317 174
292 85 31
293 15 83
293 175 23
293 301 31
294 290 28
294 300 27
294 303 132
295 13 24
295 285 127
295 288 38
296 33 33
296 233 33
296 262 248
297 29 89
297 279 32
297 283 29
297 382 101
298 269 29
298 278 30
298 390 97
299 257 28
299 316 13
299 406 18
300 20 33
300 294 27
300 306 137
301 293 31
301 302 29
301 389 80
302 301 29
302 314 185
302 321 162
303 13 27
303 294 132
303 306 27
304 20 23
304 308 37
304 312 142
305 23 32
305 33 23
305 307 130
306 300 137
306 303 27
306 309 31
307 41 19
307 250 9
307 305 130
308 304 37
308 311 25
308 320 145
309 20 141
309 306 31
309 312 25
310 67 441
310 230 10
310 231 52
311 308 25
311 318 148
311 319 31
312 304 142
312 309 25
312 320 33
313 104 74
313 112 11
314 302 185
314 403 34
314 407 106
315 6 16
315 317 20
315 327 127
316 299 13
316 326 138
316 403 23
317 291 174
317 315 20
317 406 13
318 311 148
318 320 28
318 324 28
319 265 29
319 311 31
319 324 149
320 308 145
320 312 33
320 318 28
321 302 162
321 325 33
321 331 176
322 167 28
322 265 28
322 328 153
323 25 19
323 55 13
323 182 317
323 195 72
324 263 31
324 318 28
324 319 149
325 321 33
325 332 174
325 405 31
326 179 82
326 316 138
326 407 25
327 27 28
327 46 80
327 115 29
327 315 127
328 169 28
328 263 26
328 322 153
329 167 95
329 330 28
329 337 154
330 169 32
330 329 28
330 338 155
331 321 176
331 332 26
331 407 59
332 325 174
332 331 26
332 404 27
333 64 57
333 341 104
333 402 112
334 187 28
334 198 83
334 335 25
334 336 79
335 56 27
335 334 25
335 339 79
336 334 79
336 337 20
336 339 24
337 329 154
337 336 20
337 338 27
338 330 155
338 337 27
338 343 32
339 335 79
339 336 24
339 345 27
339 346 81
340 51 4
340 143 40
340 349 29
341 180 51
341 333 104
341 353 136
342 154 29
342 180 29
342 353 165
343 169 154
343 338 32
343 346 24
344 56 32
344 347 22
344 350 76
345 56 78
345 62 83
345 339 27
345 350 32
346 62 27
346 339 81
346 343 24
347 344 22
347 351 75
347 356 66
348 37 28
348 154 23
348 358 138
349 143 26
349 153 186
349 340 29
350 344 76
350 345 32
350 351 22
350 355 85
351 49 29
351 347 75
351 350 22
352 185 173
352 219 13
352 356 52
353 181 30
353 341 136
353 342 165
354 37 25
354 134 29
354 157 111
355 62 32
355 350 85
355 357 23
356 347 66
356 352 52
356 425 38
357 48 28
357 156 148
357 355 23
358 51 174
358 103 28
358 153 23
358 348 138
359 151 26
359 215 30
359 394 14
360 80 35
360 96 26
360 364 93
361 66 89
361 408 25
361 409 29
362 39 25
362 373 81
362 411 30
363 39 29
363 96 94
363 364 24
363 416 27
364 68 33
364 360 93
364 363 24
365 226 33
365 412 30
366 89 86
366 412 24
366 419 34
367 110 116
367 114 57
367 155 168
368 369 32
368 370 30
369 36 22
369 368 32
370 368 30
370 371 27
371 30 25
371 370 27
372 126 33
373 226 26
373 362 81
373 410 27
374 139 21
374 200 6
374 375 26
375 374 26
375 376 30
375 421 76
375 422 69
376 78 17
376 375 30
376 418 9
377 99 26
377 102 28
377 188 182
378 99 23
378 379 62
378 380 37
379 101 27
379 378 62
379 380 96
380 95 24
380 378 37
380 379 96
381 29 99
381 257 33
381 382 90
382 256 31
382 297 101
382 381 90
383 101 30
383 427 32
384 214 20
384 255 63
384 270 26
385 208 28
385 245 42
385 255 109
386 261 49
386 272 34
386 388 109
387 391 34
387 397 8
388 172 6
388 252 43
388 386 109
389 15 29
389 26 27
389 301 80
390 283 24
390 284 28
390 298 97
391 116 7
391 387 33
392 396 5
393 131 24
393 135 22
393 157 4
394 131 35
394 254 65
394 359 14
395 187 162
396 398 32
397 123 15
397 387 8
397 392 27
398 188 14
399 98 5
399 123 27
399 392 19
400 236 16
400 246 178
401 90 145
401 104 56
402 107 26
402 333 112
402 404 63
403 8 52
403 314 34
403 316 23
404 332 27
404 402 63
404 405 172
405 64 55
405 325 31
405 404 172
406 179 75
406 299 18
406 317 13
407 314 106
407 326 25
407 331 59
408 170 88
408 361 25
409 361 29
409 411 61
410 373 27
410 411 81
411 362 30
411 409 61
411 410 81
412 39 142
412 365 30
412 366 24
413 161 30
413 162 24
413 414 86
414 160 27
414 193 22
414 413 86
415 78 27
415 148 29
415 416 83
416 209 28
416 363 27
416 415 83
417 209 26
417 418 83
417 419 25
418 376 9
418 417 83
418 420 26
419 366 34
419 417 25
419 420 84
420 89 34
420 418 26
420 419 84
421 83 23
421 148 34
421 215 121
421 375 76
422 34 28
422 89 27
422 375 69
423 224 20
423 289 389
424 120 26
424 165 59
424 216 113
425 165 63
425 171 52
425 356 38
426 91 7
426 168 29
427 211 26
427 383 32
427 428 98
428 94 45
428 121 25
428 427 98
428 429 88
429 124 26
429 127 23
429 428 88
429 430 109
430 123 29
430 128 24
430 429 109
431 46 24
431 115 88
431 150 76
432 170 23
3 21 76 208 274 318 398 413 420
27 85 90 100 249 259 292 341 401
28 61 121 148 189 267 303 357 428
70 107 114 159 187 221 270 276 353
72 86 146 218 291 296 335 388 422
