128 250 9 68 2
1 87 1
1 124 1
2 109 1
3 33 1
4 17 1
4 113 1
4 114 1
5 59 1
5 69 1
5 76 1
6 35 1
7 8 1
8 47 1
9 3 1
10 6 1
10 46 1
11 49 1
11 125 1
12 38 1
13 7 1
13 79 1
13 103 1
14 40 1
14 115 1
15 63 1
15 117 1
16 49 1
16 125 1
17 4 1
17 112 1
18 43 1
18 71 1
19 18 1
19 71 1
20 21 1
20 107 1
21 59 1
21 107 1
22 20 1
23 24 1
23 39 1
24 23 1
24 39 1
25 28 1
26 81 1
26 88 1
27 42 1
27 128 1
28 96 1
28 106 1
29 44 1
29 80 1
30 79 1
31 42 1
31 128 1
32 31 1
33 10 1
33 35 1
34 99 1
35 9 1
36 83 1
36 89 1
37 36 1
37 122 1
38 37 1
38 80 1
39 23 1
39 24 1
39 56 1
40 14 1
40 27 1
41 125 1
42 84 1
43 18 1
43 53 1
43 64 1
44 73 1
45 25 1
46 13 1
47 51 1
47 127 1
48 52 1
48 77 1
49 102 1
50 45 1
51 118 1
52 16 1
52 19 1
53 11 1
54 50 1
54 56 1
55 57 1
55 60 1
55 62 1
56 39 1
56 50 1
57 55 1
57 58 1
57 65 1
58 57 1
58 59 1
58 66 1
59 5 1
59 21 1
59 58 1
60 55 1
60 62 1
60 63 1
61 72 1
62 55 1
62 60 1
62 65 1
63 15 1
63 60 1
63 67 1
64 43 1
64 87 1
64 106 1
65 57 1
65 62 1
65 66 1
66 58 1
66 65 1
66 68 1
67 63 1
67 68 1
67 117 1
68 66 1
68 67 1
68 69 1
69 5 1
69 68 1
69 117 1
70 99 1
71 48 1
72 12 1
72 61 1
72 74 1
72 123 1
73 85 1
73 99 1
74 12 1
74 73 1
75 123 1
76 5 1
76 72 1
77 2 1
77 78 1
78 52 1
78 77 1
79 13 1
79 30 1
79 108 1
80 37 1
80 83 1
81 88 1
82 29 1
82 90 1
83 112 1
84 31 1
84 32 1
85 92 1
86 4 1
86 51 1
86 82 1
87 1 1
87 54 1
87 64 1
88 119 1
88 122 1
89 17 1
90 44 1
91 93 1
91 98 1
91 114 1
92 74 1
92 75 1
93 91 1
93 97 1
93 98 1
94 43 1
94 106 1
95 82 1
95 90 1
96 94 1
97 93 1
97 100 1
97 101 1
98 101 1
99 34 1
99 70 1
99 85 1
100 97 1
100 104 1
100 105 1
101 105 1
102 8 1
102 103 1
103 13 1
104 100 1
104 111 1
104 116 1
105 116 1
106 28 1
106 45 1
106 64 1
107 20 1
107 22 1
108 7 1
108 79 1
109 2 1
109 78 1
110 14 1
110 27 1
111 104 1
111 120 1
111 121 1
112 29 1
112 80 1
112 86 1
113 114 1
114 4 1
114 86 1
114 91 1
115 40 1
116 121 1
117 15 1
117 67 1
117 69 1
118 53 1
118 87 1
119 36 1
119 89 1
120 111 1
120 124 1
120 126 1
121 126 1
122 26 1
122 110 1
123 72 1
123 76 1
124 120 1
125 16 1
125 19 1
125 41 1
126 1 1
127 86 1
127 95 1
128 26 1
128 110 1
12 28
56 99
