263 567 19 164 9
1 153 1
1 256 1
2 24 1
2 223 1
3 197 1
4 8 1
4 166 1
4 168 1
5 56 1
6 101 1
6 121 1
7 36 1
7 232 1
7 233 1
8 4 1
8 24 1
8 149 1
9 243 1
10 140 1
10 169 1
10 254 1
11 58 1
12 176 1
12 182 1
12 200 1
13 30 1
13 31 1
13 90 1
14 23 1
14 37 1
14 243 1
15 16 1
16 82 1
17 203 1
17 229 1
17 244 1
18 209 1
19 5 1
20 146 1
20 181 1
20 229 1
21 11 1
21 81 1
22 139 1
23 14 1
23 65 1
23 214 1
24 8 1
24 223 1
25 86 1
25 257 1
26 61 1
27 15 1
27 134 1
27 211 1
28 42 1
29 169 1
29 186 1
30 13 1
30 31 1
30 201 1
31 13 1
31 30 1
31 216 1
32 204 1
33 70 1
33 234 1
34 60 1
34 63 1
34 84 1
35 86 1
35 257 1
36 7 1
36 231 1
37 14 1
37 192 1
38 75 1
38 106 1
39 38 1
39 106 1
40 55 1
40 210 1
41 67 1
41 129 1
41 165 1
42 28 1
42 43 1
42 69 1
43 42 1
43 44 1
43 69 1
44 43 1
45 48 1
45 200 1
46 141 1
46 157 1
47 73 1
47 261 1
48 176 1
48 184 1
48 220 1
49 76 1
49 135 1
50 71 1
50 87 1
50 202 1
51 134 1
52 73 1
52 261 1
53 52 1
54 117 1
54 118 1
54 259 1
55 40 1
56 21 1
56 58 1
57 143 1
57 159 1
58 19 1
59 57 1
59 245 1
60 34 1
61 59 1
61 135 1
62 150 1
63 34 1
63 68 1
63 125 1
64 64 1
64 224 1
65 23 1
65 115 1
65 263 1
66 97 1
66 132 1
67 41 1
67 130 1
67 164 1
67 230 1
68 63 1
68 94 1
68 125 1
69 42 1
69 43 1
69 96 1
70 33 1
70 47 1
71 104 1
71 122 1
71 162 1
72 257 1
73 144 1
74 140 1
75 38 1
75 93 1
75 102 1
76 111 1
77 79 1
77 187 1
78 132 1
78 169 1
79 77 1
79 152 1
80 45 1
81 27 1
82 91 1
82 260 1
83 236 1
84 34 1
84 105 1
84 190 1
85 92 1
85 119 1
86 208 1
87 50 1
87 202 1
87 223 1
88 125 1
89 80 1
90 13 1
91 239 1
92 35 1
92 39 1
93 25 1
94 68 1
94 180 1
94 203 1
95 89 1
95 96 1
96 69 1
96 89 1
97 66 1
98 244 1
99 127 1
99 242 1
99 262 1
100 116 1
100 168 1
100 236 1
100 242 1
101 6 1
101 120 1
101 210 1
102 75 1
102 153 1
102 220 1
103 250 1
104 122 1
104 262 1
105 84 1
106 85 1
106 154 1
107 126 1
107 151 1
107 235 1
108 152 1
108 155 1
108 217 1
109 189 1
110 26 1
110 112 1
110 255 1
111 145 1
111 191 1
112 26 1
112 111 1
113 255 1
114 218 1
114 219 1
115 65 1
115 130 1
115 187 1
116 100 1
116 166 1
116 242 1
117 54 1
118 54 1
118 217 1
118 227 1
119 2 1
119 124 1
119 149 1
120 101 1
120 206 1
120 214 1
121 206 1
121 209 1
122 50 1
122 71 1
122 248 1
123 123 1
123 128 1
124 92 1
124 119 1
125 63 1
125 68 1
125 88 1
126 107 1
127 99 1
127 193 1
127 259 1
128 123 1
128 165 1
128 221 1
128 251 1
129 41 1
129 164 1
129 251 1
130 67 1
130 115 1
130 193 1
131 140 1
132 66 1
132 78 1
133 133 1
133 224 1
134 27 1
134 51 1
134 225 1
135 59 1
135 143 1
136 177 1
136 178 1
137 11 1
138 136 1
139 22 1
139 193 1
139 221 1
140 10 1
140 74 1
140 131 1
141 157 1
142 49 1
142 161 1
143 231 1
144 52 1
144 53 1
145 171 1
146 20 1
147 149 1
147 163 1
147 203 1
148 7 1
148 91 1
148 142 1
149 8 1
149 119 1
149 147 1
150 62 1
150 180 1
150 190 1
151 107 1
151 167 1
152 79 1
152 108 1
152 155 1
153 1 1
153 95 1
153 102 1
154 29 1
154 186 1
155 108 1
155 152 1
155 227 1
156 195 1
157 241 1
157 245 1
158 175 1
158 205 1
159 36 1
160 217 1
161 76 1
162 71 1
162 202 1
162 262 1
163 147 1
164 67 1
164 129 1
164 218 1
165 41 1
165 128 1
165 188 1
166 4 1
166 116 1
166 168 1
167 151 1
167 227 1
168 4 1
168 100 1
168 166 1
169 10 1
169 29 1
169 78 1
170 174 1
170 194 1
170 233 1
171 112 1
171 113 1
172 85 1
172 154 1
173 209 1
174 170 1
174 185 1
174 194 1
175 158 1
175 201 1
175 216 1
176 48 1
176 200 1
177 138 1
177 172 1
178 177 1
178 189 1
179 75 1
179 220 1
180 94 1
180 150 1
180 253 1
181 20 1
181 213 1
181 236 1
182 12 1
182 184 1
183 142 1
183 161 1
184 179 1
185 174 1
185 198 1
185 207 1
186 138 1
186 172 1
187 77 1
187 115 1
187 224 1
188 165 1
189 109 1
189 178 1
190 84 1
190 150 1
190 252 1
191 145 1
192 37 1
192 243 1
193 127 1
193 130 1
193 139 1
194 207 1
195 156 1
195 210 1
196 263 1
197 3 1
197 249 1
197 254 1
198 185 1
198 212 1
198 215 1
199 249 1
200 12 1
201 30 1
201 175 1
202 50 1
202 87 1
202 162 1
203 17 1
203 94 1
203 147 1
204 32 1
204 214 1
204 243 1
205 158 1
205 216 1
205 263 1
206 120 1
206 121 1
206 240 1
207 215 1
208 16 1
208 211 1
209 18 1
209 121 1
209 173 1
210 40 1
210 101 1
210 195 1
211 27 1
211 137 1
212 198 1
212 228 1
212 237 1
213 181 1
213 229 1
213 250 1
214 23 1
214 120 1
214 204 1
215 237 1
216 31 1
216 175 1
216 205 1
217 108 1
217 118 1
217 160 1
218 114 1
218 164 1
219 114 1
219 230 1
220 48 1
220 80 1
220 102 1
221 128 1
221 139 1
221 222 1
222 221 1
222 251 1
223 2 1
223 87 1
223 124 1
224 64 1
224 133 1
224 187 1
225 15 1
225 134 1
226 33 1
226 47 1
227 118 1
227 155 1
227 167 1
228 212 1
228 246 1
228 247 1
229 17 1
229 20 1
229 213 1
230 67 1
230 219 1
231 49 1
231 135 1
231 148 1
232 233 1
233 7 1
233 148 1
233 170 1
234 70 1
235 107 1
235 238 1
235 259 1
236 83 1
236 100 1
236 181 1
237 247 1
238 235 1
239 93 1
239 153 1
240 206 1
241 57 1
241 159 1
242 99 1
242 100 1
242 116 1
243 9 1
243 14 1
243 192 1
243 204 1
244 17 1
244 98 1
244 250 1
245 46 1
245 226 1
246 228 1
246 256 1
246 258 1
247 258 1
248 248 1
248 122 1
249 197 1
249 199 1
249 254 1
250 103 1
250 213 1
250 244 1
251 128 1
251 129 1
251 222 1
252 190 1
253 180 1
254 10 1
254 197 1
254 249 1
255 110 1
256 246 1
257 35 1
257 39 1
257 72 1
258 1 1
259 54 1
259 127 1
259 235 1
260 148 1
260 183 1
261 46 1
261 226 1
262 99 1
262 104 1
262 162 1
263 65 1
263 196 1
263 205 1
8 101 164
12 53 191
30 89 137
38 60 130
55 68 147
76 122 193
96 136 236
146 176 250
233 248 256
