1661 3611 1099 1497 4
1 1179 103
1 1556 61
2 964 72
2 1343 16
2 1415 68
3 6 4
3 1212 64
4 7 55
4 1281 9
5 38 56
6 3 4
6 1016 350
6 1055 155
6 1090 4
7 1281 55
7 1295 174
8 14 190
8 123 27
9 276 244
9 525 48
10 12 21
11 5 60
11 68 185
11 957 120
11 1648 67
12 21 15
12 576 263
13 542 67
13 1163 80
14 8 190
14 31 62
14 566 67
14 1614 64
15 222 65
15 1128 130
15 1528 70
16 556 60
16 1089 65
17 511 60
17 583 159
17 1414 41
18 656 5
18 1064 86
19 109 12
19 1207 57
20 10 16
20 1245 118
21 20 17
22 452 6
22 1004 118
22 1113 83
23 358 5
23 544 117
24 55 71
24 857 8
24 1613 11
25 280 10
25 1625 56
26 217 32
26 791 53
27 424 197
27 806 96
28 157 21
28 1466 27
29 257 137
29 939 68
29 1018 6
30 1318 84
30 1559 25
31 14 62
31 138 169
32 1572 83
33 235 55
33 1338 200
34 263 102
34 1334 5
35 33 34
35 135 186
36 592 64
36 704 182
36 1267 59
36 1399 86
37 385 171
37 1268 57
38 5 56
38 130 60
38 1588 213
39 1580 10
39 1612 180
40 94 15
40 255 332
40 495 59
40 917 189
41 25 5
41 274 10
41 875 138
42 1359 54
42 1592 68
43 1487 153
44 515 59
44 1454 80
44 1593 175
45 1622 13
45 1649 35
46 76 27
46 133 184
46 1398 106
47 50 72
47 808 240
47 1018 6
48 8 22
49 456 42
49 923 94
50 47 72
50 153 74
50 276 240
50 1286 135
51 678 25
51 680 31
52 493 50
52 836 137
52 1116 165
53 511 128
53 1124 165
54 237 17
54 259 191
55 58 18
55 1022 7
56 182 72
56 659 58
56 1022 8
57 561 65
57 1373 72
58 956 8
58 1306 30
59 67 75
59 137 10
59 367 40
60 181 121
60 337 47
60 994 119
61 64 69
61 423 278
61 1610 4
62 63 225
62 637 7
62 638 7
62 995 73
63 62 225
63 1047 7
63 1053 7
63 1136 116
64 61 69
64 1564 5
64 1580 185
65 498 8
65 1603 5
66 65 5
66 1449 7
67 173 185
67 1168 70
68 11 185
68 127 60
68 1256 52
69 70 37
69 1030 91
69 1410 110
70 69 37
70 555 187
70 1492 88
71 66 16
71 73 10
72 239 21
72 902 119
73 77 8
73 1449 6
74 157 44
74 1601 25
75 325 3
75 484 90
75 710 12
76 46 27
76 1315 26
76 1431 107
77 74 22
77 1447 69
78 179 84
78 308 21
78 1438 40
79 338 158
80 199 4
80 221 60
80 1195 139
81 300 75
82 574 60
82 821 131
83 620 20
83 751 35
84 538 136
84 1158 6
85 286 116
85 1339 52
86 494 4
86 586 123
86 1246 16
87 86 144
87 255 14
87 492 6
88 188 8
89 530 84
89 1115 10
90 93 5
90 278 87
90 696 188
90 1647 5
91 260 34
91 1642 11
92 468 111
92 1152 66
93 90 5
93 94 188
93 917 14
94 40 15
94 87 333
94 696 6
95 839 127
95 1092 82
95 1461 66
96 569 57
96 761 177
97 57 80
97 1538 35
98 48 68
99 210 74
99 1031 192
100 1488 15
101 453 99
101 1070 104
102 778 90
102 1139 71
102 1264 142
103 769 73
103 1322 72
104 203 61
104 964 104
105 301 40
106 209 67
106 265 134
106 481 68
106 1025 122
107 1629 83
108 132 9
108 553 57
109 19 12
109 226 11
109 228 60
110 133 70
110 608 58
110 1443 179
111 35 10
111 1525 84
112 76 179
112 133 31
113 1216 72
113 1268 178
114 371 34
115 1512 52
116 111 187
116 135 6
117 941 523
117 1210 73
118 423 135
118 1641 18
119 613 124
119 634 63
119 1282 96
119 1389 47
120 371 49
120 390 79
120 1159 118
120 1262 80
121 1548 374
122 78 187
122 528 44
122 1279 64
123 121 28
123 548 25
124 161 60
124 238 106
124 768 134
125 126 6
125 521 51
126 430 72
127 5 185
127 68 60
127 1550 27
128 828 139
128 836 95
129 504 234
129 609 50
130 38 60
130 1560 76
131 368 143
131 458 121
131 1510 42
132 108 9
132 398 251
133 110 70
133 112 31
134 1369 118
135 116 6
135 822 122
136 1583 22
137 59 10
138 190 58
138 1302 63
139 236 194
139 1338 63
140 890 6
140 1190 130
141 360 100
142 688 29
142 1115 186
143 145 21
143 1415 5
143 1443 68
144 185 73
144 1135 99
145 1415 21
145 1613 198
146 440 185
146 549 370
147 397 381
147 503 172
148 23 28
148 667 48
149 500 177
150 514 90
150 1308 63
151 447 63
151 1246 64
151 1325 156
152 354 73
152 504 57
152 1375 63
153 50 74
153 539 36
154 51 36
154 678 36
155 178 10
155 1563 36
156 373 65
156 1230 79
157 74 44
157 421 209
157 1447 11
157 1466 23
158 610 56
158 764 196
159 163 17
159 1110 20
160 164 57
160 166 8
160 1322 75
161 571 173
161 1374 64
162 1104 122
162 1149 137
163 165 6
163 905 22
164 160 57
164 1049 86
165 169 17
165 819 20
166 160 8
166 789 150
167 605 100
167 1123 28
167 1241 22
168 345 62
168 374 51
168 1296 63
168 1308 115
169 159 7
169 1301 19
170 1131 91
170 1631 124
170 1633 20
171 166 89
171 561 121
172 97 97
173 69 94
173 1271 72
174 332 47
174 593 187
175 638 84
176 1616 31
177 596 111
177 1417 91
178 155 10
178 348 85
178 697 73
179 93 84
179 278 8
180 655 5
180 1397 229
181 16 130
182 45 91
182 857 7
183 184 10
183 1433 33
184 183 10
184 771 63
184 1328 63
185 144 73
185 198 73
185 389 157
185 1141 110
186 98 58
186 349 90
186 1599 157
187 179 23
187 308 101
188 563 46
188 801 175
189 825 6
189 827 20
190 138 58
190 776 75
190 790 223
191 772 105
191 834 4
192 116 121
192 822 8
193 194 7
193 628 12
193 1087 4
194 193 7
194 206 26
194 1386 6
195 544 72
196 1597 5
197 207 5
197 546 2
197 1460 23
198 185 73
198 1132 78
198 1140 178
199 80 4
199 201 135
199 946 3
199 1195 137
200 201 46
200 814 6
200 875 145
201 199 135
201 200 46
201 944 6
202 802 96
203 671 88
203 1343 71
204 214 39
204 724 50
205 306 91
205 787 83
206 194 26
206 204 70
207 197 5
207 206 19
208 693 171
209 926 123
209 1285 177
210 99 74
210 1031 128
211 254 55
211 659 171
211 961 106
212 43 89
212 1179 140
213 150 61
213 595 111
214 1386 61
214 1440 51
215 399 104
215 664 73
216 208 65
216 1053 117
217 482 34
217 718 143
218 227 22
218 1340 15
219 172 93
220 26 33
220 1267 160
221 80 60
221 1249 77
222 15 65
222 256 21
223 136 136
223 728 68
223 887 83
224 205 51
224 248 22
225 670 243
225 1495 60
225 1594 43
226 109 11
226 670 55
226 1446 243
227 540 10
227 1547 12
228 109 60
228 304 32
228 732 147
228 1336 123
229 1136 5
229 1364 216
230 506 32
230 904 324
230 1595 34
231 279 8
231 979 14
232 231 103
232 395 58
233 746 65
234 252 34
235 33 55
236 139 194
237 54 17
237 391 14
237 1275 39
238 124 106
238 749 87
238 898 173
238 1100 86
239 72 21
239 800 66
239 854 162
240 534 318
240 735 12
241 538 10
241 1158 128
242 241 14
242 1165 143
243 568 10
244 512 26
245 686 23
245 873 50
246 315 76
246 600 152
246 950 83
247 73 19
247 581 91
248 224 22
248 283 55
249 306 54
249 489 27
249 1607 45
250 89 138
250 288 10
251 384 7
251 935 83
252 234 34
252 531 37
253 370 105
253 496 61
253 1593 132
254 211 55
254 290 32
254 992 104
255 40 332
255 87 14
255 816 67
255 1246 144
256 222 21
256 330 38
256 1329 133
257 780 69
257 1042 3
257 1627 163
258 295 30
258 1029 125
258 1263 235
259 219 88
259 1626 44
260 91 34
260 473 29
260 557 110
261 274 7
261 417 10
261 617 104
262 986 5
263 572 124
263 1331 8
264 488 93
264 1331 8
265 106 134
265 261 13
265 274 11
265 617 113
266 836 174
266 1284 86
267 713 98
267 972 14
268 281 22
269 298 14
269 347 17
270 327 62
270 703 150
271 272 18
271 1061 96
271 1240 13
272 271 18
272 1314 12
272 1513 13
273 585 163
273 910 129
274 41 10
274 261 7
274 265 11
274 280 5
275 455 29
275 708 77
275 966 146
275 1406 107
276 1400 70
277 189 25
277 1273 54
278 90 87
278 280 87
278 1074 17
279 267 10
279 975 15
280 265 12
280 274 5
280 278 87
281 980 15
281 1391 196
282 459 17
283 248 55
283 296 8
284 1546 41
285 322 53
285 1487 58
286 943 60
287 1191 155
287 1507 51
288 250 10
288 585 42
288 602 191
289 720 37
289 934 32
290 254 32
290 311 78
291 583 33
291 584 81
291 1531 56
292 299 57
292 1214 133
293 1481 13
294 573 199
294 1333 78
295 258 30
295 472 18
296 283 8
297 566 40
297 931 114
298 347 16
298 1559 13
299 356 75
299 1212 123
300 1299 89
300 1344 72
301 266 15
302 1368 78
303 331 108
303 332 32
304 104 54
304 228 32
305 523 61
305 1097 104
305 1652 151
306 249 54
306 509 28
307 595 40
307 1521 65
308 78 21
308 445 69
309 1010 7
310 443 66
310 1341 24
310 1411 63
311 290 78
311 342 79
311 640 44
311 1514 55
312 346 62
312 1318 110
313 1210 324
314 223 126
314 393 121
315 246 76
315 318 75
315 1496 53
316 682 48
316 1004 163
316 1093 52
317 748 26
317 1535 92
318 315 75
318 1653 40
319 747 42
319 849 16
320 122 332
320 685 40
320 1479 67
321 287 52
321 1266 106
322 450 59
322 1442 153
323 726 44
323 1430 12
324 1501 58
325 75 3
325 529 6
325 710 12
325 712 17
326 252 48
326 1592 52
327 18 78
327 890 78
328 343 17
328 519 12
329 336 11
329 429 8
330 256 38
330 468 60
331 303 108
331 1121 32
332 303 32
332 331 14
333 126 8
333 336 9
334 465 20
335 48 64
335 1079 14
335 1219 70
336 333 9
336 429 11
337 60 47
337 750 53
338 79 158
338 1654 44
339 329 6
339 334 18
340 1632 1328
341 632 117
341 1103 145
341 1157 134
342 311 79
342 375 70
342 673 41
342 797 169
343 519 17
343 663 29
344 328 4
344 1506 20
345 357 111
345 922 102
346 312 62
346 529 165
346 1524 64
347 298 16
347 755 95
347 1539 196
348 178 85
349 186 90
349 1522 130
350 788 53
350 1480 28
351 729 71
351 1421 102
352 821 61
352 1102 253
352 1611 57
353 770 70
353 1035 193
354 152 73
354 504 18
354 1157 144
355 587 67
355 1622 40
356 815 59
357 496 69
357 1308 62
358 359 8
358 1162 286
358 1292 6
359 358 8
359 362 5
359 616 155
360 141 100
360 1310 23
361 359 5
362 23 8
362 148 29
363 361 33
363 1117 32
364 1472 72
364 1573 6
365 444 14
365 1273 245
365 1590 58
366 321 58
366 1586 48
367 59 40
367 259 182
367 902 64
368 131 143
368 649 69
368 1445 72
369 486 276
370 524 21
370 1068 136
371 120 49
371 522 14
372 379 37
373 394 15
373 1236 110
374 168 51
374 588 51
375 342 70
375 376 29
375 642 200
376 375 29
376 449 69
376 1349 134
377 212 90
378 518 70
378 1576 68
379 372 37
379 389 75
379 1372 110
380 765 52
380 1558 174
381 578 91
381 653 24
381 1562 62
382 609 15
382 818 32
382 1485 153
383 1483 169
383 1578 64
384 505 6
384 1523 109
384 1540 3
385 597 5
386 899 9
386 1354 55
387 388 12
387 706 520
388 192 57
388 387 12
389 379 75
389 490 75
390 526 60
390 801 48
390 1159 124
391 237 14
391 462 51
391 800 164
392 506 45
393 1567 64
394 373 15
394 908 63
394 1062 222
395 267 45
395 279 44
396 754 35
396 1657 51
397 564 137
398 404 21
398 1089 6
399 215 104
399 778 143
399 845 64
399 1661 51
400 885 60
400 1345 217
401 167 38
401 844 12
401 1243 16
402 412 6
402 415 93
402 929 62
403 398 68
403 1237 6
404 994 133
404 1089 21
405 297 74
405 1309 13
406 412 113
406 891 16
407 215 74
407 664 9
408 872 66
409 1584 15
410 49 40
410 456 8
410 1609 41
411 108 152
411 405 49
412 402 6
413 487 20
413 1129 9
414 419 98
414 1379 34
415 402 93
415 423 43
415 1530 63
416 353 73
416 426 45
416 428 196
417 41 6
417 811 139
418 407 54
419 414 98
419 436 148
419 739 307
420 408 10
420 411 58
421 157 209
421 425 227
421 1036 8
421 1341 9
422 420 64
422 872 10
422 994 158
423 61 278
423 415 43
423 1420 123
423 1477 69
424 779 36
424 1462 8
425 421 227
425 1332 9
425 1337 11
425 1542 214
426 416 45
426 1260 42
427 1099 167
427 1367 109
427 1369 135
428 416 196
428 433 86
429 334 8
429 1173 6
430 333 81
430 784 56
430 1173 104
431 882 25
432 295 20
432 472 20
433 434 5
433 437 16
433 1275 20
434 433 5
434 435 2
434 437 15
434 439 13
435 434 2
435 439 14
435 1267 79
436 1008 83
436 1545 155
437 434 15
437 438 66
438 435 83
438 791 98
439 428 70
439 434 13
440 448 12
440 737 169
441 655 216
441 1397 14
441 1537 17
442 813 124
442 1420 210
442 1424 45
443 310 66
443 912 61
444 365 14
444 913 72
445 528 121
446 177 39
447 1499 136
448 432 107
448 503 31
449 376 69
449 497 79
449 1148 107
449 1503 68
450 485 34
450 786 54
451 453 33
452 22 6
452 455 16
452 699 142
453 451 33
453 1209 92
454 410 39
454 1660 98
455 22 16
455 275 29
456 410 8
456 454 38
456 728 140
457 502 61
457 615 15
457 1475 76
458 131 121
458 452 84
458 1113 5
459 417 57
460 461 28
460 1618 24
461 864 36
462 391 51
463 464 35
464 463 35
464 1052 33
464 1304 19
465 466 7
465 1582 20
466 467 9
466 469 21
467 409 10
467 1582 9
468 330 60
469 467 21
469 1552 48
470 847 30
471 367 85
472 549 47
473 260 29
473 624 28
474 476 32
474 1039 20
474 1517 152
475 510 171
475 621 5
475 837 12
476 474 32
476 1122 7
476 1161 12
477 733 5
477 1548 170
478 83 136
478 982 12
479 607 10
479 608 169
479 1443 84
480 1012 21
481 106 68
481 636 90
482 220 34
482 704 32
483 1465 200
483 1596 83
484 75 90
484 497 76
484 1177 104
485 43 56
485 786 110
486 674 33
486 1375 145
487 413 20
487 763 15
487 1350 106
488 397 197
488 440 32
489 249 27
489 509 55
489 709 30
490 389 75
490 1482 71
491 518 142
491 631 24
491 1591 79
492 87 6
492 494 144
492 696 332
492 1645 5
493 52 50
493 1570 50
494 86 4
494 492 144
494 507 159
494 1644 4
495 40 59
495 904 46
495 1134 129
495 1478 169
496 253 61
496 357 69
496 785 48
496 922 84
497 449 79
497 484 76
497 1168 106
498 843 7
498 1451 11
499 501 5
499 993 74
500 149 177
500 499 12
500 1551 70
501 500 14
501 1636 56
502 457 61
502 652 56
502 1180 184
503 488 12
503 1335 101
504 129 234
504 152 57
504 354 18
504 700 36
505 140 237
505 901 45
505 1537 7
505 1540 6
506 230 32
506 392 45
506 702 33
507 494 159
507 508 4
507 851 11
508 507 4
508 713 4
508 972 103
509 489 55
509 717 30
510 630 17
511 17 60
511 53 128
511 819 49
511 989 160
512 244 26
512 781 37
513 515 5
513 517 103
513 595 62
514 150 90
514 513 21
515 44 59
515 513 5
515 514 21
516 515 54
516 1453 97
517 516 50
517 1154 16
518 378 70
518 963 60
519 1251 2
519 1506 7
520 101 55
521 125 51
521 729 53
521 959 11
522 371 14
522 1282 113
522 1405 154
523 305 61
523 732 59
524 253 104
524 370 21
524 1094 81
525 9 48
526 390 60
526 626 60
527 575 19
528 122 44
528 618 147
528 889 53
529 325 6
529 712 16
530 100 85
530 599 47
531 1202 237
532 1303 103
533 535 7
534 29 237
534 1015 6
534 1404 69
535 218 9
535 540 22
536 240 10
537 323 68
537 1317 6
538 536 17
539 153 36
539 337 68
539 541 15
540 533 20
541 539 15
541 750 37
542 13 67
542 738 25
543 612 65
543 1292 147
544 1164 171
545 600 72
545 1143 268
545 1482 26
546 194 13
546 207 4
547 548 3
547 551 18
548 121 14
548 550 3
549 1263 190
550 547 3
550 1020 19
551 8 38
552 565 18
552 1385 129
553 420 154
553 560 11
553 994 64
554 21 267
554 576 16
555 471 94
556 16 60
556 762 176
557 91 78
558 641 27
559 874 6
559 1287 129
560 132 57
561 54 390
562 897 166
562 1611 278
563 188 46
563 781 118
564 146 145
564 778 30
565 554 34
566 14 67
566 320 271
566 856 41
567 175 18
567 995 26
567 996 14
568 242 13
568 1291 47
569 499 54
569 1274 238
570 13 183
571 1 62
571 658 76
572 668 11
572 725 24
572 936 31
573 294 199
574 82 60
575 383 16
575 527 19
576 552 39
577 324 91
577 1081 61
577 1571 118
578 653 87
579 1392 105
580 1392 55
581 1037 58
582 304 56
582 1473 97
583 17 159
583 291 33
583 989 61
584 291 81
584 1119 98
585 288 42
585 1003 60
586 851 32
586 1079 259
587 355 67
587 774 61
587 1068 109
588 351 41
588 374 51
588 729 33
588 838 39
589 691 387
589 928 10
590 745 19
591 1026 4
592 36 64
592 1106 60
592 1124 185
593 1272 106
593 1433 104
594 1647 19
595 213 111
595 307 40
595 513 62
595 858 59
596 446 77
597 113 57
597 385 5
598 831 42
598 903 106
599 688 35
599 855 36
600 246 152
600 545 72
600 648 150
601 671 82
601 1613 90
602 1118 194
602 1368 15
603 1463 33
603 1464 8
604 853 194
604 1103 117
604 1157 140
605 842 8
606 1310 7
607 479 10
607 1276 105
608 110 58
608 479 169
608 1398 89
609 129 50
609 382 15
610 850 89
610 1199 73
611 999 81
611 1086 190
612 765 38
613 119 124
614 377 148
614 1019 60
615 457 15
616 359 155
616 622 233
616 629 60
617 261 104
617 459 48
617 907 229
618 644 60
618 953 53
619 846 82
619 1017 43
620 475 8
620 621 9
620 982 162
621 620 9
621 751 21
621 837 8
622 616 233
622 623 16
622 867 69
623 1345 6
623 1456 216
624 473 28
624 794 29
625 1627 75
626 526 60
626 563 239
626 1166 143
627 835 23
627 1248 19
628 193 12
628 1087 14
628 1396 240
629 156 238
629 867 239
630 837 152
631 491 24
631 854 24
631 963 127
632 341 117
633 443 119
633 714 59
633 1651 72
634 119 63
634 888 65
634 1066 62
635 81 146
635 362 157
635 616 6
636 481 90
636 639 56
636 1329 119
637 62 7
637 648 17
637 996 86
638 62 7
638 650 20
638 1047 225
639 135 281
639 636 56
639 1338 58
640 311 44
640 673 78
640 1040 59
641 558 27
641 932 170
641 1021 42
642 643 27
642 797 98
642 1351 28
643 376 200
643 642 27
643 886 99
644 685 125
645 136 68
645 728 133
646 542 60
646 892 25
647 208 54
647 1587 101
648 600 150
648 637 17
649 368 69
649 776 102
649 1659 9
650 638 20
651 1063 63
652 502 56
652 1056 5
653 381 24
653 740 280
653 1637 190
654 318 39
654 1496 59
655 140 6
655 441 216
655 657 6
656 39 5
656 657 10
656 1457 284
657 655 6
657 656 10
657 890 6
657 1580 5
658 1067 55
659 56 58
659 211 171
659 698 41
660 661 75
660 1370 7
661 1403 8
662 663 50
662 1251 96
663 343 29
663 863 54
664 407 9
664 945 180
664 1227 183
664 1402 105
665 292 64
665 664 49
666 677 6
667 148 48
667 195 129
667 1139 70
668 294 52
668 572 11
669 562 61
669 909 32
669 1118 214
670 225 243
670 226 55
670 1497 63
671 582 59
672 858 84
672 1076 54
673 342 41
673 640 78
673 1078 61
674 32 228
675 301 54
675 1116 68
676 647 9
677 155 74
677 666 6
677 697 8
678 1337 198
679 1344 119
680 227 194
681 232 233
681 1145 12
681 1494 34
682 316 48
682 1133 109
682 1382 175
683 1534 54
683 1542 40
684 741 65
684 768 9
684 1486 112
685 320 40
685 856 268
685 1193 75
686 1218 4
687 282 56
688 855 10
688 1480 86
689 35 79
689 1525 15
690 245 23
690 686 29
691 681 294
691 1011 12
691 1256 31
692 694 29
692 1474 22
693 701 28
693 1431 78
694 1215 5
695 536 76
696 90 188
696 94 6
696 492 332
696 1646 7
697 677 8
697 782 42
697 1259 89
698 730 23
699 452 142
699 966 44
699 1077 83
700 504 36
700 557 29
701 676 71
701 693 28
702 506 33
702 911 65
702 1479 78
703 270 150
703 792 128
703 1032 53
703 1376 113
704 36 182
704 482 32
704 1124 65
704 1223 165
705 1337 13
705 1419 112
706 589 11
706 1529 84
707 529 82
707 947 88
708 275 77
708 1044 75
708 1395 118
709 489 30
709 717 54
709 903 47
710 325 12
710 707 70
711 134 71
711 1099 114
712 325 17
712 1030 70
713 507 4
713 740 77
714 900 16
715 1000 28
716 959 27
717 709 54
717 787 71
718 217 143
718 1060 107
718 1223 58
719 70 92
719 742 5
719 1492 6
720 268 103
721 722 5
721 723 21
722 719 48
722 721 5
722 1576 64
723 722 21
723 724 51
724 204 50
724 723 51
724 1075 79
725 183 211
725 771 283
726 184 64
727 803 51
727 1347 130
728 223 68
728 456 140
728 841 129
729 521 53
729 588 33
730 290 169
730 775 64
731 1151 30
732 228 147
732 523 59
732 964 63
733 458 89
733 848 69
734 733 165
734 773 94
734 1548 6
735 243 12
735 1015 307
736 591 64
736 839 3
737 746 15
737 1294 128
738 542 25
738 892 60
738 1096 50
739 419 307
739 1057 11
739 1545 8
740 1644 85
741 285 75
741 877 9
742 719 5
742 1196 102
743 644 18
744 210 88
744 1630 17
745 840 44
746 448 168
746 737 15
746 1125 63
747 748 43
747 1206 43
748 747 43
748 752 76
748 1206 17
749 238 87
749 541 40
749 750 12
750 337 53
750 422 121
750 749 12
751 340 528
752 748 76
752 756 42
752 1205 32
753 1436 70
754 396 35
755 347 95
755 1361 51
756 752 42
756 753 19
757 47 136
757 1042 4
757 1286 71
758 1013 15
759 319 152
759 760 17
760 758 21
760 849 120
761 784 80
761 954 68
762 153 138
762 181 82
763 487 15
764 118 79
764 158 196
765 1117 111
766 769 36
766 770 73
767 797 65
767 1169 60
768 124 134
768 684 9
769 766 36
769 1107 131
770 353 70
770 766 73
770 1172 133
771 1324 41
771 1328 5
772 1130 56
772 1616 142
773 734 94
773 1445 75
774 587 61
774 916 31
775 767 27
776 190 75
776 566 294
776 938 23
777 378 53
777 1216 201
778 102 90
778 399 143
778 564 30
779 1250 62
780 625 132
781 1066 77
782 697 42
783 802 127
783 984 50
784 430 56
784 789 67
785 496 48
785 1094 109
786 1556 97
787 205 83
787 717 71
787 805 71
787 1010 28
788 369 59
789 166 150
789 784 67
789 954 79
789 1348 90
790 190 223
791 26 53
791 438 98
791 792 165
791 800 71
792 703 128
792 718 78
792 791 165
792 1280 69
793 221 68
794 624 29
795 1620 170
796 812 60
797 342 169
797 642 98
798 445 56
798 948 130
799 1185 53
799 1634 59
800 239 66
800 391 164
800 791 71
800 1280 165
801 1470 101
802 202 96
802 783 127
802 1088 86
803 727 51
803 1617 46
804 1091 38
804 1130 163
805 248 83
805 876 64
806 1192 54
807 633 16
807 900 59
808 243 319
808 276 73
808 1015 5
809 646 65
809 1009 24
810 1149 162
810 1367 84
811 814 145
811 875 4
812 80 136
812 201 6
813 442 124
813 1573 160
814 520 61
814 812 46
815 3 57
816 255 67
816 447 80
816 1326 76
817 822 14
817 1152 206
817 1329 305
818 382 32
818 1389 94
819 169 19
819 511 49
820 527 106
820 1144 74
821 352 61
821 1273 63
821 1590 246
822 192 8
822 387 55
822 817 14
823 364 10
823 1307 107
824 603 148
824 829 4
824 1017 130
825 824 3
825 830 9
826 829 56
826 913 198
827 826 38
827 829 17
828 128 139
828 1171 41
828 1412 134
829 824 4
829 825 3
829 827 17
830 189 6
830 277 24
831 598 42
831 1011 15
831 1476 132
832 834 226
832 1393 8
832 1434 279
833 1550 37
834 191 4
834 832 226
834 835 73
834 1248 165
835 627 23
835 834 73
835 1014 27
836 52 137
836 128 95
837 621 8
837 630 152
838 729 69
838 1383 85
839 1092 200
840 505 83
841 314 65
841 958 129
842 1452 12
842 1495 55
842 1600 50
843 1451 11
843 1600 17
844 498 2
844 1549 12
845 399 64
845 1231 106
846 400 143
847 470 30
847 570 124
848 773 102
848 1510 71
849 319 16
849 760 120
850 1199 124
850 1208 104
851 934 15
851 1581 239
852 1327 78
852 1450 141
853 604 194
853 1103 64
853 1142 72
854 631 24
854 1027 31
855 100 13
856 297 9
856 1309 74
857 24 8
857 182 7
857 1022 71
857 1455 143
858 595 59
858 672 84
858 1296 105
859 1298 6
860 346 70
861 312 107
861 1559 110
862 1098 53
863 71 345
864 1016 46
865 973 3
865 1001 57
866 869 5
867 373 61
868 866 56
868 974 7
869 871 5
870 868 6
870 869 57
871 967 5
872 422 10
872 990 15
873 245 50
873 1585 196
874 559 6
874 1353 127
874 1597 8
875 41 138
875 200 145
875 942 4
876 296 83
876 805 64
877 741 9
877 768 65
878 1155 271
878 1418 87
878 1508 229
879 883 41
879 884 72
880 197 47
881 1524 98
881 1566 5
882 883 17
882 1458 83
883 804 19
883 879 41
883 882 17
884 879 72
885 233 216
885 1252 57
886 643 99
886 1503 100
887 223 83
887 891 51
887 929 135
888 1321 62
889 528 53
889 798 124
889 1147 45
890 18 11
890 327 78
890 657 6
891 406 16
891 887 51
891 941 49
891 1661 854
892 646 25
892 1009 65
893 676 11
893 701 71
894 531 40
894 1261 35
895 476 4
895 1161 14
896 570 51
896 809 61
896 1075 33
896 1108 27
897 562 166
898 124 94
899 96 16
900 807 59
900 1097 124
901 505 45
901 590 65
901 1301 212
902 72 119
902 367 64
902 955 88
903 598 106
903 709 47
903 1010 145
904 495 46
904 1279 44
905 165 22
905 906 230
906 905 230
906 1213 15
907 617 229
907 689 105
907 1526 104
908 623 66
908 1554 219
909 669 32
909 1101 92
910 1105 48
911 702 65
911 1279 286
911 1511 62
912 443 61
912 1114 118
913 444 72
913 826 198
914 537 159
915 635 88
915 1344 65
916 774 31
916 1593 60
917 40 189
917 93 14
917 1225 30
918 886 97
918 1553 101
919 970 27
919 999 7
919 1417 158
920 921 28
920 1023 100
920 1313 8
921 920 28
921 1360 6
921 1365 88
922 785 117
923 49 94
923 1303 122
923 1307 115
924 1358 5
924 1365 87
925 668 32
925 927 182
925 936 10
926 209 123
926 1025 70
926 1536 116
927 1257 51
928 991 11
929 1041 102
929 1493 62
930 779 49
930 806 165
931 1002 82
932 641 170
932 1021 130
932 1265 159
933 731 106
933 1006 83
934 508 14
934 720 14
935 95 250
935 1523 22
936 925 10
936 1577 94
937 460 6
937 1609 56
938 776 23
938 952 24
939 29 68
939 780 139
939 940 67
940 313 211
940 939 67
940 941 57
941 891 49
941 940 57
941 1530 238
942 25 138
942 948 60
943 200 6
943 942 145
944 614 60
944 943 47
945 664 180
945 1057 8
945 1227 9
946 199 3
946 944 135
946 1615 61
947 707 88
947 951 65
947 1071 61
947 1387 63
948 1533 89
949 946 138
949 1195 5
950 246 83
950 1143 104
950 1516 91
951 918 58
952 1422 190
952 1659 78
953 618 53
953 889 151
954 761 68
954 789 79
954 1274 53
954 1322 158
955 471 64
955 555 132
956 58 8
956 1276 61
957 11 120
957 1428 63
958 393 65
958 841 129
959 521 11
959 1033 17
960 56 33
960 698 62
961 211 106
961 992 72
961 1538 72
962 1644 9
963 518 60
963 631 127
963 1268 108
963 1376 58
964 2 72
964 104 104
964 732 63
965 870 6
965 871 57
966 275 146
966 699 44
966 1318 75
967 971 5
968 1063 58
969 965 6
969 967 58
970 1435 95
970 1468 128
971 1001 5
972 268 16
972 508 103
972 975 14
973 969 6
973 971 58
974 977 60
975 281 18
975 972 14
975 979 5
976 757 163
976 1043 73
977 866 11
978 865 11
978 983 19
979 281 15
979 975 5
979 980 4
980 979 4
980 981 196
980 1006 13
981 980 196
981 982 7
981 1391 12
982 620 162
982 660 10
982 981 7
983 865 14
983 1005 41
984 1007 9
984 1174 78
985 783 48
985 984 9
986 1088 12
987 988 33
987 1096 51
988 1384 107
988 1532 88
989 511 160
989 583 61
989 1119 58
990 749 105
991 706 11
992 961 72
992 1040 108
993 501 74
993 1155 158
994 60 119
994 404 133
994 422 158
994 560 65
995 62 73
995 996 14
996 565 127
996 1385 21
997 1061 6
997 1465 85
998 1463 68
998 1465 67
999 919 7
999 1520 9
1000 715 28
1000 1176 99
1001 978 55
1002 938 91
1002 1422 77
1003 273 119
1003 585 60
1003 1109 61
1003 1159 27
1004 22 118
1004 316 163
1004 1277 45
1005 983 41
1005 985 31
1006 231 7
1006 731 41
1007 985 7
1007 1005 28
1008 436 83
1009 809 24
1009 1108 61
1010 309 7
1010 787 28
1010 903 145
1010 1145 15
1011 691 12
1011 831 15
1011 928 393
1012 480 21
1012 796 125
1013 1007 77
1013 1174 11
1014 627 18
1014 835 27
1014 1016 40
1015 534 6
1015 735 307
1015 808 5
1015 1018 238
1016 6 350
1016 1014 40
1016 1639 12
1017 619 43
1017 824 130
1017 1464 25
1018 29 6
1018 47 6
1018 1015 238
1018 1042 137
1019 1615 74
1020 289 224
1021 641 42
1021 932 130
1021 1265 31
1022 55 7
1022 56 8
1022 857 71
1022 1306 49
1023 920 100
1023 1313 100
1024 1444 64
1025 106 122
1025 926 70
1025 1128 69
1025 1528 128
1026 839 64
1026 1461 128
1027 854 31
1027 1280 36
1027 1376 127
1028 894 58
1029 1126 9
1029 1252 117
1030 69 91
1030 75 91
1030 860 147
1030 1271 59
1031 1621 134
1032 703 53
1032 1413 32
1033 125 27
1033 329 11
1034 1127 68
1034 1211 31
1035 353 193
1035 1267 84
1035 1399 58
1036 421 8
1036 1332 224
1037 581 58
1037 1392 44
1037 1509 70
1038 1182 64
1038 1454 5
1039 895 16
1039 1585 65
1040 640 59
1040 992 108
1040 1078 80
1040 1640 72
1041 415 70
1042 257 3
1042 757 4
1042 1018 137
1042 1396 209
1043 556 67
1044 708 75
1044 1318 70
1044 1357 64
1045 654 36
1045 1052 21
1045 1053 19
1046 139 204
1046 481 61
1047 63 7
1047 229 116
1048 1211 56
1049 426 35
1049 1107 52
1050 806 112
1050 1065 43
1050 1477 63
1050 1643 124
1051 1281 22
1052 464 33
1052 1045 21
1052 1516 40
1053 63 7
1053 637 225
1053 1045 19
1054 1295 68
1054 1298 6
1055 6 155
1055 1057 8
1055 1224 8
1056 652 5
1057 739 11
1057 945 8
1057 1055 8
1057 1059 8
1058 652 6
1058 1171 38
1059 1057 8
1059 1176 170
1059 1229 9
1060 718 107
1060 1032 30
1061 147 307
1061 271 96
1061 997 6
1061 1240 111
1062 575 78
1062 1416 124
1062 1554 66
1063 949 59
1064 37 234
1064 597 67
1065 625 65
1065 940 254
1066 634 62
1066 1611 71
1067 1170 100
1067 1184 17
1068 370 136
1068 1649 137
1069 587 116
1069 1336 9
1069 1497 59
1070 687 52
1071 947 61
1071 1073 5
1071 1387 6
1072 1073 5
1072 1136 215
1072 1364 6
1073 1071 5
1073 1072 5
1073 1137 6
1073 1364 7
1074 1427 10
1075 724 79
1075 896 33
1075 1108 33
1076 716 197
1076 1421 109
1077 30 122
1077 699 83
1077 1561 36
1078 673 61
1078 1040 80
1078 1270 32
1079 335 14
1079 1581 14
1080 1085 14
1081 264 95
1081 577 61
1082 403 58
1083 1181 135
1083 1382 79
1083 1566 74
1084 1555 47
1085 10 115
1085 1245 15
1086 611 190
1086 999 81
1087 424 11
1087 628 14
1087 1462 14
1088 802 86
1088 1150 18
1089 16 65
1089 1237 63
1090 6 4
1090 1639 359
1091 1362 158
1091 1394 33
1092 95 82
1092 251 248
1092 1310 6
1093 316 52
1094 524 81
1094 1373 35
1094 1538 139
1095 743 57
1096 738 50
1096 987 51
1097 1207 58
1098 107 18
1098 862 53
1099 302 116
1099 1118 14
1100 238 86
1100 990 89
1101 909 92
1101 1483 83
1101 1578 126
1102 909 69
1103 341 145
1103 604 117
1103 853 64
1103 1115 197
1104 162 122
1104 250 154
1105 129 154
1105 1485 65
1106 474 17
1107 164 30
1107 1049 52
1108 896 27
1108 1075 33
1108 1440 50
1109 526 140
1109 1003 61
1109 1166 47
1110 163 19
1110 1401 48
1111 1262 46
1112 374 131
1112 1348 30
1113 458 5
1113 477 89
1114 807 47
1115 89 10
1115 288 140
1115 1103 197
1116 1201 127
1117 363 32
1117 1570 49
1118 669 214
1118 1099 14
1118 1423 241
1119 901 78
1119 989 58
1120 645 63
1120 1660 74
1121 936 103
1122 1106 11
1123 167 28
1124 53 165
1124 592 185
1124 704 65
1124 1474 48
1125 746 63
1126 1029 9
1127 1034 68
1127 1230 13
1128 15 130
1128 1025 69
1128 1329 87
1129 413 9
1130 176 129
1131 1098 30
1132 198 78
1132 490 77
1133 682 109
1133 1277 25
1133 1406 85
1134 1242 46
1134 1279 128
1135 144 99
1136 63 116
1136 216 6
1136 1072 215
1137 1073 6
1137 1138 11
1137 1363 6
1138 924 89
1138 1137 11
1139 102 71
1139 667 70
1140 198 178
1140 1143 25
1140 1482 269
1141 185 110
1142 853 72
1143 950 104
1143 1140 25
1144 1416 7
1145 681 12
1145 1010 15
1145 1011 294
1146 775 61
1146 1169 33
1147 889 45
1147 1527 51
1148 449 107
1148 1355 26
1149 810 162
1149 852 49
1150 262 17
1150 1425 51
1151 1145 264
1151 1403 198
1152 92 66
1152 817 206
1153 403 10
1153 1156 61
1154 517 16
1154 1490 28
1154 1521 69
1155 878 271
1155 993 158
1155 1274 55
1156 1082 6
1156 1361 12
1157 341 134
1157 354 144
1157 604 140
1158 241 128
1158 1160 2
1158 1165 7
1159 120 118
1159 1003 27
1160 1158 2
1160 1162 2
1160 1164 6
1160 1165 7
1161 476 12
1161 1122 13
1161 1508 155
1162 358 286
1162 1160 2
1162 1164 6
1163 987 200
1163 1156 13
1164 84 3
1164 1160 6
1165 1160 7
1165 1557 60
1165 1658 5
1166 585 130
1167 736 149
1167 1471 83
1168 67 70
1168 497 106
1168 1148 80
1169 1514 66
1170 9 62
1170 571 92
1170 898 199
1171 828 41
1171 1056 36
1172 770 133
1172 1399 74
1172 1508 59
1173 1354 7
1174 1054 83
1174 1254 11
1175 578 95
1175 1494 163
1175 1560 94
1175 1637 59
1176 1000 99
1176 1059 170
1176 1229 171
1176 1439 93
1176 1657 55
1177 1168 77
1178 861 78
1178 1539 39
1179 212 140
1180 1058 126
1181 1083 135
1181 1357 31
1181 1524 47
1182 1454 64
1182 1497 39
1183 1186 62
1183 1650 4
1184 1067 17
1184 1359 150
1185 799 53
1186 744 14
1187 1200 202
1187 1247 57
1188 846 54
1189 1589 98
1190 270 14
1190 1531 86
1191 31 64
1192 930 122
1192 1477 131
1192 1641 62
1193 685 75
1193 1204 116
1193 1486 49
1194 105 106
1194 949 56
1194 1198 57
1195 199 137
1195 949 5
1195 1194 55
1195 1221 66
1196 1591 180
1196 1608 63
1197 605 50
1198 42 126
1198 675 134
1198 1194 57
1198 1201 53
1199 39 81
1199 850 124
1200 1226 58
1200 1305 134
1201 326 195
1201 1198 53
1201 1202 40
1202 493 289
1202 1201 40
1202 1558 49
1203 269 109
1203 1561 10
1204 1095 14
1204 1269 59
1205 317 21
1206 350 12
1207 523 90
1208 764 57
1208 850 104
1209 1070 97
1209 1255 28
1210 695 78
1211 1034 31
1211 1048 56
1211 1408 45
1212 1214 23
1213 690 3
1214 1224 67
1215 906 15
1215 1213 11
1216 777 201
1216 880 54
1216 1457 5
1217 692 2
1218 1217 10
1218 1517 12
1219 1325 57
1219 1555 176
1220 1090 83
1221 793 68
1221 1283 45
1222 547 18
1222 551 28
1223 53 67
1223 704 165
1224 665 133
1224 945 8
1225 917 30
1225 1242 51
1225 1438 29
1226 1200 58
1226 1247 199
1226 1297 66
1227 739 8
1227 1231 153
1228 1244 6
1229 1055 7
1229 1220 73
1230 156 79
1230 1127 13
1230 1236 97
1231 845 106
1231 1234 57
1232 1312 6
1233 287 106
1233 1191 58
1234 845 370
1235 19 243
1235 1114 14
1236 711 106
1236 1230 97
1237 1153 9
1237 1384 55
1238 1239 14
1238 1312 104
1238 1316 16
1239 1232 116
1239 1238 14
1239 1240 4
1240 271 13
1240 1239 4
1240 1513 3
1241 1197 14
1241 1243 9
1242 1225 51
1242 1438 48
1243 843 12
1243 1197 11
1244 677 88
1244 1228 6
1244 1259 10
1245 1080 18
1245 1605 203
1246 86 16
1246 151 64
1247 1187 57
1247 1290 67
1248 834 165
1248 937 42
1249 796 58
1249 1475 125
1250 158 74
1250 1457 5
1251 716 8
1251 1506 5
1252 258 146
1252 1429 63
1253 885 124
1253 1188 23
1254 759 18
1254 1013 15
1255 1209 28
1256 68 52
1256 691 31
1256 1297 67
1257 1563 133
1258 648 71
1258 1653 188
1259 1244 10
1259 1278 343
1259 1489 39
1260 766 126
1260 1107 47
1261 894 35
1262 910 66
1262 1111 46
1263 997 117
1264 117 339
1264 1661 54
1265 932 159
1265 1021 31
1265 1287 24
1266 1233 53
1267 36 59
1267 220 160
1267 435 79
1267 1035 84
1268 113 178
1268 777 64
1268 963 108
1269 953 54
1270 1078 32
1270 1311 69
1271 173 72
1271 1177 94
1272 593 106
1272 1278 11
1273 277 54
1273 820 127
1273 821 63
1274 103 176
1274 954 53
1274 1155 55
1275 237 39
1275 433 22
1276 607 76
1276 1398 183
1277 1004 45
1277 1133 25
1277 1406 13
1278 782 257
1278 1272 11
1279 122 64
1279 904 44
1279 911 286
1280 800 165
1280 1027 36
1281 4 9
1281 1051 22
1282 119 96
1282 522 113
1283 105 62
1283 1221 45
1284 128 189
1284 1283 73
1285 957 73
1286 762 76
1286 1043 181
1287 1265 24
1287 1353 17
1288 372 111
1288 1356 18
1288 1372 40
1289 153 226
1289 898 63
1290 1247 67
1290 1297 198
1290 1648 37
1291 1028 40
1291 1557 159
1292 361 8
1292 363 34
1293 1494 8
1294 622 6
1294 915 142
1295 7 174
1295 1298 68
1296 168 63
1296 213 55
1296 858 105
1297 1226 66
1297 1256 67
1298 859 6
1298 1054 6
1298 1254 76
1299 1300 2
1300 737 50
1300 1299 53
1301 159 19
1301 901 212
1302 366 107
1302 1266 55
1303 532 103
1303 841 66
1304 464 19
1305 1200 134
1305 1484 221
1306 1022 49
1306 1023 134
1307 823 107
1307 923 115
1308 150 63
1308 168 115
1308 357 62
1308 1593 62
1309 408 107
1309 1193 265
1310 360 23
1310 606 7
1310 1092 6
1310 1541 247
1311 375 134
1311 1349 30
1312 1232 6
1312 1238 104
1312 1515 6
1313 46 27
1313 1315 26
1314 272 12
1314 1316 23
1314 1317 140
1315 921 8
1315 1358 177
1316 914 7
1316 1238 16
1316 1314 23
1317 537 6
1317 1314 140
1317 1319 70
1317 1512 6
1318 30 84
1318 312 110
1318 966 75
1318 1044 70
1319 323 6
1319 1317 70
1319 1320 9
1320 1319 9
1320 1330 18
1320 1441 7
1321 1066 66
1322 103 72
1322 954 158
1323 34 125
1323 1324 5
1323 1330 14
1324 1323 5
1324 1328 42
1324 1430 3
1325 186 66
1325 1219 57
1325 1499 91
1326 816 76
1326 1444 64
1326 1595 30
1327 1450 215
1328 184 63
1328 726 6
1328 1324 42
1329 256 133
1329 636 119
1329 817 305
1329 1128 87
1330 1320 18
1330 1323 14
1330 1334 111
1331 263 8
1331 264 8
1331 1333 5
1331 1335 5
1332 425 9
1332 683 175
1333 264 6
1333 1331 5
1333 1377 103
1334 1330 111
1334 1335 102
1334 1441 140
1335 263 6
1335 1331 5
1335 1334 102
1336 228 123
1336 1069 9
1336 1473 62
1337 425 11
1337 705 13
1337 1346 166
1338 139 63
1338 639 58
1338 1046 148
1339 798 81
1339 1147 119
1340 1342 169
1341 28 185
1341 310 24
1341 421 9
1342 51 25
1343 2 16
1343 203 71
1343 1543 48
1344 300 72
1344 679 119
1344 915 65
1345 233 62
1345 1294 15
1346 1341 64
1347 61 5
1347 1564 71
1348 1371 11
1349 1355 69
1349 1498 17
1350 175 28
1350 567 14
1351 920 6
1351 960 251
1352 466 16
1352 899 56
1353 1080 216
1353 1287 17
1353 1605 8
1354 386 55
1354 1352 6
1355 137 26
1355 1148 26
1356 196 137
1356 1288 18
1356 1605 18
1357 1044 64
1357 1181 31
1357 1524 47
1358 924 5
1358 1363 98
1358 1587 63
1359 968 54
1359 1194 124
1360 643 27
1360 1351 28
1361 755 51
1361 1082 12
1362 1130 26
1363 216 215
1363 1072 5
1364 1381 36
1364 1388 10
1365 921 88
1365 1360 89
1366 405 114
1366 931 76
1367 302 145
1367 427 109
1367 810 84
1368 810 140
1368 1104 43
1369 134 245
1369 427 135
1370 933 113
1370 981 10
1371 171 145
1371 789 89
1372 144 47
1372 1288 40
1373 785 111
1373 1094 35
1374 877 68
1375 152 63
1375 674 140
1375 1642 37
1376 37 111
1376 703 113
1376 963 58
1377 1333 103
1377 1378 81
1377 1504 85
1378 1377 81
1378 1379 10
1378 1504 5
1379 414 34
1379 1378 10
1379 1500 4
1380 500 63
1381 1382 30
1381 1388 35
1382 682 175
1382 1083 79
1382 1381 30
1382 1395 29
1383 1112 54
1383 1519 33
1384 988 107
1384 1153 50
1385 413 118
1385 567 9
1386 193 4
1386 1532 253
1387 1137 4
1387 1138 10
1388 947 61
1388 1071 5
1388 1073 7
1389 119 47
1389 818 94
1390 1589 131
1390 1606 4
1390 1623 4
1391 478 6
1392 579 105
1392 580 55
1392 1037 44
1392 1509 31
1393 1472 68
1394 79 40
1394 1654 158
1395 708 118
1395 1382 29
1396 628 240
1396 1042 209
1396 1532 6
1396 1643 6
1397 441 14
1397 606 246
1397 1541 7
1398 46 106
1398 608 89
1398 1276 183
1399 36 86
1399 1035 58
1399 1172 74
1400 9 175
1400 1289 20
1401 1110 48
1402 418 52
1402 1660 336
1403 661 8
1403 1151 198
1403 1370 75
1404 313 74
1404 939 223
1405 512 103
1405 1282 58
1406 275 107
1406 1133 85
1406 1277 13
1407 1425 17
1408 1211 45
1409 1598 121
1409 1656 101
1410 860 74
1410 1178 65
1411 310 63
1411 1346 25
1412 828 134
1412 1180 87
1412 1631 53
1413 1414 31
1413 1531 100
1414 17 41
1414 1060 34
1415 2 68
1415 143 5
1415 874 80
1416 830 123
1416 1144 7
1417 177 91
1417 919 158
1418 878 87
1419 705 111
1420 423 123
1420 442 210
1421 374 98
1422 1366 81
1423 394 91
1423 1483 43
1424 958 68
1424 1303 133
1424 1307 236
1425 1150 51
1425 1407 17
1425 1624 24
1426 1431 23
1426 1432 72
1427 265 65
1427 594 132
1428 594 195
1428 957 63
1428 1646 16
1429 1253 73
1430 1320 6
1430 1323 3
1431 76 107
1431 1426 23
1432 893 72
1433 183 33
1433 593 104
1433 1121 137
1434 832 279
1434 1393 289
1435 1468 26
1436 1086 77
1436 1435 37
1437 756 26
1437 1205 76
1438 78 40
1438 1225 29
1438 1242 48
1439 1176 93
1440 214 51
1440 1096 185
1440 1108 50
1441 1319 7
1441 1512 74
1442 1374 57
1443 110 179
1443 143 68
1443 479 84
1444 1024 64
1444 1326 64
1444 1478 120
1445 368 72
1445 773 75
1446 1235 23
1446 1594 13
1447 1467 7
1447 1598 28
1448 1494 60
1448 1638 74
1449 77 4
1449 1602 9
1450 162 51
1451 672 205
1451 1603 9
1451 1604 15
1452 1490 25
1452 1491 8
1453 516 97
1453 1452 123
1454 44 80
1454 1038 5
1454 1453 58
1455 857 143
1455 1069 70
1456 400 4
1457 656 284
1457 1216 5
1457 1250 5
1457 1460 75
1458 191 103
1458 1014 12
1459 591 118
1459 1167 48
1460 197 23
1460 1457 75
1460 1462 23
1461 95 66
1461 1620 255
1462 546 9
1462 1087 14
1462 1460 23
1463 998 68
1463 1188 109
1463 1464 25
1464 619 34
1464 1017 25
1465 483 200
1465 997 85
1465 998 67
1466 401 53
1467 157 12
1467 1036 212
1468 1437 74
1469 1311 16
1469 1498 38
1470 88 39
1470 1405 55
1471 1573 71
1472 1471 7
1472 1574 83
1473 1579 60
1474 694 20
1474 1124 48
1475 1012 57
1476 831 132
1476 1607 167
1477 423 69
1477 1050 63
1478 495 169
1478 1444 120
1478 1655 36
1479 320 67
1479 702 78
1479 1522 57
1480 788 28
1480 1572 21
1481 293 13
1481 1244 40
1481 1489 9
1482 490 71
1482 545 26
1483 1101 83
1483 1423 43
1484 1528 68
1484 1536 34
1485 114 50
1485 1262 50
1486 684 112
1486 1193 49
1487 1486 64
1488 752 23
1488 753 76
1489 1481 9
1490 1154 28
1490 1491 32
1491 1451 70
1492 70 88
1492 719 6
1492 721 45
1492 847 48
1493 314 61
1493 1569 111
1494 681 34
1494 1175 163
1494 1293 8
1494 1448 60
1495 225 60
1495 1038 135
1496 315 53
1496 654 59
1496 1516 43
1497 670 63
1497 1182 39
1497 1336 60
1498 59 76
1499 1325 91
1499 1595 60
1500 1501 10
1500 1571 112
1501 1378 4
1501 1505 81
1502 414 35
1502 1379 5
1503 449 68
1503 886 100
1503 1553 97
1504 1502 10
1505 1081 7
1505 1377 5
1506 339 49
1507 287 51
1508 878 229
1508 1161 155
1508 1172 59
1509 1392 31
1509 1621 73
1510 131 42
1510 848 71
1510 1445 96
1511 911 62
1512 115 52
1512 272 151
1512 1317 6
1513 1239 3
1513 1316 6
1514 1146 65
1515 914 124
1515 1312 6
1516 950 91
1516 1052 40
1516 1496 43
1517 474 152
1517 1217 14
1518 82 126
1518 1102 52
1519 1383 33
1520 919 10
1520 1525 120
1521 307 65
1521 1154 69
1522 1479 57
1522 1599 91
1523 384 109
1523 840 30
1523 1620 43
1524 346 64
1524 881 98
1524 1181 47
1524 1357 47
1525 1520 120
1525 1526 13
1525 1629 14
1525 1633 162
1526 689 6
1526 907 104
1526 1525 13
1527 85 121
1527 1147 51
1527 1269 147
1528 15 70
1528 1025 128
1528 1484 68
1528 1529 193
1529 589 84
1529 1528 193
1530 1065 63
1531 291 56
1531 1190 86
1531 1413 100
1532 976 48
1532 988 88
1532 1396 6
1533 286 54
1533 1339 118
1534 680 20
1534 1542 17
1534 1544 178
1535 758 157
1535 849 20
1536 926 116
1536 1187 38
1536 1484 34
1536 1648 134
1537 441 17
1537 1397 8
1537 1540 3
1538 97 35
1538 961 72
1538 1640 200
1539 70 192
1539 755 240
1539 1178 39
1540 384 3
1540 505 6
1540 1537 3
1540 1541 7
1541 251 6
1541 1310 247
1541 1540 7
1542 51 16
1542 425 214
1542 1534 17
1543 1343 48
1544 1534 178
1544 1547 43
1545 1059 11
1545 1176 169
1546 540 11
1546 1547 8
1547 284 42
1547 1544 43
1547 1546 8
1548 734 6
1549 401 11
1549 844 12
1549 1601 2
1550 127 27
1550 833 37
1550 1588 58
1551 1552 37
1552 409 72
1552 469 48
1553 1565 58
1554 1456 65
1555 151 59
1555 1084 47
1556 1442 55
1557 612 140
1557 1558 51
1557 1658 62
1558 1028 169
1558 1202 49
1558 1557 51
1559 30 25
1559 298 13
1559 1561 123
1560 130 76
1560 1175 94
1560 1448 211
1561 649 98
1561 1077 36
1561 1203 10
1562 381 62
1562 1293 128
1563 925 94
1563 1577 11
1564 803 116
1565 484 68
1565 951 100
1566 881 5
1566 1083 74
1567 1041 61
1567 1493 111
1568 344 12
1568 1630 8
1569 1493 111
1570 380 114
1570 493 50
1570 1117 49
1571 324 46
1571 577 118
1572 142 41
1573 364 6
1573 813 160
1573 823 10
1574 1167 5
1574 1575 47
1575 1459 5
1576 378 68
1576 722 64
1576 880 217
1577 174 106
1577 178 36
1578 1518 16
1579 24 90
1579 601 12
1580 64 185
1580 180 6
1580 657 5
1581 1079 14
1581 1222 21
1582 1568 57
1583 887 151
1584 1186 25
1584 1650 74
1585 873 196
1585 1039 65
1586 366 48
1587 1358 63
1587 1426 83
1587 1432 15
1588 1550 58
1588 1638 58
1589 1189 98
1589 1390 131
1589 1620 82
1589 1623 131
1590 365 58
1591 72 130
1591 491 79
1592 1184 98
1593 44 175
1593 253 132
1593 916 60
1593 1308 62
1594 167 178
1594 225 43
1594 1446 13
1595 230 34
1595 1326 30
1595 1499 60
1596 998 183
1596 1429 22
1597 143 81
1597 196 5
1597 874 8
1598 1409 121
1598 1467 25
1599 1614 58
1600 842 50
1600 843 17
1600 1451 22
1601 74 25
1601 1549 2
1601 1602 2
1602 65 9
1602 1549 0
1603 66 6
1603 1604 15
1604 662 346
1605 1353 8
1605 1356 18
1605 1597 128
1606 1390 4
1606 1589 131
1607 249 45
1607 1476 167
1608 1196 63
1609 410 41
1609 1618 29
1610 1208 19
1611 352 57
1611 1066 71
1612 64 4
1612 1610 69
1613 24 11
1613 145 198
1613 956 89
1614 14 64
1614 98 177
1615 651 75
1615 946 61
1616 176 31
1616 832 32
1617 803 46
1617 1619 77
1618 461 26
1618 1609 29
1619 727 11
1619 1617 77
1620 795 170
1620 1523 43
1620 1589 82
1621 247 95
1621 1509 73
1622 1455 38
1623 1390 4
1624 1407 165
1624 1425 24
1625 187 15
1625 308 147
1626 259 44
1626 1270 32
1626 1469 77
1627 1643 44
1628 863 32
1629 907 105
1629 1526 6
1630 328 10
1630 1628 68
1631 170 124
1631 1412 53
1632 154 466
1633 107 67
1633 170 20
1634 799 59
1634 1635 25
1635 1380 43
1635 1634 25
1636 1380 11
1636 1635 41
1637 1175 59
1637 1428 332
1637 1645 18
1638 130 212
1638 1448 74
1638 1588 58
1639 431 56
1639 1458 26
1640 1040 72
1640 1626 75
1641 118 18
1641 1250 178
1642 91 11
1642 1375 37
1643 27 64
1643 1050 124
1643 1396 6
1644 494 4
1644 962 9
1644 1645 144
1645 492 5
1645 1637 18
1645 1646 333
1646 696 7
1646 1428 16
1646 1647 189
1647 90 5
1647 594 19
1647 1074 99
1648 1285 171
1648 1290 37
1648 1536 134
1649 355 8
1650 1183 4
1651 1652 58
1652 305 151
1652 714 85
1652 1651 58
1653 1258 41
1654 176 118
1654 1362 35
1655 1478 36
1656 1409 101
1657 396 51
1657 1176 55
1658 543 136
1658 1162 7
1659 649 9
1659 1203 90
1660 454 98
1660 1120 74
1660 1402 336
1661 399 51
1661 891 854
84 1164 1395 1396
182 298 347 1294
362 735 755 1156
924 1153 1497 1622
