155 387 112 88 2
1 2 1
1 25 1
1 118 1
2 1 1
2 11 1
2 107 1
3 56 1
3 57 1
3 66 1
3 67 1
4 128 1
4 134 1
5 18 1
5 28 1
5 48 1
6 18 1
6 24 1
6 147 1
6 153 1
7 24 1
7 65 1
7 133 1
8 33 1
9 70 1
9 101 1
9 105 1
9 126 1
10 65 1
10 116 1
10 133 1
11 2 1
11 54 1
11 117 1
12 14 1
12 118 1
12 119 1
13 42 1
13 105 1
14 12 1
14 71 1
14 123 1
15 13 1
16 32 1
16 40 1
17 51 1
17 96 1
17 132 1
18 5 1
18 6 1
18 39 1
19 83 1
20 43 1
20 154 1
20 155 1
21 135 1
21 139 1
22 23 1
22 25 1
22 35 1
23 22 1
23 112 1
24 6 1
24 7 1
24 55 1
24 112 1
25 1 1
25 22 1
25 149 1
26 111 1
27 39 1
28 5 1
28 53 1
28 147 1
29 30 1
30 29 1
30 115 1
30 148 1
31 33 1
32 40 1
32 145 1
33 8 1
33 31 1
33 150 1
34 62 1
34 92 1
34 94 1
35 15 1
35 93 1
36 59 1
36 73 1
36 93 1
37 62 1
37 113 1
37 115 1
38 96 1
38 130 1
39 18 1
39 27 1
39 150 1
40 16 1
40 110 1
40 144 1
41 91 1
42 23 1
42 35 1
43 4 1
43 20 1
43 108 1
44 86 1
44 127 1
45 48 1
45 80 1
45 137 1
46 49 1
46 109 1
47 49 1
47 50 1
48 5 1
48 45 1
48 52 1
49 46 1
49 47 1
49 73 1
50 47 1
50 151 1
51 17 1
51 103 1
52 48 1
52 53 1
52 57 1
53 28 1
53 52 1
53 56 1
54 11 1
54 58 1
55 24 1
55 112 1
55 153 1
56 3 1
56 53 1
56 116 1
56 129 1
57 3 1
57 52 1
57 61 1
58 54 1
58 63 1
59 36 1
59 60 1
59 109 1
60 59 1
60 109 1
61 57 1
61 64 1
61 104 1
61 140 1
62 34 1
62 37 1
62 142 1
63 58 1
63 121 1
64 61 1
64 120 1
64 141 1
65 7 1
65 10 1
65 68 1
65 70 1
66 3 1
66 70 1
66 116 1
67 3 1
67 69 1
67 104 1
67 141 1
68 65 1
68 70 1
68 112 1
69 67 1
69 72 1
69 102 1
70 9 1
70 65 1
70 66 1
70 68 1
71 14 1
71 111 1
71 119 1
72 69 1
72 114 1
73 36 1
73 49 1
73 121 1
73 138 1
74 75 1
74 94 1
75 74 1
76 78 1
76 84 1
76 120 1
77 124 1
78 76 1
78 81 1
78 95 1
78 141 1
79 110 1
80 45 1
80 124 1
80 136 1
81 78 1
81 97 1
81 114 1
82 83 1
82 99 1
82 114 1
83 19 1
83 82 1
83 87 1
84 76 1
84 95 1
84 127 1
85 92 1
85 122 1
85 152 1
86 44 1
87 83 1
87 89 1
88 152 1
89 87 1
89 126 1
90 91 1
91 41 1
91 90 1
91 152 1
92 34 1
92 85 1
92 122 1
93 15 1
93 36 1
94 34 1
94 74 1
94 98 1
95 78 1
95 84 1
95 97 1
95 100 1
96 17 1
96 38 1
97 81 1
97 95 1
97 99 1
98 94 1
99 82 1
99 97 1
100 95 1
101 9 1
101 102 1
102 69 1
102 101 1
103 51 1
104 61 1
104 67 1
105 9 1
105 42 1
106 113 1
106 115 1
106 130 1
107 2 1
107 121 1
107 123 1
108 43 1
108 106 1
108 130 1
109 46 1
109 59 1
109 60 1
110 16 1
110 79 1
111 26 1
111 71 1
111 131 1
112 23 1
112 24 1
112 55 1
112 68 1
113 37 1
113 146 1
114 72 1
114 81 1
114 82 1
115 30 1
115 43 1
115 106 1
116 10 1
116 56 1
116 66 1
116 129 1
117 11 1
118 1 1
118 12 1
118 149 1
119 12 1
119 71 1
119 131 1
120 64 1
120 76 1
120 127 1
121 63 1
121 73 1
121 107 1
122 85 1
122 92 1
122 152 1
123 14 1
123 107 1
124 77 1
124 80 1
124 125 1
125 124 1
126 9 1
126 72 1
127 44 1
127 84 1
127 120 1
128 4 1
128 108 1
128 135 1
129 56 1
129 116 1
129 147 1
130 38 1
130 106 1
130 108 1
131 111 1
131 119 1
131 149 1
132 96 1
132 143 1
133 7 1
133 10 1
133 147 1
134 135 1
134 136 1
135 128 1
135 134 1
136 137 1
137 45 1
137 139 1
137 140 1
138 73 1
138 145 1
139 21 1
139 137 1
140 61 1
140 139 1
141 64 1
141 67 1
141 78 1
142 62 1
143 132 1
144 40 1
145 32 1
145 138 1
145 151 1
146 113 1
147 6 1
147 28 1
147 129 1
147 133 1
148 30 1
149 25 1
149 118 1
149 131 1
150 33 1
150 39 1
150 153 1
151 50 1
151 145 1
152 85 1
152 88 1
152 91 1
152 122 1
153 6 1
153 55 1
153 150 1
154 20 1
155 20 1
37 128 135 152
45 48 62 88
