128 250 9 68 2
1 87 179
1 124 46
2 109 14
3 33 263
4 17 61
4 113 173
4 114 7
5 59 199
5 69 66
5 76 94
6 35 15
7 8 19
8 47 44
9 3 14
10 6 18
10 46 21
11 49 36
11 125 95
12 38 239
13 7 484
13 79 34
13 103 12
14 40 8
14 115 28
15 63 48
15 117 168
16 49 99
16 125 13
17 4 61
17 112 25
18 43 196
18 71 71
19 18 59
19 71 13
20 21 79
20 107 6
21 59 65
21 107 78
22 20 98
23 24 28
23 39 24
24 23 28
24 39 23
25 28 29
26 81 91
26 88 13
27 42 174
27 128 14
28 96 24
28 106 45
29 44 29
29 80 11
30 79 107
31 42 12
31 128 175
32 31 63
33 10 73
33 35 50
34 99 335
35 9 311
36 83 5
36 89 14
37 36 14
37 122 222
38 37 370
38 80 370
39 23 24
39 24 23
39 56 46
40 14 8
40 27 160
41 125 58
42 84 13
43 18 196
43 53 45
43 64 11
44 73 627
45 25 20
46 13 484
47 51 37
47 127 110
48 52 13
48 77 158
49 102 50
50 45 22
51 118 44
52 16 159
52 19 12
53 11 40
54 50 202
54 56 110
55 57 51
55 60 120
55 62 75
56 39 46
56 50 95
57 55 51
57 58 50
57 65 75
58 57 50
58 59 55
58 66 76
59 5 199
59 21 65
59 58 55
60 55 120
60 62 48
60 63 329
61 72 532
62 55 75
62 60 48
62 65 51
63 15 48
63 60 329
63 67 185
64 43 11
64 87 9
64 106 241
65 57 75
65 62 51
65 66 50
66 58 76
66 65 50
66 68 69
67 63 185
67 68 117
67 117 62
68 66 69
68 67 117
68 69 54
69 5 66
69 68 54
69 117 116
70 99 408
71 48 12
72 12 63
72 61 532
72 74 41
72 123 9
73 85 8
73 99 30
74 12 44
74 73 13
75 123 29
76 5 94
76 72 31
77 2 69
77 78 13
78 52 157
78 77 13
79 13 34
79 30 107
79 108 455
80 37 8
80 83 15
81 88 82
82 29 81
82 90 15
83 112 11
84 31 10
84 32 63
85 92 13
86 4 13
86 51 181
86 82 15
87 1 179
87 54 27
87 64 9
88 119 94
88 122 16
89 17 32
90 44 79
91 93 4
91 98 52
91 114 9
92 74 8
92 75 12
93 91 4
93 97 5
93 98 47
94 43 252
94 106 19
95 82 56
95 90 66
96 94 25
97 93 5
97 100 5
97 101 47
98 101 5
99 34 335
99 70 408
99 85 30
100 97 5
100 104 5
100 105 46
101 105 6
102 8 34
102 103 504
103 13 12
104 100 5
104 111 5
104 116 46
105 116 4
106 28 45
106 45 23
106 64 241
107 20 6
107 22 99
108 7 50
108 79 455
109 2 14
109 78 69
110 14 163
110 27 11
111 104 5
111 120 5
111 121 46
112 29 15
112 80 18
112 86 84
113 114 167
114 4 7
114 86 13
114 91 9
115 40 25
116 121 5
117 15 168
117 67 62
117 69 116
118 53 43
118 87 42
119 36 114
119 89 117
120 111 5
120 124 5
120 126 46
121 126 5
122 26 15
122 110 135
123 72 9
123 76 30
124 120 5
125 16 13
125 19 152
125 41 58
126 1 5
127 86 72
127 95 14
128 26 133
128 110 14
10 68
46 47
