181 380 133 76 2
1 36 1
1 50 1
1 165 1
2 37 1
2 123 1
2 140 1
3 5 1
3 63 1
3 83 1
4 92 1
4 124 1
5 3 1
5 7 1
5 32 1
6 29 1
6 55 1
6 164 1
7 5 1
7 176 1
8 12 1
8 42 1
8 97 1
9 13 1
9 24 1
9 69 1
9 120 1
10 14 1
11 34 1
12 8 1
12 175 1
13 9 1
13 36 1
13 71 1
13 98 1
14 10 1
14 75 1
14 106 1
15 31 1
15 156 1
16 114 1
16 154 1
16 177 1
17 34 1
18 20 1
18 143 1
19 57 1
19 63 1
19 107 1
20 18 1
20 159 1
21 85 1
21 130 1
21 151 1
22 73 1
23 32 1
23 46 1
24 9 1
24 25 1
24 73 1
24 171 1
25 24 1
25 152 1
25 180 1
26 83 1
26 98 1
26 176 1
27 102 1
28 63 1
29 6 1
29 106 1
29 147 1
30 110 1
30 117 1
30 170 1
31 15 1
31 158 1
32 7 1
32 33 1
32 48 1
33 32 1
33 46 1
33 61 1
34 11 1
34 17 1
34 56 1
34 174 1
35 134 1
36 1 1
36 13 1
36 89 1
37 2 1
38 39 1
38 72 1
38 85 1
39 38 1
39 40 1
39 49 1
40 43 1
40 112 1
40 130 1
41 49 1
42 8 1
42 158 1
43 132 1
44 52 1
44 111 1
45 53 1
45 84 1
45 120 1
46 52 1
47 61 1
48 28 1
48 80 1
49 39 1
49 41 1
49 179 1
50 50 1
50 1 1
51 88 1
51 126 1
52 81 1
52 108 1
53 45 1
54 95 1
54 146 1
55 6 1
56 34 1
56 76 1
56 90 1
57 19 1
58 59 1
58 79 1
58 82 1
59 58 1
59 76 1
59 79 1
59 86 1
60 62 1
61 33 1
61 47 1
61 77 1
62 60 1
62 127 1
62 169 1
63 3 1
63 19 1
64 44 1
64 70 1
65 77 1
66 117 1
67 64 1
68 69 1
69 9 1
69 68 1
69 71 1
70 67 1
71 13 1
71 69 1
71 181 1
72 44 1
72 70 1
73 22 1
73 24 1
74 153 1
74 157 1
75 14 1
75 76 1
75 104 1
76 56 1
76 59 1
76 75 1
77 33 1
77 61 1
77 65 1
78 153 1
79 58 1
79 59 1
80 28 1
80 65 1
81 39 1
81 72 1
82 58 1
82 100 1
82 147 1
83 3 1
83 26 1
83 167 1
84 45 1
85 21 1
85 38 1
85 110 1
85 117 1
86 59 1
86 161 1
86 181 1
87 133 1
87 160 1
87 178 1
88 51 1
88 165 1
89 89 1
89 36 1
90 56 1
91 94 1
91 143 1
92 136 1
92 149 1
93 110 1
94 91 1
94 105 1
94 138 1
95 54 1
95 112 1
96 99 1
96 102 1
96 162 1
97 8 1
97 101 1
98 13 1
98 26 1
98 145 1
98 174 1
99 96 1
99 123 1
99 144 1
100 82 1
101 97 1
101 177 1
102 27 1
102 99 1
103 181 1
104 75 1
104 164 1
104 174 1
105 94 1
106 14 1
106 29 1
106 164 1
106 166 1
107 19 1
108 35 1
108 115 1
109 81 1
110 30 1
110 85 1
110 93 1
111 23 1
111 145 1
112 40 1
112 95 1
112 139 1
113 123 1
114 16 1
115 116 1
115 137 1
116 119 1
116 137 1
117 30 1
117 66 1
117 85 1
118 92 1
118 124 1
119 122 1
119 142 1
120 9 1
120 45 1
120 180 1
121 109 1
121 116 1
122 121 1
122 168 1
123 2 1
123 99 1
123 113 1
124 127 1
124 129 1
125 135 1
125 172 1
125 179 1
126 51 1
127 62 1
127 129 1
128 109 1
128 122 1
129 4 1
129 131 1
130 21 1
130 38 1
130 40 1
131 4 1
131 144 1
132 43 1
132 130 1
133 87 1
134 149 1
135 125 1
135 146 1
136 128 1
137 91 1
138 119 1
138 142 1
139 112 1
140 2 1
141 165 1
142 35 1
143 18 1
143 94 1
144 96 1
144 131 1
145 23 1
145 98 1
145 111 1
146 54 1
146 135 1
147 29 1
147 82 1
147 148 1
148 147 1
149 16 1
149 154 1
150 160 1
151 21 1
152 25 1
153 74 1
153 78 1
154 163 1
155 156 1
156 15 1
156 155 1
157 74 1
157 159 1
158 31 1
158 42 1
158 160 1
159 20 1
159 157 1
160 87 1
160 150 1
160 158 1
160 177 1
161 86 1
162 96 1
162 173 1
163 92 1
163 118 1
164 6 1
164 104 1
164 106 1
165 1 1
165 88 1
165 141 1
166 106 1
167 83 1
168 121 1
169 62 1
170 30 1
171 24 1
172 125 1
172 179 1
173 162 1
174 34 1
174 98 1
174 104 1
175 12 1
175 177 1
176 5 1
176 26 1
177 16 1
177 101 1
177 160 1
177 175 1
178 87 1
179 49 1
179 125 1
179 172 1
180 25 1
180 120 1
181 71 1
181 86 1
181 103 1
15 19 54 81 84 100 144 146 176 178
39 66 79 86 105 129 140 162 168 170
