830 1815 381 239 2
1 69 1
1 649 1
1 830 1
2 153 1
2 229 1
3 141 1
4 28 1
4 88 1
4 553 1
5 95 1
6 410 1
6 749 1
7 29 1
7 61 1
7 636 1
8 6 1
8 404 1
9 30 1
9 190 1
9 426 1
10 516 1
11 307 1
11 817 1
12 199 1
12 423 1
12 441 1
12 521 1
13 255 1
13 757 1
14 15 1
14 208 1
15 29 1
15 61 1
16 169 1
16 339 1
16 469 1
17 401 1
17 411 1
17 724 1
18 318 1
19 191 1
20 24 1
20 818 1
21 181 1
21 262 1
22 295 1
22 525 1
23 249 1
23 350 1
24 326 1
24 342 1
25 474 1
25 614 1
26 306 1
26 707 1
27 333 1
27 477 1
28 4 1
28 188 1
28 448 1
29 7 1
29 37 1
30 9 1
30 317 1
30 451 1
31 385 1
31 388 1
32 117 1
32 475 1
33 493 1
34 226 1
34 401 1
35 577 1
35 793 1
36 47 1
36 383 1
37 29 1
37 38 1
37 405 1
37 417 1
38 37 1
39 43 1
39 200 1
39 202 1
40 74 1
40 511 1
40 820 1
41 251 1
42 225 1
43 259 1
43 660 1
44 251 1
45 126 1
45 337 1
46 407 1
47 50 1
47 58 1
47 621 1
48 246 1
48 291 1
48 420 1
49 116 1
49 530 1
49 709 1
50 47 1
50 66 1
50 746 1
51 238 1
51 372 1
52 50 1
53 331 1
53 529 1
53 768 1
54 52 1
54 55 1
54 482 1
55 54 1
55 346 1
56 296 1
56 364 1
57 328 1
57 431 1
57 809 1
58 232 1
59 167 1
60 185 1
60 332 1
60 617 1
61 14 1
61 515 1
62 375 1
63 98 1
64 118 1
64 374 1
64 467 1
65 189 1
65 217 1
66 306 1
66 645 1
66 707 1
67 46 1
67 804 1
68 46 1
68 193 1
68 476 1
69 1 1
69 186 1
70 323 1
70 775 1
71 442 1
71 443 1
71 672 1
72 146 1
72 216 1
72 237 1
73 146 1
73 382 1
74 40 1
75 212 1
75 246 1
75 799 1
76 36 1
76 73 1
77 125 1
77 486 1
78 79 1
78 260 1
79 256 1
79 798 1
80 298 1
80 828 1
81 298 1
81 740 1
82 276 1
82 293 1
83 158 1
83 706 1
84 99 1
84 171 1
84 790 1
85 87 1
85 163 1
85 304 1
86 296 1
86 758 1
87 85 1
87 88 1
87 733 1
88 4 1
88 87 1
88 89 1
89 88 1
89 106 1
89 347 1
90 225 1
91 355 1
91 377 1
91 380 1
92 431 1
92 546 1
92 548 1
93 83 1
93 478 1
93 706 1
94 432 1
95 5 1
95 434 1
95 507 1
96 437 1
96 763 1
97 144 1
97 147 1
97 316 1
98 18 1
98 103 1
99 84 1
99 697 1
100 104 1
100 357 1
101 600 1
101 770 1
102 719 1
102 778 1
103 98 1
103 649 1
104 62 1
104 100 1
104 406 1
105 420 1
105 602 1
106 89 1
106 316 1
106 738 1
106 739 1
107 565 1
107 691 1
108 170 1
108 550 1
108 749 1
109 241 1
109 410 1
109 749 1
109 751 1
110 111 1
110 116 1
110 299 1
111 110 1
111 299 1
112 121 1
112 556 1
112 714 1
113 65 1
113 514 1
114 214 1
114 717 1
115 197 1
116 49 1
116 107 1
116 110 1
117 206 1
117 359 1
118 238 1
118 372 1
119 295 1
119 305 1
120 243 1
120 280 1
121 336 1
121 715 1
122 243 1
123 497 1
123 744 1
124 125 1
124 516 1
124 705 1
125 77 1
125 124 1
125 673 1
126 131 1
126 166 1
127 124 1
127 673 1
128 274 1
128 369 1
129 127 1
129 422 1
130 166 1
130 248 1
130 652 1
131 151 1
131 807 1
132 129 1
132 314 1
133 135 1
133 149 1
134 70 1
134 132 1
135 134 1
136 25 1
136 618 1
137 138 1
137 606 1
138 137 1
138 372 1
138 464 1
138 583 1
139 482 1
139 639 1
140 143 1
140 472 1
141 13 1
142 775 1
143 151 1
143 472 1
144 349 1
145 207 1
145 209 1
145 632 1
145 683 1
146 73 1
146 306 1
147 97 1
147 554 1
147 693 1
148 235 1
149 133 1
150 543 1
151 143 1
151 172 1
151 807 1
152 279 1
152 425 1
152 718 1
153 452 1
154 162 1
154 192 1
155 156 1
155 301 1
156 155 1
156 159 1
156 214 1
156 620 1
157 428 1
157 430 1
157 680 1
157 748 1
158 83 1
158 309 1
158 478 1
159 156 1
159 620 1
159 621 1
160 303 1
161 540 1
162 160 1
162 526 1
163 85 1
164 150 1
164 541 1
165 342 1
165 651 1
166 126 1
166 130 1
166 337 1
167 59 1
167 334 1
167 820 1
168 364 1
169 16 1
169 233 1
169 377 1
170 557 1
170 762 1
171 131 1
171 166 1
171 807 1
172 171 1
172 485 1
173 174 1
173 816 1
174 173 1
174 527 1
175 320 1
175 546 1
175 805 1
176 675 1
177 560 1
177 720 1
178 180 1
178 548 1
178 795 1
179 352 1
179 400 1
179 796 1
180 178 1
180 403 1
180 558 1
180 595 1
181 177 1
181 720 1
182 505 1
183 367 1
183 460 1
183 507 1
184 80 1
184 616 1
185 60 1
185 215 1
185 510 1
186 69 1
186 666 1
187 405 1
187 600 1
188 28 1
188 545 1
189 65 1
189 292 1
189 427 1
190 9 1
190 427 1
190 672 1
191 566 1
191 625 1
192 312 1
193 68 1
193 641 1
194 508 1
195 165 1
195 309 1
196 234 1
196 619 1
197 269 1
198 105 1
198 223 1
198 655 1
199 12 1
199 516 1
199 772 1
200 39 1
200 268 1
201 3 1
201 395 1
202 379 1
203 488 1
203 596 1
204 223 1
205 561 1
205 725 1
206 361 1
207 145 1
207 687 1
208 15 1
208 752 1
209 145 1
209 392 1
210 369 1
210 523 1
211 212 1
211 635 1
212 75 1
212 217 1
213 211 1
213 801 1
214 114 1
214 156 1
215 185 1
215 213 1
216 72 1
216 288 1
217 65 1
217 215 1
218 253 1
218 771 1
218 822 1
219 220 1
220 219 1
220 221 1
221 220 1
221 222 1
221 224 1
222 221 1
223 198 1
223 414 1
224 638 1
224 642 1
225 42 1
225 90 1
225 603 1
226 481 1
227 192 1
227 303 1
228 370 1
228 538 1
229 2 1
229 231 1
229 721 1
230 358 1
230 520 1
231 234 1
231 286 1
232 55 1
232 787 1
233 169 1
233 377 1
233 380 1
234 653 1
234 781 1
235 148 1
235 209 1
235 632 1
236 245 1
236 326 1
236 368 1
236 818 1
237 104 1
237 357 1
237 375 1
238 120 1
239 465 1
239 687 1
239 786 1
240 247 1
240 503 1
240 628 1
241 109 1
241 410 1
241 544 1
242 558 1
242 766 1
243 118 1
243 374 1
244 824 1
245 236 1
245 294 1
246 48 1
246 113 1
247 240 1
247 465 1
247 687 1
248 130 1
248 522 1
249 289 1
250 576 1
250 659 1
250 819 1
251 41 1
251 44 1
251 325 1
252 424 1
252 730 1
252 774 1
253 218 1
253 254 1
253 261 1
254 253 1
254 661 1
255 117 1
255 258 1
255 475 1
256 257 1
256 262 1
257 78 1
257 785 1
258 255 1
258 263 1
259 43 1
259 555 1
260 79 1
260 585 1
261 535 1
262 21 1
262 257 1
263 258 1
264 254 1
264 261 1
265 605 1
265 829 1
266 640 1
266 797 1
267 627 1
268 39 1
269 63 1
269 716 1
270 272 1
270 823 1
271 108 1
271 378 1
272 267 1
272 270 1
272 492 1
273 275 1
273 537 1
274 128 1
274 311 1
274 476 1
275 273 1
275 320 1
275 751 1
276 293 1
276 512 1
277 194 1
277 508 1
278 106 1
278 586 1
279 152 1
279 331 1
279 510 1
280 284 1
280 623 1
281 688 1
282 494 1
283 550 1
284 122 1
284 571 1
285 72 1
285 288 1
286 2 1
286 231 1
287 136 1
287 351 1
288 285 1
288 698 1
289 31 1
289 747 1
290 282 1
290 513 1
291 48 1
291 491 1
291 655 1
292 189 1
292 748 1
293 276 1
293 755 1
294 245 1
294 615 1
295 119 1
295 305 1
295 509 1
296 56 1
296 86 1
296 544 1
297 552 1
297 622 1
298 80 1
298 81 1
298 633 1
299 110 1
299 111 1
299 556 1
300 320 1
300 729 1
300 795 1
301 155 1
301 408 1
301 787 1
302 407 1
302 794 1
303 154 1
303 723 1
304 85 1
304 529 1
305 119 1
306 66 1
306 76 1
306 146 1
307 11 1
307 335 1
307 538 1
308 19 1
309 158 1
309 470 1
310 692 1
310 694 1
311 274 1
312 226 1
312 281 1
313 438 1
313 651 1
313 728 1
314 129 1
314 442 1
315 290 1
315 517 1
316 97 1
316 106 1
316 553 1
317 30 1
317 449 1
317 554 1
317 672 1
318 395 1
318 421 1
319 205 1
320 175 1
320 275 1
320 300 1
321 590 1
321 596 1
321 783 1
322 23 1
322 659 1
323 70 1
323 132 1
324 560 1
324 792 1
325 251 1
325 631 1
326 24 1
326 821 1
327 632 1
328 57 1
328 458 1
328 806 1
329 612 1
330 436 1
331 53 1
331 279 1
332 622 1
333 27 1
333 742 1
334 167 1
335 307 1
335 461 1
336 466 1
337 803 1
338 463 1
338 700 1
338 763 1
339 16 1
339 469 1
339 763 1
340 547 1
341 343 1
341 685 1
342 165 1
342 470 1
343 685 1
343 688 1
344 582 1
344 697 1
345 196 1
345 231 1
346 55 1
346 408 1
346 482 1
347 89 1
347 733 1
348 773 1
348 780 1
349 161 1
349 779 1
350 315 1
350 592 1
351 287 1
351 742 1
352 179 1
352 498 1
353 724 1
354 813 1
355 91 1
355 358 1
355 810 1
356 393 1
356 500 1
357 216 1
357 237 1
358 230 1
358 355 1
358 368 1
359 528 1
359 634 1
360 826 1
361 22 1
362 45 1
362 360 1
363 245 1
363 527 1
363 821 1
364 56 1
364 168 1
364 365 1
365 364 1
365 805 1
366 459 1
366 809 1
366 813 1
367 183 1
367 507 1
367 679 1
368 380 1
368 493 1
369 128 1
369 523 1
370 488 1
371 51 1
372 51 1
372 138 1
372 389 1
373 448 1
374 62 1
374 64 1
374 406 1
375 26 1
376 279 1
376 756 1
377 91 1
377 169 1
377 233 1
378 200 1
378 202 1
379 259 1
379 555 1
380 91 1
380 233 1
380 818 1
381 408 1
381 629 1
381 752 1
382 73 1
382 285 1
382 383 1
383 382 1
383 384 1
384 383 1
384 701 1
385 34 1
386 385 1
386 388 1
387 371 1
387 389 1
388 184 1
388 828 1
389 138 1
389 699 1
390 561 1
391 500 1
391 593 1
392 148 1
392 209 1
392 393 1
393 356 1
393 392 1
393 394 1
393 503 1
394 393 1
394 593 1
395 18 1
395 201 1
395 398 1
396 759 1
396 793 1
397 674 1
397 706 1
397 723 1
398 18 1
398 103 1
399 624 1
400 179 1
400 669 1
400 750 1
401 534 1
402 454 1
402 480 1
403 180 1
403 611 1
404 8 1
404 542 1
404 758 1
405 435 1
406 122 1
406 571 1
407 302 1
407 599 1
407 759 1
408 301 1
408 346 1
408 381 1
409 539 1
409 713 1
410 6 1
410 241 1
410 404 1
411 17 1
411 536 1
412 776 1
413 353 1
413 536 1
414 223 1
414 416 1
415 495 1
415 788 1
416 412 1
416 498 1
417 37 1
417 600 1
417 731 1
418 572 1
419 519 1
419 646 1
419 647 1
420 48 1
420 799 1
421 3 1
421 395 1
422 133 1
422 134 1
423 12 1
423 424 1
423 501 1
424 423 1
424 765 1
425 152 1
425 448 1
425 450 1
425 489 1
426 9 1
426 451 1
426 490 1
427 189 1
427 190 1
427 430 1
428 157 1
429 90 1
429 560 1
429 789 1
430 157 1
430 427 1
430 648 1
431 92 1
431 611 1
432 329 1
432 403 1
433 249 1
433 322 1
434 95 1
434 727 1
434 756 1
435 176 1
435 436 1
436 330 1
436 435 1
436 551 1
436 617 1
437 96 1
437 609 1
438 313 1
438 445 1
438 572 1
439 518 1
439 532 1
440 648 1
440 680 1
441 12 1
441 705 1
442 71 1
442 314 1
442 446 1
443 442 1
443 648 1
444 67 1
444 804 1
445 658 1
446 71 1
446 502 1
447 554 1
447 672 1
447 693 1
448 28 1
448 373 1
448 425 1
449 317 1
449 450 1
449 451 1
450 425 1
450 449 1
450 671 1
450 704 1
451 30 1
451 426 1
451 449 1
451 704 1
452 222 1
452 224 1
452 702 1
453 457 1
453 791 1
454 340 1
454 402 1
454 456 1
455 402 1
455 454 1
456 402 1
457 99 1
458 328 1
458 354 1
459 366 1
460 183 1
460 675 1
460 679 1
461 814 1
462 464 1
462 467 1
463 338 1
463 678 1
464 138 1
464 462 1
464 626 1
465 239 1
465 247 1
465 628 1
466 336 1
466 715 1
467 64 1
467 462 1
467 645 1
468 506 1
468 615 1
469 339 1
469 478 1
470 20 1
470 309 1
471 651 1
471 728 1
471 821 1
472 140 1
472 310 1
473 307 1
474 614 1
474 624 1
475 255 1
475 757 1
476 68 1
476 274 1
477 480 1
477 742 1
478 93 1
478 158 1
478 469 1
479 332 1
480 455 1
480 477 1
481 808 1
482 54 1
482 139 1
482 346 1
483 256 1
483 792 1
483 798 1
484 643 1
485 624 1
485 790 1
486 77 1
487 162 1
488 203 1
489 425 1
489 490 1
489 704 1
490 426 1
490 489 1
490 704 1
491 291 1
491 514 1
491 655 1
492 272 1
492 415 1
492 495 1
493 33 1
493 230 1
493 245 1
494 513 1
494 559 1
495 492 1
495 630 1
496 605 1
496 613 1
496 732 1
497 520 1
497 736 1
498 352 1
498 623 1
498 700 1
499 484 1
499 639 1
500 356 1
500 391 1
501 423 1
501 512 1
501 764 1
502 446 1
502 607 1
502 693 1
503 207 1
503 240 1
503 393 1
504 520 1
504 736 1
505 182 1
505 754 1
506 522 1
506 570 1
507 95 1
507 183 1
507 367 1
508 376 1
509 305 1
509 681 1
510 185 1
510 279 1
510 756 1
511 40 1
511 494 1
511 724 1
512 276 1
512 501 1
512 521 1
512 764 1
513 517 1
513 574 1
514 113 1
514 491 1
514 664 1
515 14 1
515 629 1
516 10 1
516 125 1
516 199 1
517 575 1
517 592 1
518 123 1
518 524 1
519 419 1
519 702 1
520 230 1
520 497 1
520 744 1
521 12 1
521 512 1
521 664 1
522 84 1
522 506 1
523 604 1
524 22 1
525 45 1
526 572 1
526 665 1
526 710 1
527 174 1
527 294 1
527 363 1
528 584 1
528 634 1
529 53 1
529 304 1
530 49 1
530 107 1
530 730 1
531 582 1
531 608 1
531 631 1
531 824 1
532 437 1
532 439 1
532 562 1
533 587 1
533 589 1
534 319 1
534 411 1
535 267 1
535 270 1
536 411 1
536 413 1
536 725 1
537 264 1
538 137 1
538 228 1
538 583 1
539 21 1
539 181 1
540 164 1
540 541 1
541 349 1
541 540 1
541 543 1
542 8 1
542 762 1
543 541 1
543 739 1
544 241 1
544 296 1
544 758 1
545 188 1
545 718 1
546 92 1
546 175 1
546 800 1
547 362 1
547 692 1
548 92 1
548 178 1
548 795 1
549 94 1
550 108 1
550 378 1
551 297 1
552 635 1
552 801 1
553 4 1
553 316 1
554 447 1
554 671 1
555 273 1
556 112 1
556 299 1
557 170 1
557 283 1
558 94 1
558 595 1
559 494 1
559 511 1
560 177 1
560 324 1
560 429 1
561 205 1
561 390 1
562 532 1
562 601 1
563 662 1
564 343 1
564 682 1
565 107 1
565 730 1
566 191 1
566 483 1
566 690 1
567 587 1
567 589 1
567 603 1
568 139 1
568 473 1
569 414 1
569 416 1
570 84 1
570 615 1
570 816 1
571 100 1
571 406 1
572 418 1
572 438 1
572 526 1
573 504 1
573 652 1
574 513 1
574 559 1
575 517 1
575 574 1
576 433 1
576 688 1
577 35 1
577 578 1
578 35 1
578 582 1
579 580 1
579 585 1
580 579 1
580 588 1
580 783 1
581 662 1
582 344 1
582 531 1
582 578 1
583 11 1
583 538 1
583 626 1
584 689 1
585 260 1
585 579 1
586 278 1
587 186 1
587 567 1
587 735 1
588 78 1
588 580 1
588 785 1
589 566 1
589 625 1
590 321 1
590 588 1
591 676 1
591 678 1
592 575 1
592 659 1
593 391 1
593 394 1
594 387 1
594 590 1
595 729 1
595 795 1
596 321 1
596 594 1
596 598 1
597 782 1
598 488 1
598 596 1
599 407 1
600 101 1
600 187 1
600 417 1
601 562 1
601 667 1
601 708 1
602 105 1
602 204 1
602 799 1
603 225 1
603 567 1
603 789 1
604 597 1
605 204 1
605 265 1
605 496 1
606 598 1
606 699 1
607 348 1
607 502 1
608 531 1
608 564 1
608 726 1
608 769 1
609 437 1
609 562 1
609 708 1
610 533 1
610 663 1
611 403 1
611 431 1
611 612 1
612 459 1
612 611 1
613 75 1
613 496 1
614 140 1
614 310 1
615 294 1
615 468 1
615 573 1
616 487 1
617 60 1
617 436 1
617 679 1
618 136 1
618 287 1
619 771 1
620 58 1
620 156 1
621 47 1
621 159 1
621 695 1
622 297 1
622 479 1
623 280 1
623 591 1
623 684 1
624 399 1
624 474 1
624 485 1
625 610 1
626 583 1
626 637 1
626 817 1
627 275 1
627 537 1
628 240 1
628 465 1
628 819 1
629 381 1
629 515 1
629 630 1
630 629 1
630 823 1
631 769 1
632 235 1
632 327 1
633 298 1
633 745 1
634 667 1
635 613 1
636 7 1
636 329 1
636 753 1
637 462 1
637 626 1
637 645 1
638 568 1
639 638 1
639 642 1
640 797 1
640 827 1
641 193 1
641 266 1
642 153 1
642 643 1
643 229 1
643 484 1
644 647 1
644 656 1
645 66 1
645 637 1
645 746 1
646 419 1
647 419 1
647 644 1
648 430 1
648 440 1
648 443 1
649 1 1
649 103 1
649 757 1
650 253 1
650 661 1
651 165 1
651 313 1
651 658 1
652 130 1
652 468 1
652 573 1
653 650 1
654 653 1
654 781 1
655 198 1
655 291 1
655 491 1
656 654 1
657 644 1
657 656 1
658 195 1
659 250 1
659 322 1
659 592 1
660 657 1
661 660 1
662 210 1
662 581 1
662 686 1
663 115 1
664 514 1
664 521 1
664 703 1
665 160 1
665 526 1
666 32 1
666 528 1
667 584 1
667 601 1
668 96 1
668 439 1
669 400 1
669 717 1
670 527 1
670 824 1
671 449 1
671 450 1
671 554 1
672 71 1
672 190 1
672 317 1
673 127 1
673 422 1
674 227 1
674 397 1
675 194 1
675 460 1
676 409 1
676 743 1
677 369 1
677 686 1
678 463 1
678 591 1
678 684 1
679 367 1
679 460 1
679 617 1
680 157 1
680 441 1
680 705 1
681 737 1
682 677 1
682 769 1
683 341 1
683 682 1
684 623 1
684 700 1
685 576 1
685 786 1
686 145 1
686 683 1
687 207 1
687 239 1
687 247 1
688 564 1
688 608 1
689 567 1
689 666 1
690 42 1
690 566 1
691 112 1
691 556 1
692 547 1
692 694 1
693 147 1
693 447 1
693 502 1
694 25 1
694 618 1
695 384 1
695 621 1
695 701 1
696 695 1
696 796 1
697 173 1
697 344 1
697 816 1
698 695 1
698 696 1
699 594 1
699 598 1
700 338 1
700 412 1
700 498 1
701 285 1
701 698 1
702 452 1
702 519 1
703 664 1
704 450 1
704 451 1
704 489 1
704 490 1
705 124 1
705 440 1
705 680 1
706 93 1
706 397 1
707 64 1
708 601 1
708 609 1
708 789 1
709 49 1
709 719 1
709 812 1
710 722 1
711 712 1
711 735 1
712 711 1
712 830 1
713 743 1
714 112 1
714 565 1
715 121 1
715 714 1
716 712 1
717 669 1
717 752 1
718 545 1
719 102 1
719 709 1
719 765 1
720 539 1
720 713 1
721 345 1
721 499 1
722 81 1
722 740 1
723 154 1
723 397 1
724 17 1
724 353 1
724 511 1
725 205 1
725 319 1
725 536 1
726 608 1
726 670 1
726 728 1
727 434 1
728 313 1
728 471 1
728 726 1
729 300 1
729 492 1
730 252 1
730 530 1
731 101 1
731 417 1
731 825 1
732 265 1
732 552 1
733 87 1
733 347 1
734 665 1
734 710 1
735 69 1
735 587 1
735 711 1
736 504 1
736 652 1
736 803 1
737 361 1
738 144 1
738 739 1
739 106 1
739 543 1
739 741 1
740 767 1
741 106 1
741 278 1
742 333 1
742 351 1
742 477 1
742 827 1
743 676 1
743 678 1
743 802 1
744 518 1
744 668 1
744 763 1
745 633 1
745 812 1
746 50 1
746 784 1
747 23 1
747 282 1
748 157 1
748 292 1
749 108 1
749 109 1
750 825 1
750 829 1
751 109 1
751 815 1
752 208 1
752 717 1
753 176 1
753 636 1
753 754 1
754 505 1
754 753 1
754 760 1
755 734 1
756 376 1
756 434 1
756 510 1
757 13 1
757 649 1
758 86 1
758 404 1
758 544 1
759 325 1
759 407 1
760 277 1
760 754 1
760 761 1
761 760 1
761 768 1
762 170 1
762 542 1
763 96 1
763 338 1
763 339 1
763 744 1
764 501 1
764 512 1
764 765 1
765 424 1
765 530 1
765 719 1
766 549 1
767 102 1
767 778 1
768 53 1
768 331 1
768 761 1
769 128 1
769 677 1
770 187 1
770 551 1
771 218 1
772 199 1
772 774 1
773 323 1
773 775 1
774 252 1
774 772 1
775 142 1
775 773 1
775 780 1
776 569 1
776 674 1
777 82 1
777 755 1
778 777 1
779 348 1
779 607 1
780 142 1
780 161 1
780 779 1
781 234 1
781 286 1
782 210 1
782 563 1
782 604 1
783 321 1
783 580 1
784 637 1
784 746 1
784 817 1
785 387 1
785 588 1
786 239 1
786 819 1
787 155 1
787 301 1
788 242 1
788 629 1
789 429 1
789 708 1
790 453 1
791 396 1
791 457 1
791 794 1
792 483 1
793 396 1
793 577 1
794 302 1
794 444 1
794 791 1
795 178 1
795 300 1
795 595 1
796 352 1
796 696 1
797 266 1
797 641 1
797 811 1
798 308 1
798 483 1
799 75 1
799 420 1
799 602 1
800 805 1
800 806 1
801 213 1
801 479 1
802 463 1
802 743 1
803 123 1
803 524 1
803 736 1
804 302 1
805 175 1
805 365 1
805 800 1
806 92 1
806 328 1
806 800 1
807 151 1
807 171 1
807 172 1
808 386 1
808 616 1
809 57 1
809 366 1
810 355 1
811 811 1
811 797 1
812 116 1
812 709 1
812 745 1
813 354 1
813 809 1
814 228 1
815 271 1
815 379 1
816 570 1
816 697 1
817 11 1
817 784 1
818 20 1
818 236 1
818 380 1
819 250 1
819 628 1
820 40 1
820 167 1
821 326 1
821 363 1
821 471 1
822 218 1
823 272 1
823 630 1
824 244 1
824 531 1
824 670 1
825 669 1
825 731 1
825 750 1
826 119 1
826 525 1
827 640 1
827 742 1
828 31 1
828 281 1
829 265 1
829 825 1
830 1 1
830 712 1
333
795
