788 1786 718 488 4
1 288 1
1 569 1
1 681 1
2 515 1
3 18 1
3 289 1
3 346 1
4 417 1
4 418 1
4 426 1
4 427 1
5 2 1
5 98 1
5 252 1
6 9 1
6 425 1
6 452 1
7 543 1
8 13 1
8 64 1
8 567 1
9 6 1
9 10 1
9 394 1
10 9 1
10 782 1
11 17 1
11 83 1
11 582 1
11 739 1
12 54 1
12 504 1
12 679 1
13 8 1
14 34 1
14 215 1
14 596 1
15 288 1
15 724 1
16 60 1
16 550 1
17 11 1
17 84 1
17 462 1
17 601 1
18 3 1
18 349 1
18 458 1
19 367 1
20 104 1
20 367 1
21 347 1
21 379 1
21 564 1
22 222 1
22 332 1
23 266 1
23 459 1
23 547 1
23 566 1
24 222 1
25 236 1
25 363 1
25 541 1
26 50 1
27 29 1
27 219 1
27 604 1
28 57 1
28 394 1
29 27 1
29 454 1
29 718 1
30 424 1
31 32 1
31 424 1
31 526 1
32 31 1
33 596 1
34 14 1
35 100 1
35 103 1
36 234 1
37 351 1
38 194 1
38 269 1
38 296 1
39 425 1
40 354 1
40 415 1
40 522 1
41 419 1
41 767 1
42 43 1
42 375 1
43 48 1
43 562 1
44 45 1
44 223 1
44 348 1
45 44 1
45 514 1
45 620 1
46 117 1
46 690 1
46 783 1
47 42 1
48 47 1
48 62 1
49 611 1
49 773 1
50 26 1
50 210 1
50 212 1
51 688 1
51 766 1
52 212 1
52 581 1
52 776 1
53 132 1
53 639 1
53 700 1
54 12 1
55 270 1
55 766 1
56 65 1
56 302 1
57 65 1
58 73 1
59 63 1
59 460 1
60 16 1
60 47 1
60 62 1
61 39 1
61 268 1
62 60 1
63 561 1
64 8 1
64 661 1
64 778 1
65 96 1
66 68 1
66 184 1
67 67 1
67 444 1
68 71 1
68 563 1
69 48 1
69 66 1
70 155 1
70 250 1
70 615 1
71 69 1
71 74 1
72 110 1
72 539 1
73 58 1
73 89 1
73 395 1
74 721 1
75 217 1
75 286 1
75 747 1
76 56 1
76 82 1
77 138 1
77 330 1
77 607 1
77 627 1
78 89 1
78 763 1
79 340 1
79 398 1
79 678 1
80 76 1
80 519 1
81 83 1
82 80 1
82 131 1
83 11 1
83 81 1
83 84 1
84 17 1
84 83 1
84 188 1
85 56 1
85 82 1
86 545 1
86 617 1
87 198 1
87 607 1
88 318 1
88 446 1
89 73 1
89 78 1
89 395 1
90 92 1
90 689 1
90 759 1
91 99 1
91 338 1
92 707 1
93 72 1
94 95 1
94 545 1
95 94 1
95 430 1
96 85 1
96 230 1
97 93 1
97 613 1
98 2 1
98 5 1
98 411 1
99 237 1
99 338 1
100 237 1
100 616 1
101 35 1
101 100 1
102 420 1
102 427 1
103 104 1
103 616 1
104 20 1
104 103 1
104 209 1
104 665 1
105 249 1
105 339 1
106 314 1
106 385 1
107 59 1
107 63 1
108 55 1
108 270 1
108 460 1
109 177 1
109 399 1
109 678 1
110 240 1
110 746 1
111 112 1
111 741 1
112 741 1
112 754 1
113 135 1
114 238 1
115 119 1
115 337 1
116 226 1
116 416 1
117 46 1
117 306 1
118 115 1
118 119 1
119 118 1
119 368 1
119 542 1
120 124 1
120 152 1
120 497 1
121 128 1
121 412 1
122 412 1
122 602 1
122 751 1
123 344 1
123 521 1
124 120 1
124 125 1
125 124 1
125 206 1
126 127 1
126 130 1
127 170 1
127 191 1
127 248 1
128 121 1
128 238 1
129 170 1
129 389 1
130 80 1
130 131 1
131 97 1
131 136 1
132 53 1
132 700 1
132 702 1
133 433 1
133 440 1
133 442 1
134 130 1
134 168 1
135 113 1
135 149 1
135 205 1
136 27 1
136 134 1
137 553 1
138 77 1
138 261 1
138 278 1
139 250 1
140 142 1
140 145 1
140 622 1
141 144 1
141 389 1
142 140 1
142 146 1
142 623 1
143 231 1
143 287 1
143 492 1
144 307 1
145 140 1
145 146 1
145 711 1
146 142 1
146 145 1
146 711 1
147 386 1
147 734 1
147 772 1
148 496 1
149 135 1
149 285 1
149 290 1
149 402 1
150 179 1
151 598 1
152 120 1
152 164 1
152 577 1
152 753 1
153 155 1
153 265 1
153 555 1
154 775 1
155 70 1
155 153 1
155 605 1
156 346 1
156 458 1
156 481 1
157 704 1
158 339 1
159 175 1
159 678 1
159 732 1
160 650 1
161 163 1
161 723 1
161 726 1
162 176 1
162 413 1
162 557 1
163 161 1
163 560 1
163 777 1
164 152 1
164 524 1
164 525 1
165 167 1
165 355 1
165 429 1
166 497 1
167 165 1
168 127 1
168 248 1
169 580 1
170 191 1
170 434 1
171 332 1
171 771 1
171 776 1
172 347 1
173 358 1
173 522 1
173 552 1
174 259 1
174 286 1
174 768 1
175 159 1
175 398 1
175 747 1
176 162 1
176 554 1
176 732 1
177 109 1
178 116 1
178 434 1
179 150 1
179 381 1
180 359 1
181 362 1
182 628 1
182 773 1
183 788 1
184 108 1
185 215 1
186 714 1
187 778 1
188 84 1
188 683 1
188 717 1
189 245 1
189 339 1
189 601 1
190 278 1
190 537 1
190 553 1
191 126 1
191 192 1
191 542 1
192 508 1
192 737 1
193 499 1
193 501 1
193 736 1
194 38 1
194 296 1
194 770 1
195 411 1
196 578 1
196 697 1
197 86 1
197 617 1
198 197 1
199 775 1
200 200 1
200 579 1
201 296 1
202 517 1
202 641 1
203 269 1
204 498 1
205 135 1
206 125 1
207 350 1
207 405 1
208 443 1
209 104 1
209 481 1
209 752 1
210 50 1
211 352 1
211 444 1
211 641 1
211 653 1
212 50 1
212 52 1
212 513 1
213 214 1
213 353 1
213 610 1
214 213 1
214 423 1
214 658 1
215 14 1
215 185 1
215 359 1
216 257 1
216 357 1
216 358 1
216 718 1
217 75 1
217 259 1
217 487 1
218 487 1
219 27 1
219 527 1
219 537 1
220 294 1
220 451 1
220 756 1
221 400 1
222 22 1
222 24 1
222 310 1
223 44 1
224 412 1
224 572 1
225 226 1
225 416 1
225 546 1
226 114 1
227 361 1
227 447 1
227 714 1
227 776 1
228 599 1
229 85 1
229 230 1
229 272 1
230 229 1
230 231 1
230 244 1
231 143 1
231 235 1
231 745 1
232 343 1
233 244 1
234 36 1
234 580 1
234 748 1
235 356 1
235 465 1
235 748 1
236 25 1
236 363 1
236 504 1
237 101 1
237 648 1
237 654 1
238 114 1
238 128 1
238 225 1
239 315 1
240 111 1
240 241 1
240 612 1
241 72 1
241 240 1
241 654 1
242 243 1
242 609 1
242 743 1
243 242 1
244 230 1
244 233 1
244 788 1
245 245 1
245 189 1
246 491 1
247 247 1
247 491 1
248 129 1
249 105 1
249 309 1
250 70 1
250 139 1
250 251 1
251 250 1
251 390 1
251 624 1
252 5 1
252 733 1
253 5 1
253 98 1
254 261 1
255 256 1
256 255 1
256 258 1
256 553 1
257 216 1
257 531 1
257 718 1
258 256 1
258 260 1
258 261 1
259 174 1
259 217 1
259 316 1
260 258 1
261 138 1
261 254 1
261 258 1
262 292 1
263 399 1
264 266 1
265 153 1
265 722 1
266 23 1
266 264 1
266 436 1
267 525 1
267 565 1
268 39 1
268 78 1
269 38 1
269 203 1
269 769 1
270 51 1
271 405 1
272 229 1
272 580 1
272 735 1
273 629 1
274 304 1
274 467 1
275 748 1
276 687 1
276 715 1
277 291 1
277 579 1
277 720 1
278 138 1
278 190 1
278 729 1
279 280 1
280 279 1
280 281 1
280 698 1
281 280 1
281 649 1
281 651 1
282 341 1
282 725 1
283 660 1
284 500 1
285 149 1
285 290 1
285 498 1
286 174 1
286 398 1
287 143 1
287 633 1
288 1 1
288 15 1
289 3 1
289 349 1
289 459 1
290 149 1
290 285 1
290 498 1
291 277 1
292 262 1
292 376 1
293 769 1
294 220 1
294 323 1
294 432 1
294 676 1
295 324 1
295 343 1
296 38 1
296 194 1
296 201 1
297 435 1
297 436 1
297 720 1
298 297 1
298 742 1
299 417 1
299 426 1
299 552 1
299 755 1
300 527 1
300 537 1
300 556 1
301 323 1
301 432 1
301 556 1
302 28 1
302 495 1
303 141 1
303 381 1
304 303 1
305 470 1
305 583 1
305 672 1
306 117 1
306 308 1
306 784 1
307 274 1
307 727 1
308 306 1
309 249 1
309 373 1
310 222 1
310 332 1
310 335 1
311 312 1
311 686 1
312 311 1
313 314 1
313 554 1
314 106 1
314 313 1
314 557 1
315 239 1
315 539 1
315 760 1
316 259 1
316 317 1
317 321 1
317 366 1
318 433 1
318 545 1
319 316 1
319 757 1
320 513 1
321 319 1
322 733 1
323 294 1
323 301 1
323 527 1
324 764 1
324 786 1
325 360 1
326 401 1
327 328 1
327 329 1
328 327 1
329 765 1
330 77 1
330 773 1
331 383 1
331 765 1
332 22 1
332 171 1
332 310 1
333 331 1
333 420 1
334 421 1
334 427 1
334 439 1
335 310 1
335 503 1
336 670 1
336 682 1
337 115 1
338 295 1
339 105 1
339 158 1
339 189 1
340 342 1
340 742 1
341 540 1
341 730 1
342 340 1
342 448 1
342 450 1
343 232 1
343 669 1
344 123 1
344 462 1
345 457 1
345 536 1
346 3 1
346 156 1
346 458 1
347 21 1
347 172 1
348 44 1
348 371 1
348 682 1
349 18 1
349 289 1
349 547 1
350 207 1
350 584 1
350 739 1
351 37 1
351 489 1
351 657 1
352 211 1
352 353 1
352 719 1
353 161 1
353 213 1
353 352 1
354 40 1
354 378 1
354 408 1
355 165 1
355 715 1
355 759 1
356 235 1
356 528 1
357 216 1
357 378 1
357 522 1
357 531 1
358 173 1
358 216 1
358 422 1
359 180 1
359 215 1
359 362 1
360 325 1
360 528 1
361 227 1
361 490 1
362 181 1
362 359 1
362 526 1
363 25 1
363 236 1
363 500 1
364 524 1
364 575 1
365 371 1
366 317 1
366 487 1
367 20 1
368 119 1
369 370 1
369 372 1
370 43 1
370 375 1
371 348 1
371 365 1
371 419 1
371 514 1
372 370 1
372 684 1
373 309 1
374 392 1
375 369 1
375 675 1
376 49 1
376 611 1
377 406 1
378 354 1
378 357 1
378 400 1
379 21 1
380 425 1
381 179 1
381 303 1
381 438 1
382 566 1
383 328 1
383 331 1
384 538 1
384 732 1
384 747 1
385 106 1
386 676 1
386 756 1
387 448 1
388 452 1
388 462 1
388 782 1
389 129 1
389 144 1
390 251 1
390 534 1
390 631 1
391 750 1
392 374 1
392 419 1
392 666 1
393 456 1
393 544 1
394 10 1
394 61 1
394 395 1
395 57 1
395 73 1
395 394 1
396 397 1
397 396 1
397 529 1
397 544 1
398 79 1
398 175 1
398 286 1
399 109 1
399 263 1
399 511 1
400 221 1
400 378 1
400 529 1
401 326 1
401 505 1
402 149 1
403 404 1
403 569 1
404 403 1
404 681 1
405 207 1
405 271 1
405 629 1
405 739 1
406 377 1
406 438 1
407 408 1
407 765 1
408 354 1
408 407 1
408 410 1
409 767 1
410 408 1
410 415 1
410 418 1
411 98 1
411 195 1
411 548 1
412 121 1
412 122 1
412 224 1
413 162 1
414 116 1
414 178 1
415 40 1
415 410 1
415 417 1
416 414 1
416 546 1
417 4 1
417 299 1
417 415 1
417 755 1
418 4 1
418 410 1
418 420 1
419 41 1
419 371 1
419 392 1
420 102 1
420 333 1
420 418 1
420 421 1
421 334 1
421 420 1
421 728 1
422 358 1
422 428 1
422 431 1
422 552 1
423 214 1
423 596 1
423 780 1
424 30 1
424 31 1
424 711 1
425 6 1
425 380 1
426 4 1
426 299 1
426 431 1
427 4 1
427 102 1
427 334 1
427 430 1
428 422 1
428 431 1
428 718 1
429 165 1
430 95 1
430 427 1
430 433 1
431 422 1
431 426 1
431 428 1
431 545 1
432 294 1
432 301 1
432 558 1
433 133 1
433 430 1
434 178 1
434 191 1
435 297 1
435 298 1
436 266 1
436 435 1
437 439 1
437 728 1
438 381 1
438 406 1
439 334 1
439 437 1
439 440 1
440 133 1
440 439 1
440 449 1
441 602 1
441 686 1
442 133 1
442 443 1
443 208 1
443 442 1
443 446 1
444 67 1
444 211 1
444 659 1
445 512 1
445 581 1
445 582 1
446 88 1
446 443 1
447 227 1
448 342 1
448 387 1
448 588 1
449 440 1
450 342 1
450 472 1
450 588 1
451 220 1
452 6 1
452 388 1
452 523 1
453 720 1
454 134 1
454 564 1
455 704 1
456 393 1
457 758 1
458 18 1
458 156 1
458 346 1
458 547 1
459 19 1
459 23 1
459 289 1
459 665 1
460 55 1
460 699 1
461 625 1
461 643 1
461 644 1
462 17 1
462 344 1
462 388 1
462 495 1
463 464 1
464 463 1
464 469 1
464 475 1
465 468 1
465 536 1
465 603 1
466 473 1
467 304 1
467 787 1
468 345 1
469 464 1
470 305 1
471 477 1
472 450 1
473 466 1
473 475 1
474 576 1
475 464 1
475 473 1
475 476 1
475 493 1
476 475 1
476 478 1
476 494 1
477 471 1
477 480 1
477 593 1
478 476 1
478 479 1
478 483 1
479 478 1
479 480 1
479 484 1
480 477 1
480 479 1
480 482 1
481 156 1
481 209 1
482 480 1
482 486 1
482 659 1
483 478 1
484 479 1
485 516 1
485 638 1
485 706 1
486 482 1
487 217 1
487 218 1
487 366 1
487 538 1
488 489 1
488 655 1
488 657 1
489 351 1
489 488 1
489 490 1
489 506 1
490 361 1
490 489 1
491 246 1
491 247 1
491 727 1
492 143 1
493 475 1
493 494 1
494 476 1
494 493 1
495 28 1
495 302 1
495 462 1
496 148 1
496 691 1
496 725 1
497 120 1
497 166 1
498 204 1
498 285 1
498 290 1
498 670 1
499 282 1
500 284 1
500 363 1
500 726 1
501 193 1
501 499 1
501 712 1
502 671 1
502 677 1
502 686 1
503 335 1
503 505 1
504 12 1
504 236 1
504 630 1
505 401 1
505 503 1
506 489 1
506 651 1
507 193 1
507 736 1
508 193 1
508 501 1
509 694 1
510 667 1
511 399 1
512 445 1
513 212 1
513 320 1
514 45 1
514 371 1
514 530 1
515 518 1
515 533 1
515 568 1
516 485 1
517 202 1
518 515 1
518 591 1
519 71 1
519 74 1
520 536 1
521 123 1
522 40 1
522 173 1
522 357 1
522 755 1
523 452 1
524 164 1
524 364 1
524 577 1
525 164 1
525 267 1
525 565 1
526 31 1
526 362 1
526 650 1
527 219 1
527 300 1
527 323 1
528 356 1
528 360 1
529 397 1
529 400 1
529 531 1
530 514 1
531 257 1
531 357 1
531 529 1
532 533 1
533 515 1
533 532 1
533 535 1
534 390 1
534 634 1
534 749 1
535 533 1
536 457 1
536 465 1
536 520 1
537 190 1
537 219 1
537 300 1
538 384 1
538 487 1
539 110 1
539 315 1
540 518 1
541 25 1
542 191 1
542 414 1
542 546 1
543 7 1
543 565 1
543 571 1
544 393 1
544 397 1
545 86 1
545 94 1
545 318 1
545 431 1
546 118 1
546 225 1
546 542 1
547 23 1
547 349 1
547 458 1
548 411 1
549 566 1
550 16 1
550 774 1
551 708 1
551 713 1
551 716 1
552 173 1
552 299 1
552 422 1
553 137 1
553 190 1
553 256 1
554 176 1
554 313 1
555 153 1
556 300 1
556 301 1
556 558 1
557 162 1
557 314 1
558 432 1
558 556 1
558 729 1
559 589 1
560 163 1
560 777 1
561 68 1
561 563 1
562 66 1
562 184 1
563 76 1
564 21 1
564 588 1
565 267 1
565 525 1
565 543 1
565 688 1
566 23 1
566 382 1
566 549 1
567 8 1
567 738 1
567 779 1
568 595 1
568 730 1
569 1 1
569 403 1
569 727 1
570 578 1
570 636 1
570 701 1
571 543 1
571 576 1
572 224 1
572 602 1
573 592 1
574 577 1
575 364 1
575 577 1
576 474 1
576 571 1
576 585 1
576 614 1
577 152 1
577 524 1
577 574 1
577 575 1
578 196 1
578 570 1
578 698 1
579 200 1
579 277 1
579 775 1
580 169 1
580 234 1
580 272 1
580 745 1
581 52 1
581 445 1
581 619 1
582 11 1
582 445 1
582 584 1
582 776 1
583 305 1
583 712 1
583 759 1
584 350 1
584 582 1
584 762 1
585 576 1
585 589 1
585 618 1
586 101 1
586 648 1
587 586 1
588 448 1
588 450 1
588 564 1
589 559 1
589 585 1
589 592 1
590 600 1
591 252 1
591 733 1
592 573 1
592 589 1
592 597 1
593 477 1
594 737 1
594 778 1
594 779 1
595 507 1
596 14 1
596 33 1
596 423 1
597 592 1
597 598 1
597 608 1
598 151 1
598 597 1
598 600 1
599 228 1
599 740 1
600 590 1
600 598 1
600 608 1
601 17 1
601 189 1
601 696 1
602 122 1
602 441 1
602 572 1
603 275 1
603 606 1
604 87 1
604 198 1
605 155 1
605 610 1
605 721 1
606 468 1
606 603 1
606 609 1
607 77 1
607 87 1
607 643 1
608 597 1
608 600 1
608 680 1
609 242 1
609 606 1
609 612 1
610 213 1
610 605 1
610 615 1
611 292 1
611 376 1
611 772 1
612 240 1
612 609 1
612 746 1
613 93 1
613 654 1
614 576 1
615 70 1
615 610 1
615 621 1
616 136 1
616 613 1
617 29 1
617 604 1
618 585 1
619 581 1
620 45 1
621 615 1
621 635 1
621 709 1
622 140 1
622 623 1
622 749 1
623 142 1
623 622 1
623 750 1
624 251 1
625 461 1
625 627 1
625 645 1
626 627 1
626 628 1
626 646 1
627 77 1
627 625 1
627 626 1
628 182 1
628 626 1
629 273 1
629 405 1
630 504 1
631 390 1
632 656 1
632 684 1
632 688 1
633 287 1
634 534 1
635 621 1
635 709 1
636 570 1
636 639 1
636 700 1
637 637 1
637 681 1
638 485 1
638 640 1
639 53 1
639 636 1
639 651 1
639 701 1
640 638 1
640 642 1
640 706 1
641 202 1
641 211 1
641 677 1
642 640 1
642 649 1
642 753 1
643 461 1
643 607 1
643 644 1
644 461 1
644 643 1
644 645 1
645 625 1
645 644 1
645 646 1
646 626 1
646 645 1
647 587 1
647 648 1
648 237 1
648 324 1
648 647 1
649 281 1
649 642 1
649 652 1
649 655 1
650 160 1
650 526 1
650 685 1
651 281 1
651 506 1
651 639 1
651 655 1
652 649 1
652 660 1
653 211 1
653 664 1
654 99 1
654 237 1
654 241 1
655 488 1
655 506 1
655 651 1
656 656 1
656 632 1
657 488 1
657 652 1
657 660 1
658 214 1
659 444 1
659 482 1
659 719 1
660 283 1
660 652 1
660 657 1
660 670 1
661 64 1
662 663 1
663 662 1
663 667 1
663 787 1
664 653 1
664 677 1
665 104 1
665 459 1
666 392 1
667 510 1
667 663 1
667 668 1
668 662 1
668 667 1
669 343 1
669 704 1
669 754 1
670 336 1
670 498 1
670 660 1
670 769 1
671 502 1
671 783 1
672 305 1
673 674 1
674 673 1
674 675 1
675 369 1
675 674 1
676 294 1
676 386 1
676 734 1
677 502 1
677 641 1
677 664 1
678 79 1
678 109 1
678 159 1
679 12 1
680 336 1
680 608 1
680 682 1
681 1 1
681 404 1
681 637 1
682 348 1
682 680 1
682 693 1
683 188 1
684 372 1
684 632 1
684 688 1
685 650 1
686 311 1
686 441 1
686 502 1
687 276 1
687 689 1
687 715 1
688 51 1
688 565 1
688 632 1
688 684 1
689 90 1
689 687 1
689 690 1
690 46 1
690 689 1
690 691 1
691 496 1
691 690 1
691 695 1
692 680 1
692 693 1
693 107 1
693 692 1
693 708 1
694 509 1
694 697 1
695 691 1
695 723 1
696 696 1
696 601 1
697 196 1
697 694 1
697 698 1
698 280 1
698 578 1
698 697 1
698 701 1
699 59 1
699 692 1
700 53 1
700 132 1
700 636 1
701 570 1
701 639 1
701 698 1
702 132 1
702 703 1
702 705 1
703 702 1
704 157 1
704 455 1
704 669 1
705 702 1
706 485 1
706 640 1
706 753 1
707 92 1
707 712 1
708 551 1
708 693 1
708 713 1
709 621 1
709 635 1
709 780 1
710 771 1
711 145 1
711 146 1
711 424 1
712 501 1
712 583 1
712 707 1
713 551 1
713 708 1
713 714 1
714 186 1
714 227 1
714 713 1
715 276 1
715 355 1
715 687 1
716 716 1
716 551 1
717 188 1
718 29 1
718 216 1
718 257 1
718 428 1
719 69 1
719 659 1
719 721 1
720 277 1
720 297 1
720 453 1
721 353 1
721 605 1
721 719 1
722 265 1
723 161 1
723 352 1
723 784 1
724 15 1
724 787 1
725 496 1
725 695 1
725 726 1
726 500 1
726 725 1
726 761 1
727 307 1
727 491 1
727 569 1
728 421 1
728 437 1
729 278 1
729 558 1
729 734 1
730 282 1
730 595 1
731 242 1
731 253 1
732 159 1
732 176 1
732 384 1
733 252 1
733 322 1
733 743 1
734 147 1
734 676 1
734 729 1
735 272 1
736 737 1
737 192 1
737 594 1
737 738 1
738 126 1
738 567 1
739 11 1
739 350 1
739 405 1
740 111 1
740 599 1
741 91 1
741 241 1
742 79 1
742 298 1
742 340 1
743 744 1
744 275 1
744 606 1
745 229 1
745 231 1
745 580 1
746 731 1
747 75 1
747 175 1
747 384 1
748 234 1
748 235 1
748 745 1
749 534 1
749 622 1
749 750 1
750 391 1
750 623 1
750 749 1
751 122 1
752 209 1
753 152 1
753 642 1
753 706 1
754 112 1
754 599 1
754 669 1
755 299 1
755 417 1
755 522 1
756 220 1
756 757 1
757 319 1
757 756 1
758 612 1
758 740 1
759 90 1
759 355 1
759 583 1
760 315 1
761 341 1
761 540 1
762 584 1
763 373 1
764 647 1
765 331 1
765 333 1
765 407 1
766 699 1
767 41 1
767 409 1
768 768 1
768 174 1
769 269 1
769 293 1
769 670 1
770 194 1
771 171 1
771 710 1
772 147 1
772 611 1
773 49 1
773 182 1
773 330 1
774 16 1
775 154 1
775 199 1
775 579 1
776 52 1
776 171 1
776 227 1
776 582 1
777 163 1
777 560 1
778 64 1
778 187 1
778 594 1
779 567 1
779 594 1
779 785 1
780 423 1
780 709 1
780 781 1
781 780 1
782 9 1
782 388 1
783 46 1
783 671 1
783 784 1
784 306 1
784 723 1
784 783 1
785 779 1
786 764 1
787 467 1
787 663 1
787 724 1
788 183 1
788 244 1
33 396 563 654 774
44 185 241 629 776
74 88 127 416 708
237 341 406 700 718
