88 168 70 61 2
1 12 1
2 39 1
2 59 1
2 69 1
3 60 1
4 6 1
5 35 1
6 18 1
7 29 1
7 65 1
8 26 1
9 47 1
9 72 1
9 74 1
10 51 1
11 32 1
11 67 1
12 68 1
13 15 1
13 16 1
13 54 1
14 30 1
14 78 1
15 13 1
15 31 1
15 88 1
16 13 1
16 32 1
16 34 1
17 21 1
17 58 1
18 17 1
18 21 1
19 61 1
19 64 1
20 36 1
20 45 1
20 53 1
21 4 1
22 77 1
23 50 1
24 20 1
25 30 1
25 88 1
26 33 1
26 46 1
27 42 1
27 44 1
28 29 1
28 65 1
29 7 1
29 27 1
29 60 1
30 25 1
30 28 1
30 57 1
31 15 1
31 34 1
31 43 1
32 11 1
32 16 1
32 48 1
33 44 1
33 67 1
34 16 1
34 31 1
34 43 1
35 84 1
36 62 1
37 1 1
37 55 1
38 80 1
38 82 1
39 2 1
39 24 1
40 42 1
40 65 1
40 86 1
41 75 1
42 7 1
42 27 1
42 40 1
43 31 1
43 34 1
43 60 1
44 33 1
44 59 1
44 69 1
45 23 1
45 66 1
46 69 1
47 9 1
47 48 1
48 11 1
48 32 1
48 47 1
49 45 1
50 22 1
50 61 1
51 52 1
51 56 1
52 10 1
53 2 1
53 24 1
54 13 1
54 55 1
55 37 1
55 54 1
55 88 1
56 19 1
57 30 1
57 78 1
58 17 1
58 72 1
59 42 1
59 44 1
60 3 1
60 29 1
60 43 1
61 23 1
61 64 1
62 63 1
63 49 1
63 62 1
64 66 1
65 28 1
65 40 1
65 57 1
66 53 1
67 11 1
67 33 1
67 83 1
68 14 1
68 75 1
69 39 1
70 58 1
70 74 1
71 76 1
72 9 1
72 58 1
72 73 1
73 72 1
74 9 1
74 76 1
75 14 1
75 81 1
76 71 1
76 74 1
77 52 1
78 79 1
78 87 1
79 14 1
79 81 1
80 5 1
80 84 1
81 41 1
81 85 1
82 38 1
83 8 1
84 41 1
85 80 1
85 82 1
86 40 1
87 51 1
87 56 1
88 15 1
88 25 1
88 55 1
7 16 17 25 27 33 56 81
12 38 40 45 54 55 68 74
