233 430 158 174 2
1 149 1
2 27 1
2 158 1
3 33 1
3 112 1
4 159 1
4 181 1
5 143 1
6 5 1
6 225 1
7 40 1
7 163 1
7 170 1
8 32 1
8 207 1
9 26 1
9 148 1
10 77 1
10 121 1
10 227 1
11 199 1
11 224 1
12 93 1
12 95 1
12 149 1
12 197 1
13 219 1
14 66 1
15 30 1
15 34 1
16 126 1
17 21 1
17 120 1
17 201 1
18 220 1
19 150 1
20 181 1
21 120 1
21 159 1
22 36 1
22 138 1
22 152 1
23 144 1
23 179 1
24 26 1
25 126 1
25 227 1
26 9 1
27 2 1
27 165 1
27 198 1
28 165 1
28 169 1
29 129 1
30 32 1
30 188 1
31 167 1
31 218 1
32 30 1
32 37 1
32 188 1
33 3 1
34 15 1
34 57 1
35 209 1
36 22 1
36 191 1
36 215 1
37 32 1
37 46 1
37 187 1
38 205 1
39 221 1
40 7 1
41 222 1
42 36 1
42 222 1
43 42 1
43 221 1
44 233 1
45 94 1
45 122 1
45 203 1
46 37 1
46 38 1
47 72 1
48 73 1
48 115 1
49 56 1
49 131 1
50 106 1
51 160 1
52 54 1
53 52 1
53 74 1
54 59 1
55 131 1
56 15 1
56 57 1
57 34 1
57 55 1
58 53 1
58 54 1
59 65 1
60 17 1
61 63 1
61 173 1
61 216 1
62 146 1
63 61 1
63 91 1
63 233 1
64 58 1
64 59 1
65 70 1
66 14 1
66 232 1
67 6 1
67 165 1
68 64 1
68 65 1
69 35 1
69 204 1
70 115 1
71 107 1
71 166 1
72 123 1
72 213 1
73 68 1
73 70 1
74 75 1
75 52 1
76 48 1
76 81 1
77 10 1
77 189 1
78 210 1
78 217 1
79 47 1
80 164 1
80 192 1
81 48 1
81 117 1
82 118 1
82 132 1
83 82 1
83 105 1
84 33 1
85 47 1
85 113 1
86 114 1
87 163 1
88 16 1
88 142 1
88 226 1
89 174 1
90 157 1
90 161 1
91 63 1
91 101 1
91 216 1
92 1 1
92 95 1
93 12 1
93 116 1
94 79 1
95 145 1
95 206 1
96 173 1
96 174 1
97 104 1
97 184 1
98 44 1
98 136 1
98 194 1
99 86 1
99 98 1
100 37 1
100 38 1
101 91 1
102 116 1
102 164 1
103 195 1
104 176 1
104 193 1
105 82 1
105 130 1
106 121 1
107 86 1
107 98 1
108 85 1
108 113 1
109 166 1
110 126 1
110 162 1
111 102 1
112 84 1
112 180 1
113 135 1
114 71 1
114 130 1
115 76 1
116 93 1
116 102 1
116 125 1
116 190 1
117 81 1
117 83 1
118 83 1
118 117 1
119 45 1
119 94 1
120 17 1
120 60 1
120 232 1
121 10 1
121 196 1
122 45 1
123 13 1
123 85 1
124 84 1
124 180 1
125 102 1
125 145 1
126 25 1
126 110 1
127 29 1
127 78 1
128 50 1
129 44 1
129 136 1
130 105 1
130 114 1
130 214 1
131 118 1
131 132 1
132 4 1
132 49 1
133 168 1
133 193 1
134 160 1
134 224 1
135 119 1
136 99 1
137 124 1
137 182 1
138 22 1
139 13 1
139 123 1
140 231 1
140 232 1
141 202 1
142 88 1
142 161 1
143 67 1
143 169 1
144 23 1
144 186 1
145 171 1
146 162 1
147 155 1
147 186 1
147 201 1
148 200 1
149 12 1
149 196 1
150 228 1
151 28 1
151 226 1
152 22 1
153 109 1
153 166 1
154 19 1
154 175 1
154 183 1
155 147 1
156 201 1
157 90 1
157 211 1
158 198 1
158 226 1
159 21 1
159 181 1
160 211 1
160 230 1
161 62 1
161 90 1
161 142 1
162 142 1
163 7 1
163 87 1
163 170 1
163 213 1
164 80 1
164 102 1
164 151 1
165 27 1
165 67 1
166 71 1
166 109 1
166 153 1
167 31 1
167 220 1
168 133 1
169 80 1
169 143 1
170 7 1
170 163 1
171 92 1
172 137 1
172 182 1
173 61 1
173 96 1
174 89 1
174 173 1
175 154 1
176 180 1
176 193 1
177 92 1
177 178 1
177 189 1
178 177 1
179 23 1
180 172 1
180 176 1
180 182 1
180 183 1
181 4 1
181 20 1
181 49 1
182 124 1
182 137 1
182 180 1
183 154 1
183 228 1
184 97 1
184 104 1
185 158 1
186 144 1
186 147 1
187 8 1
188 108 1
189 77 1
189 177 1
190 111 1
190 116 1
190 208 1
191 36 1
191 222 1
192 213 1
192 223 1
193 69 1
193 104 1
193 133 1
194 98 1
195 103 1
195 203 1
196 106 1
196 121 1
196 149 1
197 93 1
197 128 1
197 208 1
198 28 1
199 11 1
200 51 1
200 202 1
201 17 1
201 147 1
201 156 1
202 229 1
203 45 1
203 195 1
204 35 1
205 97 1
205 204 1
206 95 1
207 34 1
207 55 1
208 197 1
208 212 1
209 46 1
209 187 1
210 191 1
211 141 1
211 160 1
212 111 1
212 208 1
213 163 1
213 164 1
213 192 1
214 130 1
215 210 1
215 217 1
216 61 1
216 91 1
217 167 1
217 218 1
218 127 1
219 100 1
220 18 1
220 167 1
221 39 1
221 43 1
222 41 1
222 42 1
222 221 1
223 139 1
223 219 1
224 11 1
224 134 1
224 230 1
225 5 1
226 88 1
226 157 1
226 158 1
227 10 1
227 25 1
228 172 1
229 24 1
229 148 1
230 185 1
230 224 1
231 140 1
232 66 1
232 120 1
232 140 1
233 29 1
233 63 1
233 78 1
21 27 59 84 103 124 177 212 224 233
52 91 131 139 147 170 180 210 220 228
