126 280 1 126 9
1 2 11
1 16 7
2 1 11
3 4 3
3 18 3
4 3 3
4 5 10
5 4 10
5 6 10
5 20 17
6 5 10
6 7 12
7 6 12
7 8 14
7 22 10
8 7 14
8 9 16
9 8 16
9 10 13
10 9 13
10 11 9
11 10 9
11 12 5
11 26 12
12 11 5
12 13 9
13 12 9
13 14 6
14 13 6
14 15 11
15 14 11
15 30 10
16 1 7
16 17 1
17 16 1
17 33 14
18 3 3
18 19 5
19 18 5
19 35 15
20 5 17
20 21 11
21 20 11
21 22 9
22 7 10
22 21 9
22 23 4
23 22 4
23 24 17
23 39 8
24 23 17
24 25 17
25 24 17
25 26 2
25 41 14
26 11 12
26 25 2
27 28 6
27 43 17
28 27 6
28 29 12
29 28 12
29 30 16
30 15 10
30 29 16
30 31 9
31 30 9
32 33 1
32 48 14
33 17 14
33 32 1
33 34 18
34 33 18
34 35 8
34 50 6
35 19 15
35 34 8
35 36 17
36 35 17
36 37 12
37 36 12
37 38 2
38 37 2
38 54 1
39 23 8
39 40 18
40 39 18
40 41 7
40 56 10
41 25 14
41 40 7
42 43 1
43 27 17
43 42 1
44 45 12
44 60 13
45 44 12
45 46 10
46 45 10
46 47 1
46 62 11
47 46 1
48 32 14
48 49 7
49 48 7
49 50 16
49 65 16
50 34 6
50 49 16
50 51 4
51 50 4
51 67 4
52 53 8
53 52 8
53 54 10
53 69 9
54 38 1
54 53 10
54 55 10
55 54 10
55 71 13
56 40 10
56 57 11
57 56 11
57 58 11
57 73 9
58 57 11
58 59 4
59 58 4
59 60 14
60 44 13
60 59 14
60 61 8
61 60 8
61 62 12
61 77 11
62 46 11
62 61 12
63 79 5
64 65 3
64 80 1
65 49 16
65 64 3
65 66 2
66 65 2
66 67 8
66 82 8
67 51 4
67 66 8
67 68 4
68 67 4
68 69 13
68 84 15
69 53 9
69 68 13
69 70 19
70 69 19
70 71 5
71 55 13
71 70 5
72 73 16
73 57 9
73 72 16
73 74 10
74 73 10
74 75 8
74 90 11
75 74 8
75 76 5
76 75 5
76 92 15
77 61 11
77 78 14
78 77 14
78 79 15
79 63 5
79 78 15
80 64 1
80 81 7
81 80 7
81 82 5
81 97 8
82 66 8
82 81 5
82 83 19
83 82 19
83 84 18
83 99 9
84 68 15
84 83 18
85 101 2
86 87 1
87 86 1
87 88 1
87 103 14
88 87 1
89 90 1
89 105 7
90 74 11
90 89 1
90 91 5
91 90 5
91 92 17
91 107 7
92 76 15
92 91 17
93 94 17
93 109 6
94 93 17
94 95 7
95 94 7
95 111 3
96 97 14
97 81 8
97 96 14
97 98 9
98 97 9
98 99 9
98 114 7
99 83 9
99 98 9
99 100 11
100 99 11
101 85 2
101 102 5
102 101 5
102 103 5
103 87 14
103 102 5
103 104 17
104 103 17
104 105 12
104 120 5
105 89 7
105 104 12
105 106 1
106 105 1
106 107 15
106 122 19
107 91 7
107 106 15
108 124 19
109 93 6
109 110 1
110 109 1
110 111 12
110 126 15
111 95 3
111 110 12
112 113 15
113 112 15
113 114 5
114 98 7
114 113 5
114 115 1
115 114 1
115 116 9
116 115 9
116 117 7
117 116 7
117 118 4
118 117 4
118 119 1
119 118 1
119 120 14
120 104 5
120 119 14
120 121 16
121 120 16
122 106 19
122 123 7
123 122 7
123 124 3
124 108 19
124 123 3
124 125 4
125 124 4
125 126 5
126 110 15
126 125 5
1
9
41
43
51
71
79
80
126
