1056 1372 1 1056 3
1 2 11
1 46 15
2 3 1
3 4 15
3 48 18
4 5 7
5 6 9
5 50 4
6 7 16
8 9 2
9 10 16
9 54 18
10 11 6
11 12 19
11 56 18
12 13 13
13 14 1
13 58 10
14 15 6
15 16 12
15 60 17
17 18 9
17 62 7
18 19 17
19 20 2
19 64 5
20 21 9
21 22 6
21 66 7
22 23 11
23 24 13
23 68 14
24 25 17
25 26 6
25 70 5
26 27 15
27 28 13
27 72 1
28 29 2
29 30 4
29 74 8
30 31 16
31 32 2
31 76 17
32 33 4
33 34 9
33 78 19
34 35 5
35 36 4
35 80 2
36 37 16
37 38 13
37 82 12
38 39 19
39 40 11
39 84 3
40 41 1
41 86 5
42 43 16
43 44 13
43 88 5
45 90 12
46 47 6
47 93 8
48 49 6
49 50 1
49 95 17
50 51 5
51 52 8
51 97 16
52 53 18
53 54 6
53 99 7
54 55 10
55 56 3
55 101 11
56 57 10
57 58 11
57 103 3
58 59 10
59 60 19
59 105 14
60 61 5
62 63 9
63 109 4
64 65 2
65 66 1
65 111 13
66 67 10
67 68 3
67 113 18
68 69 18
69 70 4
69 115 7
71 72 11
71 117 1
72 73 12
73 119 5
74 75 3
75 121 5
77 78 10
77 123 4
78 79 16
79 80 9
79 125 5
80 81 1
81 82 9
81 127 15
82 83 12
83 84 15
83 129 10
84 85 9
85 86 8
85 131 2
86 87 3
87 88 9
87 133 4
88 89 3
89 90 11
89 135 12
90 91 16
91 137 18
92 93 3
92 138 7
93 94 10
94 140 19
95 96 10
97 98 13
98 99 1
98 144 4
99 100 18
100 101 17
100 146 18
101 102 16
102 103 7
102 148 12
103 104 3
104 105 4
104 150 13
105 106 11
106 107 6
106 152 10
108 109 15
108 154 8
109 110 2
110 111 11
111 112 7
112 113 2
112 158 7
113 114 2
114 115 17
114 160 13
116 117 4
117 118 10
118 119 11
118 164 19
119 120 16
120 121 8
120 166 19
121 122 10
122 123 1
122 168 7
123 124 16
124 125 9
124 170 14
125 126 14
126 127 7
126 172 9
127 128 14
128 129 2
128 174 17
129 130 15
130 131 16
130 176 14
131 132 6
132 133 6
132 178 13
134 135 9
134 180 1
135 136 4
136 137 2
136 182 14
138 139 7
139 140 3
139 185 9
140 141 16
141 142 10
141 187 8
142 143 11
143 144 4
143 189 3
144 145 17
145 146 4
145 191 5
146 147 10
147 148 17
147 193 19
148 149 12
149 150 15
149 195 6
150 151 15
151 152 13
151 197 18
152 153 10
153 154 9
153 199 4
155 156 11
155 201 14
156 157 14
157 158 2
157 203 3
159 160 2
159 205 4
160 161 15
161 162 6
161 207 4
162 163 12
163 164 6
163 209 14
164 165 13
165 166 18
166 167 2
167 213 14
168 169 5
169 215 15
170 171 12
171 217 18
172 173 10
173 174 18
173 219 15
174 175 10
175 221 17
176 177 10
177 178 2
177 223 8
178 179 16
179 180 18
179 225 2
180 181 2
181 182 4
181 227 4
182 183 5
184 185 1
184 230 1
185 186 8
186 187 1
186 232 2
187 188 6
188 189 5
188 234 5
189 190 7
190 236 8
192 193 5
192 238 17
193 194 3
194 195 6
194 240 8
195 196 3
196 197 5
197 198 19
198 244 1
199 200 4
200 246 17
201 202 1
202 203 16
202 248 13
203 204 6
204 205 16
204 250 9
205 206 16
207 208 11
208 209 4
208 254 10
209 210 8
210 256 6
211 212 14
212 213 13
212 258 19
213 214 5
215 216 3
216 217 3
217 218 8
218 219 14
218 264 14
220 221 11
220 266 13
221 222 12
222 223 10
222 268 6
223 224 2
224 225 12
225 226 12
226 227 18
226 272 8
228 229 6
228 274 18
231 232 2
231 277 18
233 234 1
233 279 9
234 235 12
235 236 18
235 281 2
236 237 8
237 283 16
238 239 7
239 240 6
239 285 10
240 241 3
241 287 4
242 243 5
243 244 15
243 289 16
244 245 17
245 291 4
246 247 3
247 248 9
247 293 15
248 249 11
249 250 7
249 295 15
250 251 10
251 252 15
251 297 19
252 253 11
253 254 16
253 299 17
254 255 6
255 256 1
255 301 12
256 257 8
257 258 18
257 303 12
258 259 14
259 305 1
260 261 1
261 262 18
261 307 6
263 264 12
263 309 14
264 265 5
265 266 4
265 311 12
266 267 11
267 268 16
267 313 5
268 269 7
269 315 5
270 271 17
271 272 12
271 317 18
272 273 5
273 274 3
273 319 8
274 275 15
275 321 14
276 277 7
277 278 17
278 279 15
278 324 13
279 280 5
280 281 11
280 326 12
281 282 3
282 328 5
283 284 9
284 330 3
285 286 13
286 287 1
287 288 18
288 289 2
288 334 16
289 290 6
290 291 8
290 336 13
291 292 17
292 293 17
292 338 3
293 294 16
294 295 5
294 340 7
295 296 8
296 297 2
296 342 6
297 298 10
298 299 5
298 344 3
299 300 9
300 346 5
302 348 15
303 304 5
304 305 15
304 350 2
305 306 17
306 307 14
306 352 11
307 308 17
308 354 11
309 310 14
310 311 1
310 356 11
311 312 18
312 358 5
313 314 2
314 315 3
314 360 4
315 316 3
316 317 5
316 362 17
317 318 13
318 364 9
319 320 19
320 321 6
320 366 6
322 323 11
323 324 5
323 369 11
324 325 7
325 326 15
325 371 7
326 327 13
327 373 14
328 329 14
329 330 12
329 375 18
330 331 16
331 332 6
331 377 12
332 333 4
333 334 1
333 379 14
334 335 14
335 336 13
335 381 12
336 337 18
337 383 10
338 339 16
339 340 17
339 385 14
340 341 2
341 342 14
341 387 10
342 343 10
343 344 15
344 345 16
345 346 2
345 391 7
346 347 7
347 348 6
347 393 2
348 349 18
349 350 2
349 395 5
350 351 6
351 352 16
351 397 2
353 354 6
353 399 9
354 355 1
355 401 9
356 357 3
357 358 18
357 403 3
358 359 5
359 360 15
359 405 3
360 361 15
361 362 12
361 407 14
362 363 9
363 364 15
364 365 16
365 366 6
365 411 5
366 367 4
367 413 14
368 414 8
369 370 7
370 371 15
371 372 9
372 373 4
372 418 16
373 374 12
374 420 11
375 376 1
376 377 7
376 422 7
377 378 17
378 379 1
378 424 18
379 380 11
380 381 16
380 426 17
381 382 3
382 383 11
382 428 19
383 384 19
384 385 5
384 430 15
385 386 7
386 387 1
386 432 14
387 388 1
388 389 3
388 434 17
389 390 13
390 391 10
390 436 7
392 393 15
392 438 15
393 394 17
394 440 7
395 396 11
396 397 18
396 442 12
397 398 14
398 399 18
398 444 10
399 400 11
400 401 1
400 446 2
401 402 2
402 448 6
403 404 11
404 405 1
404 450 7
405 406 3
406 452 7
407 408 14
408 409 8
408 454 17
409 410 6
410 411 9
410 456 12
411 412 15
412 413 15
412 458 15
414 415 9
415 416 1
415 461 1
417 418 4
417 463 10
418 419 3
419 465 4
420 421 14
421 467 6
422 423 2
423 424 15
423 469 3
424 425 7
425 426 16
425 471 5
426 427 15
427 428 14
427 473 1
429 430 16
429 475 10
430 431 18
431 432 15
431 477 17
432 433 4
433 434 1
433 479 16
434 435 2
435 436 14
435 481 9
436 437 13
437 438 19
437 483 4
438 439 15
439 440 9
439 485 11
440 441 5
441 442 10
441 487 18
442 443 11
443 444 4
443 489 6
444 445 13
445 446 7
445 491 7
446 447 6
447 448 2
447 493 2
448 449 18
449 450 16
450 451 9
451 452 7
452 453 8
453 454 13
453 499 9
454 455 18
455 456 18
455 501 17
456 457 17
457 458 19
457 503 14
458 459 15
459 505 13
460 461 17
460 506 1
461 462 8
462 463 11
462 508 4
463 464 1
464 510 9
465 466 9
466 467 11
466 512 11
467 468 1
468 469 16
468 514 10
469 470 6
470 471 6
470 516 11
471 472 12
472 473 2
472 518 10
474 475 15
474 520 19
475 476 3
478 479 12
478 524 16
479 480 6
480 481 16
480 526 9
481 482 13
482 483 9
484 485 10
484 530 12
485 486 8
486 487 1
486 532 19
487 488 2
488 489 5
488 534 3
490 491 8
490 536 19
491 492 14
492 493 10
492 538 7
493 494 14
494 495 18
494 540 7
495 496 1
497 498 19
498 499 7
498 544 14
499 500 2
500 501 9
500 546 19
502 503 14
502 548 2
503 504 11
504 550 8
506 507 1
507 508 12
507 553 13
508 509 9
509 510 1
509 555 4
510 511 8
512 513 14
513 514 18
513 559 15
514 515 11
515 516 8
515 561 18
516 517 15
517 518 6
517 563 8
518 519 7
519 520 1
519 565 18
520 521 13
521 522 7
521 567 15
522 523 12
523 524 13
523 569 9
524 525 6
525 526 1
525 571 4
526 527 8
527 528 8
528 529 18
529 530 3
529 575 19
530 531 14
531 532 12
531 577 18
532 533 8
533 534 8
533 579 1
534 535 4
535 581 13
536 537 18
537 538 1
537 583 12
538 539 15
539 540 13
539 585 11
540 541 7
541 542 4
541 587 9
542 543 4
543 544 6
544 545 11
545 546 13
545 591 3
546 547 5
547 548 18
547 593 7
548 549 10
549 550 8
550 551 2
551 597 16
552 553 16
552 598 15
553 554 15
554 555 17
554 600 14
555 556 13
556 557 12
556 602 11
557 558 8
558 559 4
558 604 3
559 560 13
560 561 6
560 606 12
561 562 9
562 563 1
562 608 13
563 564 14
564 565 1
564 610 12
565 566 6
566 567 16
567 568 19
568 569 9
568 614 14
569 570 2
570 571 10
570 616 17
571 572 1
572 573 9
572 618 15
573 574 13
574 575 6
574 620 13
575 576 10
576 577 1
577 578 18
578 579 1
578 624 19
579 580 2
580 581 13
580 626 4
581 582 13
582 583 14
582 628 6
584 585 1
584 630 6
585 586 12
586 587 2
586 632 15
587 588 10
588 589 7
588 634 15
589 590 1
590 591 17
590 636 1
591 592 14
592 593 8
592 638 10
593 594 9
594 595 1
594 640 19
595 596 10
596 597 13
596 642 7
598 599 1
599 600 11
599 645 13
600 601 13
601 602 18
601 647 7
602 603 4
603 604 16
603 649 16
604 605 10
605 606 17
605 651 9
606 607 10
607 608 16
607 653 3
608 609 10
609 610 7
609 655 17
610 611 2
611 612 7
611 657 2
613 614 14
613 659 1
614 615 5
615 616 18
615 661 12
616 617 6
617 618 2
617 663 11
618 619 19
619 620 1
619 665 11
620 621 17
621 622 7
621 667 11
622 623 9
623 624 9
623 669 14
624 625 7
625 626 18
626 627 14
627 628 3
627 673 2
628 629 10
629 630 2
629 675 3
630 631 9
631 677 4
632 633 7
633 634 6
633 679 8
634 635 8
635 681 8
636 637 11
637 638 14
637 683 5
638 639 18
639 640 5
639 685 7
640 641 1
641 642 5
641 687 9
642 643 11
643 689 19
644 645 4
644 690 10
645 646 8
646 647 15
647 648 15
648 649 1
648 694 1
649 650 16
650 651 18
650 696 1
651 652 11
652 653 16
653 654 9
654 655 10
654 700 11
655 656 2
656 657 10
656 702 14
657 658 9
658 659 4
658 704 6
659 660 11
660 661 19
660 706 2
661 662 5
662 663 9
662 708 18
663 664 17
664 665 9
664 710 8
665 666 15
666 667 4
666 712 19
667 668 17
668 669 5
669 670 1
670 671 13
670 716 10
671 672 8
672 718 3
673 674 7
674 675 18
674 720 18
675 676 5
676 677 12
676 722 12
677 678 4
678 679 9
678 724 1
679 680 8
680 681 4
680 726 8
681 682 5
682 683 15
682 728 4
683 684 11
684 730 10
686 732 8
687 688 14
688 689 16
688 734 17
690 691 13
691 692 10
691 737 19
692 693 13
693 694 4
693 739 1
694 695 12
695 696 15
695 741 13
696 697 1
697 698 12
697 743 10
698 699 1
699 700 12
699 745 14
700 701 19
701 747 3
702 703 7
703 704 6
703 749 19
704 705 15
705 706 10
705 751 15
706 707 14
707 708 2
707 753 14
708 709 14
709 710 16
709 755 18
710 711 18
711 712 17
711 757 9
713 714 18
713 759 18
714 715 18
715 716 3
715 761 12
716 717 7
717 718 17
718 719 4
719 720 6
719 765 9
720 721 9
721 722 15
721 767 11
722 723 1
723 769 9
724 725 13
725 726 1
726 727 16
727 728 13
727 773 7
728 729 16
729 730 14
729 775 13
730 731 10
731 732 7
731 777 5
732 733 3
733 734 3
733 779 6
734 735 4
735 781 9
736 737 12
736 782 15
738 739 12
738 784 13
739 740 12
740 741 14
740 786 18
741 742 3
742 743 2
742 788 6
744 745 13
744 790 13
745 746 9
746 747 7
746 792 10
747 748 8
748 749 5
748 794 9
749 750 9
750 751 14
750 796 11
751 752 16
752 753 4
752 798 10
753 754 15
754 755 18
754 800 6
755 756 14
758 804 9
759 760 1
760 761 16
760 806 1
761 762 4
762 763 8
762 808 13
763 764 3
764 765 16
764 810 8
765 766 2
766 767 19
766 812 3
767 768 11
768 769 9
768 814 8
769 770 18
770 771 2
770 816 13
771 772 17
772 773 13
772 818 19
774 775 7
774 820 10
775 776 12
776 777 2
776 822 15
777 778 13
778 779 1
778 824 1
779 780 4
780 781 6
780 826 12
783 784 10
783 829 1
784 785 9
785 786 15
785 831 5
786 787 2
787 788 10
787 833 5
788 789 14
789 790 3
789 835 1
790 791 8
791 792 16
791 837 4
792 793 2
793 794 8
793 839 19
794 795 7
795 796 19
795 841 15
796 797 15
797 843 17
799 800 11
799 845 11
800 801 5
801 802 15
801 847 10
802 803 12
803 804 18
803 849 17
804 805 16
805 851 6
806 807 14
807 808 12
807 853 9
808 809 17
809 810 1
809 855 18
810 811 4
811 812 7
811 857 7
812 813 11
813 814 3
813 859 12
814 815 5
815 816 2
815 861 16
816 817 3
817 818 10
817 863 11
818 819 7
819 820 2
819 865 18
820 821 7
821 822 10
823 869 19
825 826 1
825 871 11
826 827 19
827 873 16
828 829 15
828 874 13
830 831 19
830 876 12
831 832 7
832 833 4
832 878 10
833 834 13
834 835 1
834 880 2
835 836 6
836 882 18
837 838 15
838 839 14
838 884 18
839 840 12
840 841 2
841 842 1
842 888 12
844 845 4
844 890 15
846 847 15
846 892 11
847 848 1
848 849 11
848 894 11
849 850 5
850 851 8
850 896 4
851 852 11
852 853 14
852 898 13
853 854 12
854 855 8
854 900 3
855 856 7
856 857 3
856 902 4
857 858 8
858 859 9
858 904 15
859 860 16
860 861 2
860 906 2
861 862 10
862 863 5
862 908 1
863 864 9
864 865 2
864 910 1
865 866 13
866 867 14
866 912 1
867 868 6
868 914 12
869 870 5
870 916 18
871 872 15
872 873 12
872 918 16
874 875 6
875 876 12
876 877 19
877 878 9
877 923 17
878 879 4
879 880 17
879 925 2
880 881 1
881 882 10
881 927 1
882 883 14
883 884 4
883 929 16
884 885 16
885 886 17
885 931 17
886 887 13
887 888 15
887 933 1
888 889 11
889 890 3
889 935 6
891 937 19
892 893 8
893 894 12
893 939 8
894 895 11
895 896 9
895 941 3
897 898 6
898 899 1
899 900 13
899 945 19
900 901 11
901 902 8
901 947 3
902 903 9
903 904 6
903 949 7
904 905 18
905 906 10
905 951 6
906 907 2
907 908 4
907 953 18
908 909 2
909 910 9
909 955 12
910 911 18
911 912 12
911 957 1
912 913 8
913 959 6
914 915 5
915 916 5
915 961 12
916 917 15
917 918 10
917 963 16
918 919 18
919 965 16
920 966 4
921 922 17
922 923 4
924 925 7
924 970 3
925 926 18
926 972 6
927 928 16
928 929 9
928 974 19
929 930 9
930 931 15
930 976 7
931 932 9
932 933 1
933 934 9
934 935 1
934 980 14
935 936 17
936 937 18
936 982 19
937 938 2
938 939 5
938 984 8
939 940 9
940 941 14
940 986 18
941 942 1
942 943 1
942 988 1
944 945 6
944 990 15
945 946 17
946 947 1
946 992 18
947 948 1
948 949 17
948 994 18
949 950 1
950 951 2
951 952 1
952 953 11
952 998 17
953 954 3
954 955 12
954 1000 14
955 956 6
956 957 1
956 1002 3
957 958 1
958 1004 3
959 960 9
960 961 8
960 1006 14
961 962 7
963 964 17
964 965 7
964 1010 5
966 967 12
967 968 13
967 1012 11
968 969 14
969 1014 3
970 971 14
971 972 13
971 1016 16
972 973 17
973 974 5
973 1018 2
974 975 3
975 976 4
975 1020 2
976 977 11
977 978 9
977 1022 11
978 979 13
979 980 2
979 1024 16
980 981 5
981 982 7
981 1026 15
982 983 1
983 984 13
983 1028 13
985 986 7
985 1030 7
986 987 2
987 988 18
987 1032 16
988 989 6
989 990 6
989 1034 6
990 991 7
991 1036 16
992 993 16
993 994 9
993 1038 18
994 995 8
995 996 1
995 1040 13
996 997 18
997 1042 16
998 999 2
999 1044 3
1000 1001 1
1001 1002 17
1001 1046 11
1002 1003 15
1003 1004 1
1003 1048 4
1004 1005 6
1005 1006 11
1005 1050 7
1006 1007 9
1007 1008 2
1007 1052 7
1008 1009 6
1009 1010 12
1009 1054 1
1010 1011 15
1011 1056 19
1012 1013 17
1013 1014 7
1014 1015 18
1015 1016 14
1016 1017 15
1017 1018 12
1018 1019 12
1019 1020 4
1020 1021 6
1021 1022 13
1023 1024 2
1024 1025 12
1025 1026 2
1026 1027 12
1027 1028 12
1028 1029 2
1030 1031 3
1032 1033 4
1033 1034 9
1034 1035 13
1035 1036 7
1036 1037 9
1037 1038 17
1038 1039 9
1040 1041 7
1041 1042 17
1042 1043 4
1045 1046 1
1046 1047 15
1047 1048 3
1048 1049 17
1049 1050 3
1050 1051 15
1051 1052 6
1052 1053 18
1053 1054 16
1054 1055 7
1055 1056 11
4 55 59 866
52 488 676 1011
56 58 105 199
