240 287 1 240 36
1 2 7
1 22 15
2 3 7
3 4 11
3 24 6
5 6 14
5 26 15
6 7 7
7 8 1
7 28 19
8 9 1
9 10 1
10 11 3
11 12 6
11 32 15
12 13 18
13 14 8
13 34 1
14 15 6
15 16 15
15 36 18
16 17 7
17 18 15
18 19 18
19 20 6
19 40 5
20 21 4
21 42 14
23 24 4
23 45 9
24 25 4
25 26 16
26 27 18
27 28 7
27 49 14
28 29 2
29 30 6
29 51 11
30 31 3
31 32 7
31 53 12
32 33 2
33 34 19
33 55 19
35 36 18
35 57 15
36 37 3
37 38 5
37 59 5
38 39 7
39 40 16
40 41 14
41 42 14
41 63 4
42 43 17
43 65 16
44 45 1
44 66 12
45 46 16
46 47 7
46 68 17
47 48 5
48 49 3
49 50 10
50 51 12
50 72 10
51 52 18
52 74 4
54 76 4
55 56 12
56 57 12
56 78 18
57 58 18
59 60 10
60 61 3
60 82 1
61 62 6
62 63 19
63 64 18
64 65 3
64 86 12
66 67 5
67 68 16
67 89 11
68 69 7
69 70 1
69 91 3
70 71 6
71 72 1
71 93 12
72 73 16
73 74 16
74 75 1
75 76 16
75 97 13
76 77 4
77 78 3
77 99 14
78 79 18
79 80 6
79 101 2
81 82 13
81 103 9
82 83 11
83 105 9
84 85 10
85 107 15
86 87 6
87 109 19
88 89 10
88 110 16
90 91 15
90 112 11
92 93 6
93 94 13
94 95 13
94 116 5
95 96 14
96 97 2
97 98 12
98 99 4
98 120 10
99 100 17
100 101 17
100 122 1
101 102 13
102 103 14
102 124 7
104 105 3
104 126 10
105 106 1
106 107 3
108 130 7
110 111 1
111 112 15
111 133 7
112 113 18
113 114 16
113 135 15
114 115 18
115 116 11
115 137 4
116 117 1
117 118 4
117 139 12
118 119 18
119 120 14
119 141 18
120 121 4
121 122 1
121 143 15
122 123 2
123 124 13
123 145 19
125 126 16
125 147 8
126 127 4
127 128 12
127 149 12
128 129 1
129 130 2
129 151 4
130 131 13
131 153 3
132 133 5
132 154 8
133 134 11
134 135 15
134 156 8
135 136 2
136 137 8
136 158 16
137 138 17
138 139 10
138 160 3
139 140 7
140 162 12
141 142 10
142 143 3
142 164 6
143 144 5
144 166 7
145 146 8
146 147 6
146 168 4
147 148 9
148 149 5
149 150 1
150 151 12
150 172 3
151 152 12
152 153 17
152 174 7
155 156 3
156 157 16
157 158 14
158 159 18
159 160 18
159 181 14
161 162 14
161 183 14
163 164 1
163 185 11
164 165 17
165 166 12
165 187 18
166 167 13
167 168 17
168 169 2
169 170 1
169 191 13
170 171 16
171 172 2
173 174 12
173 195 10
174 175 6
175 197 14
176 177 17
176 198 3
177 178 3
178 179 8
179 180 7
180 181 4
180 202 13
181 182 7
182 204 18
183 184 2
184 185 12
184 206 8
185 186 12
187 188 11
188 189 9
189 190 5
190 191 6
190 212 16
191 192 9
192 193 9
192 214 8
193 194 9
194 216 12
196 218 12
198 199 17
199 200 10
199 220 17
200 201 1
201 202 17
201 222 5
202 203 2
203 204 10
203 224 15
204 205 7
205 226 12
206 207 11
207 208 7
207 228 8
208 209 17
209 210 4
209 230 5
210 211 9
211 212 18
211 232 6
212 213 12
213 214 6
213 234 3
214 215 16
215 216 8
215 236 2
216 217 7
217 238 17
218 219 7
219 240 7
221 222 7
223 224 13
224 225 10
226 227 9
227 228 1
229 230 5
230 231 7
231 232 7
232 233 7
233 234 11
234 235 19
235 236 10
236 237 11
237 238 16
238 239 18
239 240 16
2
18
24
36
37
38
39
43
45
48
50
55
72
73
79
82
91
101
103
104
110
114
121
127
128
133
137
156
159
165
194
198
217
222
236
239
