390 964 1 390 14
1 2 1
2 1 1
2 3 1
3 2 1
3 30 1
4 5 1
5 4 1
5 6 1
6 5 1
6 7 1
7 6 1
7 8 1
7 34 1
8 7 1
8 9 1
9 8 1
9 10 1
10 9 1
10 11 1
11 10 1
11 12 1
11 38 1
12 11 1
12 13 1
13 12 1
13 14 1
13 40 1
14 13 1
14 15 1
15 14 1
15 16 1
15 42 1
16 15 1
16 17 1
17 16 1
17 18 1
17 44 1
18 17 1
18 19 1
19 18 1
19 20 1
20 19 1
21 22 1
21 48 1
22 21 1
22 23 1
23 22 1
23 24 1
24 23 1
24 25 1
25 24 1
25 26 1
26 25 1
26 27 1
27 26 1
27 54 1
28 29 1
29 28 1
29 30 1
29 57 1
30 3 1
30 29 1
30 31 1
31 30 1
32 33 1
33 32 1
33 34 1
33 61 1
34 7 1
34 33 1
34 35 1
35 34 1
35 36 1
35 63 1
36 35 1
36 37 1
37 36 1
37 38 1
37 65 1
38 11 1
38 37 1
38 39 1
39 38 1
39 40 1
39 67 1
40 13 1
40 39 1
40 41 1
41 40 1
41 42 1
41 69 1
42 15 1
42 41 1
42 43 1
43 42 1
43 44 1
43 71 1
44 17 1
44 43 1
44 45 1
45 44 1
45 46 1
45 73 1
46 45 1
46 47 1
47 46 1
47 48 1
47 75 1
48 21 1
48 47 1
48 49 1
49 48 1
49 50 1
49 77 1
50 49 1
50 51 1
51 50 1
51 52 1
52 51 1
52 53 1
53 52 1
53 54 1
54 27 1
54 53 1
54 55 1
55 54 1
55 83 1
56 57 1
56 84 1
57 29 1
57 56 1
57 58 1
58 57 1
58 59 1
58 86 1
59 58 1
59 60 1
60 59 1
60 88 1
61 33 1
61 62 1
62 61 1
62 63 1
62 90 1
63 35 1
63 62 1
64 65 1
64 92 1
65 37 1
65 64 1
65 66 1
66 65 1
66 67 1
66 94 1
67 39 1
67 66 1
67 68 1
68 67 1
68 69 1
68 96 1
69 41 1
69 68 1
69 70 1
70 69 1
70 71 1
70 98 1
71 43 1
71 70 1
71 72 1
72 71 1
72 73 1
72 100 1
73 45 1
73 72 1
73 74 1
74 73 1
74 75 1
75 47 1
75 74 1
75 76 1
76 75 1
76 77 1
76 104 1
77 49 1
77 76 1
77 78 1
78 77 1
78 106 1
79 80 1
80 79 1
80 81 1
80 108 1
81 80 1
81 82 1
82 81 1
82 83 1
82 110 1
83 55 1
83 82 1
84 56 1
85 86 1
86 58 1
86 85 1
86 87 1
87 86 1
87 115 1
88 60 1
88 89 1
89 88 1
89 90 1
89 117 1
90 62 1
90 89 1
90 91 1
91 90 1
91 92 1
91 119 1
92 64 1
92 91 1
92 93 1
93 92 1
93 94 1
93 121 1
94 66 1
94 93 1
94 95 1
95 94 1
95 96 1
95 123 1
96 68 1
96 95 1
96 97 1
97 96 1
97 98 1
97 125 1
98 70 1
98 97 1
99 100 1
99 127 1
100 72 1
100 99 1
100 101 1
101 100 1
101 102 1
101 129 1
102 101 1
102 103 1
103 102 1
103 104 1
103 131 1
104 76 1
104 103 1
104 105 1
105 104 1
105 106 1
105 133 1
106 78 1
106 105 1
106 107 1
107 106 1
107 108 1
107 135 1
108 80 1
108 107 1
108 109 1
109 108 1
109 110 1
109 137 1
110 82 1
110 109 1
110 111 1
111 110 1
111 139 1
112 113 1
112 140 1
113 112 1
113 114 1
114 113 1
114 115 1
114 142 1
115 87 1
115 114 1
116 117 1
116 144 1
117 89 1
117 116 1
117 118 1
118 117 1
118 119 1
118 146 1
119 91 1
119 118 1
119 120 1
120 119 1
120 121 1
120 148 1
121 93 1
121 120 1
121 122 1
122 121 1
122 123 1
122 150 1
123 95 1
123 122 1
124 125 1
124 152 1
125 97 1
125 124 1
125 126 1
126 125 1
126 127 1
127 99 1
127 126 1
127 128 1
128 127 1
128 129 1
128 156 1
129 101 1
129 128 1
129 130 1
130 129 1
131 103 1
131 132 1
132 131 1
132 133 1
132 160 1
133 105 1
133 132 1
133 134 1
134 133 1
134 135 1
134 162 1
135 107 1
135 134 1
135 136 1
136 135 1
136 137 1
137 109 1
137 136 1
137 138 1
138 137 1
138 139 1
138 166 1
139 111 1
139 138 1
140 112 1
140 141 1
141 140 1
142 114 1
142 143 1
143 142 1
143 144 1
143 171 1
144 116 1
144 143 1
144 145 1
145 144 1
145 146 1
145 173 1
146 118 1
146 145 1
146 147 1
147 146 1
147 148 1
148 120 1
148 147 1
148 149 1
149 148 1
149 150 1
149 177 1
150 122 1
150 149 1
150 151 1
151 150 1
151 152 1
151 179 1
152 124 1
152 151 1
152 153 1
153 152 1
153 154 1
153 181 1
154 153 1
154 155 1
155 154 1
155 156 1
155 183 1
156 128 1
156 155 1
157 158 1
157 185 1
158 157 1
158 159 1
159 158 1
159 160 1
159 187 1
160 132 1
160 159 1
160 161 1
161 160 1
161 162 1
161 189 1
162 134 1
162 161 1
163 164 1
163 191 1
164 163 1
164 165 1
165 164 1
165 166 1
165 193 1
166 138 1
166 165 1
166 167 1
167 166 1
167 195 1
168 169 1
168 196 1
169 168 1
169 170 1
170 169 1
170 171 1
170 198 1
171 143 1
171 170 1
171 172 1
172 171 1
172 173 1
172 200 1
173 145 1
173 172 1
174 175 1
174 202 1
175 174 1
175 176 1
176 175 1
176 177 1
177 149 1
177 176 1
177 178 1
178 177 1
178 206 1
179 151 1
179 180 1
180 179 1
180 181 1
181 153 1
181 180 1
182 183 1
182 210 1
183 155 1
183 182 1
184 185 1
184 212 1
185 157 1
185 184 1
185 186 1
186 185 1
186 214 1
187 159 1
187 188 1
188 187 1
188 189 1
189 161 1
189 188 1
189 190 1
190 189 1
190 191 1
190 218 1
191 163 1
191 190 1
191 192 1
192 191 1
192 193 1
193 165 1
193 192 1
193 194 1
194 193 1
194 195 1
194 222 1
195 167 1
195 194 1
196 168 1
196 197 1
197 196 1
197 225 1
198 170 1
198 199 1
199 198 1
199 200 1
199 227 1
200 172 1
200 199 1
200 201 1
201 200 1
201 202 1
201 229 1
202 174 1
202 201 1
203 204 1
203 231 1
204 203 1
204 205 1
205 204 1
205 233 1
206 178 1
206 207 1
207 206 1
207 208 1
207 235 1
208 207 1
208 209 1
209 208 1
209 210 1
209 237 1
210 182 1
210 209 1
210 211 1
211 210 1
211 239 1
212 184 1
212 213 1
213 212 1
213 214 1
213 241 1
214 186 1
214 213 1
214 215 1
215 214 1
215 216 1
216 215 1
216 217 1
217 216 1
217 218 1
217 245 1
218 190 1
218 217 1
218 219 1
219 218 1
219 220 1
219 247 1
220 219 1
220 221 1
221 220 1
221 222 1
221 249 1
222 194 1
222 221 1
222 223 1
223 222 1
223 251 1
224 225 1
224 252 1
225 197 1
225 224 1
225 226 1
226 225 1
226 227 1
226 254 1
227 199 1
227 226 1
227 228 1
228 227 1
228 229 1
228 256 1
229 201 1
229 228 1
229 230 1
230 229 1
230 231 1
230 258 1
231 203 1
231 230 1
231 232 1
232 231 1
232 260 1
233 205 1
233 234 1
234 233 1
234 235 1
234 262 1
235 207 1
235 234 1
235 236 1
236 235 1
236 237 1
236 264 1
237 209 1
237 236 1
237 238 1
238 237 1
238 239 1
238 266 1
239 211 1
239 238 1
239 240 1
240 239 1
240 268 1
241 213 1
241 242 1
242 241 1
242 270 1
243 244 1
244 243 1
244 245 1
244 272 1
245 217 1
245 244 1
245 246 1
246 245 1
246 247 1
246 274 1
247 219 1
247 246 1
247 248 1
248 247 1
248 249 1
248 276 1
249 221 1
249 248 1
249 250 1
250 249 1
250 278 1
251 223 1
252 224 1
252 253 1
253 252 1
253 254 1
254 226 1
254 253 1
254 255 1
255 254 1
256 228 1
256 257 1
257 256 1
257 258 1
258 230 1
258 257 1
258 259 1
259 258 1
259 260 1
259 287 1
260 232 1
260 259 1
260 261 1
261 260 1
261 262 1
261 289 1
262 234 1
262 261 1
263 264 1
263 291 1
264 236 1
264 263 1
264 265 1
265 264 1
265 266 1
265 293 1
266 238 1
266 265 1
266 267 1
267 266 1
267 268 1
268 240 1
268 267 1
268 269 1
269 268 1
269 270 1
269 297 1
270 242 1
270 269 1
270 271 1
271 270 1
271 272 1
271 299 1
272 244 1
272 271 1
272 273 1
273 272 1
273 274 1
273 301 1
274 246 1
274 273 1
274 275 1
275 274 1
275 276 1
276 248 1
276 275 1
276 277 1
277 276 1
277 278 1
277 305 1
278 250 1
278 277 1
278 279 1
279 278 1
279 307 1
280 281 1
280 308 1
281 280 1
281 282 1
282 281 1
282 283 1
282 310 1
283 282 1
283 284 1
284 283 1
284 285 1
285 284 1
286 287 1
286 314 1
287 259 1
287 286 1
287 288 1
288 287 1
288 289 1
288 316 1
289 261 1
289 288 1
289 290 1
290 289 1
290 291 1
290 318 1
291 263 1
291 290 1
291 292 1
292 291 1
292 293 1
293 265 1
293 292 1
293 294 1
294 293 1
294 295 1
294 322 1
295 294 1
295 296 1
296 295 1
296 297 1
296 324 1
297 269 1
297 296 1
297 298 1
298 297 1
299 271 1
299 300 1
300 299 1
301 273 1
301 302 1
302 301 1
302 303 1
302 330 1
303 302 1
303 304 1
304 303 1
304 332 1
305 277 1
305 306 1
306 305 1
306 307 1
306 334 1
307 279 1
307 306 1
308 280 1
309 310 1
309 337 1
310 282 1
310 309 1
310 311 1
311 310 1
311 312 1
311 339 1
312 311 1
312 313 1
313 312 1
313 314 1
313 341 1
314 286 1
314 313 1
314 315 1
315 314 1
315 316 1
315 343 1
316 288 1
316 315 1
316 317 1
317 316 1
317 318 1
317 345 1
318 290 1
318 317 1
318 319 1
319 318 1
319 320 1
319 347 1
320 319 1
320 321 1
321 320 1
321 322 1
321 349 1
322 294 1
322 321 1
322 323 1
323 322 1
323 324 1
323 351 1
324 296 1
324 323 1
324 325 1
325 324 1
325 326 1
325 353 1
326 325 1
326 327 1
327 326 1
327 328 1
327 355 1
328 327 1
328 329 1
329 328 1
329 357 1
330 302 1
330 331 1
331 330 1
331 359 1
332 304 1
332 333 1
333 332 1
333 334 1
333 361 1
334 306 1
334 333 1
334 335 1
335 334 1
335 363 1
336 337 1
336 364 1
337 309 1
337 336 1
337 338 1
338 337 1
338 339 1
338 366 1
339 311 1
339 338 1
339 340 1
340 339 1
340 341 1
340 368 1
341 313 1
341 340 1
341 342 1
342 341 1
342 343 1
342 370 1
343 315 1
343 342 1
343 344 1
344 343 1
344 345 1
344 372 1
345 317 1
345 344 1
345 346 1
346 345 1
347 319 1
347 348 1
348 347 1
348 349 1
348 376 1
349 321 1
349 348 1
349 350 1
350 349 1
350 351 1
350 378 1
351 323 1
351 350 1
351 352 1
352 351 1
352 353 1
352 380 1
353 325 1
353 352 1
353 354 1
354 353 1
354 355 1
354 382 1
355 327 1
355 354 1
355 356 1
356 355 1
356 357 1
357 329 1
357 356 1
357 358 1
358 357 1
358 359 1
358 386 1
359 331 1
359 358 1
359 360 1
360 359 1
360 361 1
360 388 1
361 333 1
361 360 1
362 363 1
362 390 1
363 335 1
363 362 1
364 336 1
364 365 1
365 364 1
365 366 1
366 338 1
366 365 1
366 367 1
367 366 1
367 368 1
368 340 1
368 367 1
368 369 1
369 368 1
370 342 1
370 371 1
371 370 1
371 372 1
372 344 1
372 371 1
373 374 1
374 373 1
374 375 1
375 374 1
375 376 1
376 348 1
376 375 1
376 377 1
377 376 1
377 378 1
378 350 1
378 377 1
378 379 1
379 378 1
379 380 1
380 352 1
380 379 1
380 381 1
381 380 1
382 354 1
382 383 1
383 382 1
384 385 1
385 384 1
385 386 1
386 358 1
386 385 1
386 387 1
387 386 1
388 360 1
388 389 1
389 388 1
389 390 1
390 362 1
390 389 1
1 88 207
2 3 269
29 30 120
57 59 149
58 178 206
60 91 270
89 331 388
90 177 271
119 268 302
148 273 330
208 240 360
209 359 390
210 211 272
239 301 389
