798 988 1 798 98
1 2 14
1 40 17
2 3 12
3 4 19
4 5 13
5 6 15
5 44 2
7 8 15
7 46 5
8 9 8
9 10 5
9 48 10
10 11 1
11 12 6
11 50 16
12 13 15
13 14 15
14 15 17
15 54 7
16 17 8
17 18 18
17 56 15
19 20 15
19 58 5
20 21 3
21 22 12
21 60 19
22 23 5
23 24 16
23 62 1
24 25 12
25 26 2
25 64 7
26 27 18
27 28 18
27 66 18
29 30 15
29 68 9
30 31 12
31 32 10
31 70 7
32 33 14
33 34 12
33 72 1
34 35 12
35 36 18
35 74 9
36 37 10
37 38 2
37 76 8
38 39 15
39 78 7
40 41 4
41 42 6
42 43 1
43 44 11
43 83 8
44 45 11
45 85 7
46 47 8
47 48 12
47 87 4
48 49 11
49 50 18
49 89 17
51 52 14
52 53 8
53 54 2
53 93 12
54 55 1
55 56 10
55 95 7
56 57 12
57 58 13
57 97 11
58 59 16
59 99 5
60 61 12
61 62 3
61 101 11
63 103 2
64 65 11
65 66 11
65 105 6
67 68 5
67 107 8
69 70 12
69 109 16
70 71 3
71 72 5
71 111 1
72 73 3
73 74 12
74 75 9
75 76 11
75 115 1
76 77 2
77 78 19
77 117 4
78 79 14
79 119 9
80 81 3
80 120 1
81 82 7
82 83 17
82 122 13
83 84 7
84 85 1
84 124 13
85 86 8
86 87 9
86 126 13
87 88 5
88 128 3
89 90 3
90 91 6
90 130 19
91 92 2
92 93 8
92 132 2
93 94 15
94 95 18
94 134 5
95 96 13
96 97 17
96 136 3
97 98 1
98 99 7
98 138 18
99 100 16
100 101 2
100 140 16
101 102 13
102 103 10
102 142 7
103 104 17
104 105 1
105 106 1
106 107 13
106 146 17
107 108 17
108 148 8
109 110 1
110 111 3
111 112 2
112 113 14
112 152 12
113 114 4
114 115 18
114 154 2
115 116 5
116 156 17
117 118 13
118 119 19
118 158 2
120 121 1
121 122 14
122 123 19
123 124 8
123 163 1
124 125 13
125 126 11
125 165 13
127 128 4
128 129 4
129 130 8
130 131 15
131 132 3
131 171 11
132 133 15
133 134 3
133 173 15
134 135 13
135 136 11
135 175 10
136 137 13
137 177 18
138 139 8
139 140 2
139 179 18
140 141 18
141 142 3
141 181 8
142 143 18
143 144 13
143 183 11
144 145 11
145 146 10
145 185 9
146 147 14
147 148 5
147 187 10
148 149 1
149 150 16
149 189 16
150 151 9
151 152 14
151 191 18
152 153 3
153 193 16
154 155 14
155 156 16
155 195 11
156 157 10
157 158 9
157 197 18
158 159 3
159 199 15
160 161 2
160 200 7
161 162 11
162 163 2
162 202 4
163 164 17
164 165 1
164 204 9
165 166 13
166 167 15
167 168 1
169 170 6
170 210 9
171 172 17
172 173 5
173 174 5
174 175 1
174 214 4
176 216 15
177 178 4
178 179 19
178 218 9
179 180 14
180 181 1
180 220 6
181 182 10
182 183 11
182 222 2
183 184 3
184 185 14
184 224 7
185 186 8
186 187 9
187 188 17
188 189 9
189 190 16
190 191 13
190 230 8
191 192 16
192 232 19
193 194 4
194 195 15
194 234 19
195 196 14
196 197 15
197 198 8
198 199 19
198 238 13
200 201 3
201 202 1
201 241 6
202 203 13
203 204 10
204 205 12
205 206 1
205 245 15
206 207 8
207 247 15
208 209 17
209 210 2
209 249 6
210 211 7
211 212 11
212 213 2
213 214 1
213 253 19
214 215 7
215 216 14
215 255 3
217 218 4
217 257 8
218 219 11
219 220 18
219 259 1
221 261 17
222 223 5
223 224 2
223 263 2
224 225 1
225 226 7
225 265 6
226 227 7
227 228 9
227 267 9
228 229 16
229 230 13
229 269 4
230 231 9
231 232 10
231 271 1
232 233 16
233 234 1
233 273 13
234 235 5
235 236 3
237 238 18
237 277 9
238 239 19
239 279 13
240 241 9
241 242 10
242 243 16
242 282 6
243 244 13
244 245 10
244 284 1
245 246 3
246 247 9
246 286 4
247 248 6
248 288 15
249 250 13
250 251 2
250 290 4
251 252 14
252 292 14
253 254 3
254 255 12
255 256 9
256 257 9
256 296 15
257 258 12
258 298 13
259 260 16
260 261 13
260 300 7
261 262 17
262 263 16
262 302 13
263 264 7
264 265 9
264 304 13
266 267 4
266 306 16
267 268 10
268 269 3
268 308 15
269 270 3
270 271 1
270 310 6
272 273 3
272 312 1
273 274 17
274 314 5
275 276 9
276 277 18
277 278 2
278 318 18
280 281 9
281 282 6
281 321 3
282 283 10
283 323 4
284 285 3
285 286 11
285 325 14
286 287 8
287 288 8
287 327 6
288 289 3
289 290 18
289 329 6
290 291 15
291 292 13
291 331 8
292 293 12
293 294 1
293 333 17
294 295 18
295 296 2
295 335 19
296 297 18
297 298 9
297 337 4
298 299 14
299 300 1
299 339 1
300 301 5
301 302 9
301 341 6
302 303 12
303 304 7
304 305 12
305 306 1
305 345 3
307 308 16
307 347 13
308 309 2
309 349 4
310 311 7
311 312 14
311 351 17
312 313 10
313 353 13
315 316 1
315 355 15
316 317 7
317 357 4
318 319 2
319 359 17
320 360 15
321 322 14
322 323 7
322 362 17
323 324 12
324 325 9
324 364 14
325 326 15
326 327 8
326 366 3
327 328 17
328 329 6
329 330 5
330 331 7
330 370 5
331 332 13
332 333 6
332 372 5
334 335 16
334 374 7
335 336 9
336 337 19
336 376 11
337 338 11
338 378 14
339 340 1
340 341 7
340 380 1
341 342 10
342 382 13
343 344 10
344 345 9
344 384 18
345 346 10
346 347 17
347 348 13
348 349 11
348 388 19
349 350 11
350 351 11
350 390 10
351 352 6
352 353 1
352 392 16
354 394 7
355 356 17
356 396 4
357 358 11
358 398 19
360 361 17
361 362 7
362 363 2
363 364 11
364 365 7
365 366 16
365 405 3
366 367 16
367 368 11
368 369 11
369 370 9
369 409 11
370 371 3
371 372 9
371 411 16
372 373 18
373 374 11
373 413 2
374 375 1
375 376 4
375 415 8
376 377 11
377 378 18
377 417 1
378 379 9
379 419 16
380 381 11
381 382 6
381 421 18
382 383 2
383 384 17
383 423 7
384 385 12
385 386 1
386 387 1
387 388 8
387 427 9
388 389 9
389 390 4
389 429 18
390 391 6
391 392 17
391 431 9
392 393 2
393 394 3
393 433 15
394 395 9
395 396 16
395 435 2
396 397 7
397 437 14
398 399 12
399 439 13
400 401 8
400 440 14
401 402 4
402 403 12
402 442 17
403 404 15
404 405 15
406 407 18
406 446 13
407 408 12
408 409 3
408 448 15
410 411 2
411 412 1
412 413 9
412 452 11
413 414 19
414 415 3
414 454 1
415 416 16
416 417 15
416 456 10
417 418 11
418 419 18
418 458 1
419 420 6
420 421 12
420 460 14
421 422 1
422 423 9
423 424 10
424 425 2
425 426 2
426 427 15
426 466 5
427 428 1
428 429 18
428 468 17
429 430 1
430 431 9
432 433 3
432 472 8
434 435 12
434 474 10
435 436 5
436 437 5
438 439 16
440 441 17
441 481 15
442 443 6
443 444 16
445 446 8
445 485 13
446 447 15
447 448 9
447 487 6
448 449 10
449 450 17
449 489 4
451 491 11
452 453 18
453 493 13
455 456 17
455 495 6
456 457 11
457 458 3
457 497 2
459 460 17
459 499 8
460 461 15
461 462 7
462 463 10
463 464 15
463 503 12
464 465 16
465 466 2
465 505 6
466 467 8
467 468 1
467 507 2
468 469 8
469 470 8
469 509 6
471 472 4
471 511 5
473 474 11
473 513 17
474 475 2
475 476 2
475 515 5
476 477 15
477 517 2
478 479 13
479 519 8
480 481 8
480 520 13
481 482 18
482 483 10
482 522 7
483 484 1
484 485 1
484 524 11
485 486 7
486 487 3
486 526 8
487 488 9
488 489 5
488 528 9
489 490 5
490 491 18
490 530 18
492 493 3
492 532 7
493 494 7
494 495 9
494 534 4
495 496 10
496 497 12
496 536 1
498 499 4
498 538 2
499 500 7
500 501 19
500 540 8
501 502 2
502 503 1
502 542 3
503 504 5
504 544 1
505 506 18
507 508 9
508 509 5
508 548 7
509 510 15
510 511 12
510 550 3
511 512 18
512 513 12
512 552 3
513 514 19
514 515 17
514 554 19
515 516 3
516 556 17
517 518 16
518 519 14
518 558 7
520 521 2
521 522 1
522 523 6
523 524 1
523 563 8
524 525 16
525 526 16
525 565 18
526 527 11
527 567 16
528 529 12
529 530 12
530 531 3
531 532 2
532 533 18
533 534 19
533 573 19
535 575 11
537 538 12
537 577 19
538 539 11
539 540 9
539 579 7
540 541 12
541 542 9
541 581 8
542 543 3
544 545 4
545 546 14
545 585 13
546 547 18
547 548 11
547 587 5
549 589 8
550 551 17
551 552 11
551 591 15
552 553 18
553 554 14
553 593 16
554 555 1
555 556 1
555 595 18
556 557 9
557 558 7
557 597 19
558 559 16
559 599 15
560 561 14
560 600 17
561 562 5
562 563 8
562 602 17
563 564 9
564 565 7
565 566 3
566 567 10
566 606 9
567 568 14
568 569 1
568 608 15
569 570 17
571 572 18
572 573 1
572 612 3
574 575 18
574 614 10
575 576 9
576 577 17
576 616 17
578 618 5
579 580 5
580 620 14
581 582 5
582 583 16
582 622 18
583 584 6
586 587 10
586 626 5
587 588 10
588 589 15
588 628 3
589 590 9
590 591 13
591 592 2
592 593 7
592 632 1
593 594 4
594 595 6
594 634 16
595 596 1
596 597 5
596 636 1
597 598 9
598 599 4
598 638 12
600 601 5
601 602 10
601 641 6
602 603 19
603 604 8
603 643 4
604 605 3
605 606 7
605 645 10
606 607 1
607 608 8
607 647 1
608 609 8
609 610 10
610 611 2
611 612 18
612 613 9
613 614 7
613 653 14
614 615 14
615 616 4
615 655 17
616 617 18
617 618 17
617 657 11
618 619 18
619 659 18
620 621 16
621 622 5
621 661 6
622 623 12
623 624 10
623 663 19
624 625 17
625 626 11
625 665 14
627 628 4
627 667 1
628 629 7
629 630 3
629 669 2
630 631 2
631 632 11
631 671 18
632 633 8
633 634 11
633 673 16
634 635 9
635 636 3
636 637 5
637 638 3
637 677 6
638 639 14
639 679 5
640 641 1
640 680 16
641 642 8
642 643 4
642 682 6
643 644 18
644 645 16
644 684 7
645 646 8
646 647 10
646 686 16
648 649 16
648 688 15
649 650 3
650 651 14
650 690 7
651 652 11
652 653 6
652 692 11
653 654 10
654 655 1
654 694 9
656 657 5
656 696 12
657 658 8
658 659 17
658 698 8
659 660 11
660 661 12
661 662 2
662 663 18
662 702 8
663 664 1
664 665 1
664 704 13
666 667 1
667 668 13
668 708 3
670 671 6
670 710 6
671 672 14
672 673 6
673 674 5
674 675 18
674 714 16
675 676 1
676 677 8
676 716 6
678 679 13
678 718 9
680 681 3
681 682 8
681 721 12
682 683 2
683 684 9
683 723 11
684 685 5
685 686 18
685 725 1
686 687 18
687 727 18
688 689 5
689 690 5
690 691 12
691 692 16
692 693 18
693 694 1
694 695 3
695 696 16
695 735 17
696 697 9
697 698 5
698 699 6
700 701 16
701 702 17
701 741 9
702 703 5
703 704 8
705 706 13
705 745 10
706 707 2
707 708 9
709 710 13
709 749 10
710 711 4
711 712 1
711 751 11
712 713 10
713 753 18
714 715 2
715 716 15
715 755 2
716 717 9
717 718 19
717 757 15
719 759 17
720 721 18
720 760 16
721 722 4
722 762 6
723 724 1
724 725 10
724 764 4
725 726 14
726 727 1
726 766 12
727 728 6
728 729 16
728 768 18
729 730 2
730 731 18
730 770 9
732 733 6
732 772 9
733 734 4
734 735 2
734 774 16
735 736 8
736 737 7
736 776 4
738 739 19
738 778 4
740 780 19
741 742 15
742 743 11
742 782 7
744 745 7
744 784 2
745 746 16
746 747 16
746 786 18
747 748 15
748 749 3
748 788 5
749 750 1
750 751 19
750 790 18
751 752 12
752 753 16
752 792 1
753 754 4
754 755 13
754 794 1
756 757 5
757 758 11
758 759 12
758 798 4
760 761 8
761 762 3
762 763 15
763 764 15
764 765 15
765 766 3
767 768 2
768 769 9
769 770 14
770 771 2
771 772 16
772 773 2
773 774 12
774 775 9
776 777 4
777 778 17
778 779 14
780 781 11
781 782 2
782 783 1
784 785 7
785 786 3
786 787 7
787 788 9
788 789 3
789 790 8
790 791 19
791 792 15
792 793 6
793 794 3
794 795 15
795 796 4
796 797 10
797 798 10
5
6
14
26
34
42
53
75
81
85
95
101
113
116
123
129
134
142
146
151
152
169
196
204
207
219
230
238
253
256
257
270
271
291
308
312
317
319
321
330
338
342
348
357
359
371
384
397
402
403
406
410
431
444
462
471
472
481
486
508
511
518
539
546
547
549
563
565
568
571
580
596
598
609
624
629
633
640
642
643
646
655
656
657
660
665
688
689
695
704
716
718
720
729
742
758
772
786
