198 235 1 198 4
1 2 4
1 20 10
2 3 2
4 5 15
5 6 2
6 7 4
7 8 15
7 26 5
9 10 12
9 28 1
11 12 11
11 30 17
12 13 7
13 14 4
13 32 6
14 15 2
15 16 11
15 34 8
16 17 5
17 18 10
17 36 2
18 19 11
19 38 14
20 21 1
21 41 6
22 23 4
23 24 11
24 25 16
25 45 5
26 27 1
27 47 4
28 29 8
29 30 12
29 49 2
30 31 17
32 33 10
33 34 4
33 53 14
35 55 7
37 38 14
37 57 16
38 39 11
39 59 1
40 41 10
40 60 3
41 42 11
42 43 3
43 44 18
44 64 8
45 46 14
46 47 1
46 66 17
47 48 7
48 49 14
48 68 12
49 50 18
50 51 2
50 70 17
51 52 18
52 53 5
52 72 6
53 54 5
54 55 6
54 74 7
55 56 4
56 76 4
57 58 11
58 59 3
58 78 6
61 62 5
61 81 18
63 64 1
64 65 12
65 66 7
65 85 6
66 67 16
67 68 12
67 87 18
68 69 18
69 70 3
69 89 11
70 71 18
71 72 2
71 91 10
72 73 5
73 74 8
73 93 11
75 76 19
75 95 17
76 77 12
77 78 8
78 79 14
79 99 9
80 81 14
80 100 13
81 82 3
82 83 15
82 102 4
83 84 8
84 85 4
84 104 14
85 86 6
86 87 14
86 106 1
87 88 9
88 89 1
88 108 2
90 91 2
90 110 6
91 92 4
92 112 9
93 94 4
94 95 18
94 114 5
95 96 15
97 98 2
98 99 8
98 118 17
100 101 1
101 102 2
101 121 6
102 103 9
103 123 12
104 105 3
105 106 14
105 125 11
106 107 8
107 127 13
108 109 15
109 110 4
111 112 5
111 131 13
112 113 7
113 114 18
113 133 7
114 115 13
115 116 14
115 135 15
116 117 9
117 118 12
117 137 15
118 119 5
119 139 15
120 121 17
120 140 19
121 122 6
122 123 14
122 142 1
123 124 18
124 144 11
125 126 17
126 127 6
126 146 19
127 128 13
128 129 3
128 148 11
129 130 5
130 131 12
130 150 7
131 132 9
132 133 9
132 152 14
133 134 9
134 135 3
134 154 11
135 136 6
136 137 6
136 156 13
138 158 17
140 141 7
141 142 1
141 161 3
143 144 1
143 163 11
144 145 13
145 146 6
145 165 16
146 147 6
147 167 17
148 149 10
149 150 12
149 169 2
150 151 7
151 152 16
151 171 8
152 153 18
153 154 9
153 173 14
154 155 18
155 156 17
155 175 17
156 157 14
157 158 13
158 159 5
159 179 13
160 161 1
160 180 10
161 162 11
162 163 17
162 182 18
164 165 18
164 184 16
166 167 2
167 168 9
168 169 7
169 170 14
170 171 10
170 190 17
172 173 15
172 192 18
173 174 3
174 175 14
175 176 5
176 177 5
176 196 18
177 178 7
178 179 19
178 198 13
180 181 16
181 182 13
182 183 9
183 184 12
184 185 15
185 186 11
186 187 2
187 188 1
188 189 3
189 190 1
190 191 11
191 192 7
192 193 8
193 194 9
194 195 17
195 196 14
196 197 2
1
42
67
155
