286 353 1 286 13
1 2 2
1 24 17
2 3 3
3 4 18
3 26 4
4 5 12
5 6 6
5 28 1
6 7 12
7 8 3
8 9 10
9 10 5
9 32 13
10 11 4
11 12 13
11 34 16
12 13 15
13 14 12
13 36 16
14 15 12
15 16 15
16 17 8
17 18 2
17 40 2
18 19 14
19 20 5
20 21 1
21 22 10
21 44 4
22 23 15
23 46 14
24 25 3
25 26 8
25 49 5
26 27 3
27 28 3
27 51 1
28 29 4
29 30 5
29 53 5
31 32 8
31 55 8
32 33 3
33 34 4
34 35 12
35 36 9
36 37 1
37 38 16
37 61 13
38 39 7
39 40 11
39 63 7
41 42 6
41 65 10
42 43 6
43 44 6
43 67 1
44 45 14
45 46 15
45 69 15
46 47 15
47 71 8
48 49 2
48 72 10
49 50 1
50 51 7
50 74 6
51 52 15
52 76 3
53 54 10
54 55 7
54 78 19
55 56 18
56 57 9
56 80 19
57 58 8
58 59 9
58 82 5
59 60 12
60 61 2
60 84 16
61 62 9
62 63 15
62 86 11
63 64 4
64 65 14
64 88 1
65 66 15
66 67 11
67 68 6
68 69 9
68 92 11
69 70 16
70 71 15
70 94 10
73 74 1
74 75 4
75 76 8
75 99 2
77 78 16
77 101 13
78 79 1
79 80 16
79 103 3
80 81 1
81 82 18
81 105 6
83 84 11
84 85 17
85 86 7
85 109 1
86 87 9
87 88 14
87 111 4
89 90 5
89 113 17
90 91 16
91 92 3
91 115 16
92 93 8
93 94 16
93 117 12
94 95 1
95 119 13
96 97 11
96 120 11
97 98 9
98 122 13
99 100 9
100 101 1
100 124 6
101 102 8
102 103 1
102 126 16
104 105 11
104 128 3
105 106 6
106 107 11
106 130 12
107 108 6
108 132 5
109 110 11
110 111 16
110 134 7
111 112 6
112 113 13
113 114 16
114 115 8
114 138 18
115 116 9
116 117 15
116 140 13
117 118 14
118 119 1
118 142 3
120 121 15
121 122 7
121 145 4
122 123 6
123 124 2
123 147 11
124 125 5
125 149 12
127 128 15
127 151 6
128 129 6
129 130 10
129 153 17
131 132 11
131 155 15
133 134 18
134 135 11
135 159 8
136 137 10
137 138 5
137 161 4
139 140 1
139 163 12
140 141 10
141 142 9
141 165 10
143 167 13
144 145 1
144 168 5
146 147 1
146 170 16
147 148 1
148 149 2
148 172 12
149 150 1
150 151 9
150 174 6
152 153 7
152 176 6
153 154 11
154 155 8
154 178 9
155 156 4
156 157 14
156 180 5
157 158 2
158 159 9
158 182 17
160 161 7
160 184 2
161 162 16
162 163 11
162 186 15
163 164 7
164 165 5
164 188 3
165 166 1
166 167 7
166 190 4
168 169 4
169 170 4
169 193 15
170 171 3
171 172 10
171 195 5
172 173 6
173 174 2
175 176 18
175 199 7
176 177 4
177 178 4
177 201 2
178 179 9
179 203 2
180 181 14
181 182 15
181 205 18
182 183 15
183 184 10
183 207 6
184 185 18
185 209 15
186 187 3
187 188 5
187 211 5
188 189 15
189 190 18
189 213 13
190 191 8
191 215 10
192 216 15
193 194 2
194 195 12
195 196 16
196 197 8
196 220 13
197 198 7
198 199 3
198 222 14
199 200 18
200 201 18
200 224 10
201 202 4
202 203 14
202 226 18
204 205 16
204 228 8
205 206 18
206 207 17
206 230 19
207 208 16
208 209 7
208 232 3
209 210 18
210 234 14
211 212 5
212 236 15
213 214 9
214 215 9
214 238 11
216 217 8
217 218 11
217 241 3
218 219 8
219 220 3
219 243 15
220 221 16
221 222 5
221 245 13
222 223 7
223 224 1
223 247 3
224 225 11
225 249 3
226 227 6
227 228 7
227 251 3
228 229 4
229 230 2
229 253 11
230 231 17
231 232 1
231 255 13
233 234 13
233 257 17
234 235 1
235 236 14
235 259 6
236 237 11
237 261 5
238 239 10
239 263 1
240 241 5
241 242 1
242 243 13
244 268 11
246 247 6
246 270 3
247 248 13
248 249 10
248 272 4
249 250 3
250 251 19
250 274 8
251 252 13
252 276 17
253 254 10
254 255 9
254 278 15
255 256 5
256 257 3
256 280 10
257 258 3
258 259 3
258 282 2
259 260 15
261 262 18
262 286 5
264 265 1
265 266 16
266 267 12
267 268 12
268 269 9
269 270 10
270 271 12
271 272 11
272 273 3
273 274 7
275 276 4
276 277 12
277 278 3
278 279 9
279 280 8
280 281 14
281 282 13
282 283 16
284 285 10
285 286 14
14
31
49
78
101
105
155
160
183
205
209
229
251
