880 1176 1 880 64
1 2 1
1 42 17
2 3 5
3 44 13
4 5 1
5 6 11
5 46 15
6 7 8
7 8 13
7 48 5
8 9 5
9 10 12
9 50 6
10 11 9
11 12 13
11 52 3
12 13 15
13 14 3
13 54 13
14 15 11
15 16 15
15 56 5
16 17 16
17 18 16
17 58 9
18 19 13
19 20 1
19 60 5
20 21 3
21 22 3
21 62 10
22 23 7
23 24 1
23 64 17
24 25 17
25 26 12
25 66 18
26 27 7
27 28 10
27 68 19
28 29 15
29 30 1
29 70 12
30 31 9
31 32 18
31 72 10
32 33 4
33 34 10
33 74 6
34 35 15
35 36 5
35 76 9
36 37 2
37 38 7
38 39 12
39 40 8
39 80 14
40 41 2
41 82 15
42 43 16
43 44 7
43 85 13
44 45 7
45 46 3
46 47 5
47 48 8
47 89 1
48 49 15
49 50 13
49 91 8
50 51 10
51 52 8
51 93 9
52 53 10
53 95 6
54 55 16
55 56 4
55 97 10
56 57 9
57 58 19
57 99 6
58 59 6
59 60 11
59 101 10
60 61 3
61 62 14
62 63 14
63 64 2
63 105 2
64 65 4
65 66 19
65 107 9
66 67 11
67 68 10
67 109 8
68 69 13
69 70 17
69 111 17
70 71 3
71 72 5
71 113 12
72 73 14
73 74 16
73 115 10
74 75 16
75 76 16
75 117 14
76 77 16
77 78 7
77 119 6
78 79 16
79 80 2
79 121 2
80 81 18
81 82 8
81 123 7
82 83 17
83 125 7
84 85 12
84 126 2
85 86 10
86 87 3
86 128 13
87 88 1
88 89 12
88 130 16
89 90 13
90 91 1
90 132 10
91 92 3
92 93 18
92 134 18
93 94 10
94 95 7
94 136 8
95 96 1
96 97 16
96 138 10
97 98 12
98 99 2
98 140 15
99 100 3
100 101 17
100 142 10
101 102 1
102 103 2
102 144 1
103 104 18
104 105 8
104 146 13
105 106 1
106 107 4
106 148 13
107 108 10
108 109 15
108 150 9
109 110 1
110 111 10
110 152 17
111 112 1
112 113 8
112 154 10
113 114 17
114 115 16
114 156 17
115 116 2
116 117 4
116 158 9
117 118 4
118 119 1
118 160 11
120 121 1
120 162 7
121 122 2
122 123 16
122 164 12
123 124 1
124 125 4
124 166 7
126 127 13
127 128 11
128 129 16
129 130 9
129 171 9
130 131 2
131 173 14
132 133 12
133 134 14
133 175 1
134 135 17
135 136 15
135 177 8
136 137 16
137 138 18
137 179 16
138 139 14
139 140 12
139 181 12
140 141 8
141 142 8
141 183 15
142 143 3
143 144 10
143 185 5
145 146 16
145 187 17
146 147 5
147 148 2
147 189 19
148 149 12
149 150 5
149 191 4
150 151 18
151 152 11
151 193 17
152 153 11
153 195 6
154 155 15
155 156 3
155 197 6
156 157 15
157 158 7
157 199 10
158 159 15
159 160 9
159 201 6
160 161 17
161 162 9
161 203 13
162 163 2
163 164 9
163 205 8
164 165 14
165 166 15
165 207 3
166 167 17
167 209 15
168 169 6
168 210 18
169 170 4
170 171 1
170 212 14
171 172 2
172 173 2
172 214 8
173 174 2
174 216 15
176 177 2
176 218 18
177 178 4
178 179 3
179 180 6
180 181 3
180 222 16
181 182 14
182 183 16
182 224 13
183 184 1
184 185 8
184 226 16
185 186 7
186 187 14
187 188 2
188 189 5
188 230 13
190 191 14
190 232 5
191 192 6
192 193 3
192 234 19
193 194 3
194 195 13
194 236 16
195 196 16
196 197 6
196 238 14
197 198 13
198 199 1
199 200 4
200 201 8
200 242 7
201 202 3
202 203 15
202 244 19
203 204 9
204 205 12
205 206 6
206 207 6
206 248 11
207 208 1
208 209 2
208 250 3
210 211 9
211 212 4
211 253 8
212 213 6
213 214 2
213 255 1
214 215 3
215 216 11
215 257 16
216 217 14
217 259 18
218 219 2
219 220 14
219 261 1
220 221 11
221 222 19
221 263 13
222 223 17
223 224 15
224 225 10
225 226 1
225 267 2
226 227 11
227 228 9
227 269 18
228 229 9
229 230 16
230 231 18
231 232 4
231 273 4
232 233 5
233 234 10
233 275 15
235 236 16
235 277 2
236 237 16
237 238 4
237 279 9
238 239 3
239 240 8
239 281 11
240 241 10
241 242 14
241 283 15
242 243 5
243 244 12
243 285 6
244 245 16
245 246 14
245 287 5
246 247 10
247 248 3
247 289 11
248 249 7
249 250 18
249 291 6
251 293 3
252 253 18
252 294 16
253 254 12
254 255 5
254 296 17
255 256 6
256 298 1
257 258 2
258 259 10
258 300 19
259 260 6
260 261 13
260 302 4
261 262 3
262 263 13
262 304 8
263 264 5
264 265 4
264 306 15
265 266 10
266 267 11
266 308 9
267 268 9
268 269 17
268 310 14
270 271 4
270 312 14
271 272 16
272 273 10
272 314 6
273 274 7
274 316 13
275 276 14
276 277 9
276 318 16
277 278 4
278 279 18
278 320 9
279 280 1
280 281 18
281 282 5
282 283 16
282 324 4
283 284 9
284 285 11
284 326 6
285 286 9
286 287 17
286 328 15
287 288 3
288 330 6
289 290 5
290 291 9
291 292 1
292 293 5
292 334 11
294 295 7
295 296 1
295 337 13
296 297 3
297 298 6
297 339 13
298 299 10
299 300 8
299 341 9
300 301 15
301 302 5
301 343 13
302 303 12
303 304 2
304 305 14
305 306 11
305 347 12
306 307 4
307 308 15
307 349 6
308 309 8
309 310 4
309 351 5
310 311 18
311 312 15
311 353 4
312 313 1
313 314 14
313 355 1
314 315 8
315 316 18
315 357 5
316 317 2
317 318 17
317 359 1
318 319 10
319 320 2
319 361 18
320 321 10
321 363 5
322 323 7
323 324 11
323 365 5
324 325 13
325 326 14
325 367 12
327 328 4
328 329 7
329 330 1
329 371 15
330 331 13
331 332 14
331 373 1
333 334 8
333 375 9
334 335 15
335 377 12
336 337 8
336 378 4
337 338 18
338 339 13
338 380 1
340 382 7
341 342 2
342 343 6
342 384 1
343 344 12
344 345 6
344 386 3
346 347 3
346 388 13
347 348 3
348 349 10
348 390 10
349 350 8
350 351 8
350 392 19
351 352 2
352 353 13
352 394 17
353 354 1
354 355 13
354 396 2
355 356 7
356 357 9
356 398 15
357 358 10
358 359 6
358 400 15
360 402 11
361 362 1
362 363 4
363 364 5
364 365 1
365 366 4
366 367 5
366 408 1
367 368 6
368 369 4
368 410 17
369 370 10
370 371 4
370 412 10
371 372 1
372 373 6
372 414 14
373 374 8
374 375 5
374 416 18
375 376 18
376 377 16
376 418 4
378 379 5
379 421 16
380 381 6
381 382 12
381 423 16
382 383 14
383 384 12
383 425 7
384 385 7
385 386 7
385 427 4
386 387 10
387 429 1
388 389 8
389 390 9
389 431 12
390 391 14
391 392 4
391 433 17
392 393 1
393 394 17
394 395 13
395 396 18
395 437 2
397 398 15
397 439 16
398 399 12
399 400 5
399 441 16
400 401 1
401 402 15
401 443 2
402 403 3
403 404 6
403 445 7
404 405 17
405 406 7
405 447 14
406 407 10
407 408 12
407 449 12
408 409 11
409 410 7
410 411 1
411 453 4
412 413 6
413 414 6
413 455 12
414 415 1
415 416 18
415 457 7
416 417 18
417 418 9
417 459 18
419 461 8
420 421 16
420 462 10
421 422 11
422 423 6
422 464 5
423 424 4
424 425 2
424 466 5
426 427 7
426 468 9
428 429 4
428 470 11
429 430 16
430 431 7
430 472 11
431 432 3
432 433 8
432 474 3
433 434 16
434 435 16
435 436 4
436 437 13
436 478 9
437 438 7
438 439 5
438 480 10
439 440 9
440 441 15
440 482 14
441 442 10
442 443 6
442 484 1
443 444 16
444 445 1
445 446 8
446 447 6
446 488 18
448 449 18
448 490 11
449 450 18
450 451 14
450 492 8
451 452 15
452 453 4
452 494 11
453 454 4
454 455 13
454 496 8
455 456 6
456 457 15
457 458 18
458 459 3
458 500 3
459 460 9
460 461 3
460 502 16
463 464 6
463 505 18
464 465 19
465 466 16
465 507 15
466 467 13
467 468 13
467 509 19
468 469 15
469 470 10
469 511 19
470 471 14
471 472 14
471 513 2
472 473 10
473 474 3
473 515 16
474 475 10
475 476 3
475 517 10
476 477 18
477 478 13
478 479 19
479 480 10
479 521 17
480 481 4
481 482 1
481 523 4
482 483 19
483 525 3
484 485 1
485 527 17
486 487 12
487 488 7
487 529 8
488 489 9
489 490 11
490 491 3
491 492 5
491 533 8
492 493 7
493 494 6
493 535 13
494 495 10
495 496 14
495 537 10
496 497 17
497 498 15
497 539 19
498 499 7
499 500 1
499 541 5
500 501 16
501 502 12
501 543 13
503 545 4
504 505 12
505 506 14
506 507 2
506 548 3
507 508 5
508 509 12
508 550 12
509 510 18
510 511 18
510 552 14
511 512 1
512 513 18
512 554 18
513 514 18
514 515 5
514 556 19
515 516 7
516 517 10
516 558 6
517 518 9
518 519 13
518 560 8
519 520 9
520 521 12
520 562 7
521 522 18
522 523 11
522 564 15
523 524 15
524 525 1
524 566 13
525 526 4
526 527 8
526 568 7
527 528 9
528 529 1
528 570 15
529 530 13
530 531 2
531 532 8
532 533 3
532 574 1
533 534 9
534 535 17
534 576 14
536 537 17
536 578 16
537 538 15
538 539 10
538 580 13
540 541 8
540 582 7
541 542 14
542 543 13
542 584 1
543 544 5
544 545 13
544 586 12
546 547 2
547 548 1
547 589 15
548 549 1
549 591 12
550 551 11
551 552 6
551 593 14
552 553 8
553 595 1
554 555 16
555 556 18
555 597 2
557 558 8
558 559 18
559 560 18
559 601 17
560 561 4
561 562 7
561 603 6
562 563 8
563 564 6
563 605 2
564 565 3
565 566 2
565 607 15
566 567 17
567 568 6
567 609 3
568 569 13
569 570 13
569 611 10
570 571 11
571 572 1
571 613 5
572 573 15
573 574 16
573 615 19
574 575 2
575 576 17
575 617 12
576 577 19
577 578 12
577 619 12
579 580 19
579 621 12
580 581 3
581 582 14
581 623 15
583 625 9
584 585 1
585 586 1
585 627 9
586 587 8
587 629 8
588 589 8
588 630 17
589 590 5
590 591 11
590 632 17
591 592 9
592 593 1
592 634 5
593 594 13
594 595 17
594 636 4
595 596 11
596 597 3
596 638 18
597 598 8
598 599 5
598 640 9
599 600 19
600 601 2
600 642 7
601 602 6
602 603 6
602 644 13
603 604 17
604 605 5
604 646 1
605 606 11
606 607 6
606 648 13
607 608 9
608 609 1
608 650 7
609 610 3
610 611 3
610 652 7
611 612 12
612 613 14
612 654 18
613 614 3
614 615 9
614 656 19
615 616 10
616 617 17
616 658 9
617 618 8
618 619 11
618 660 8
619 620 4
620 621 3
621 622 8
622 623 9
622 664 8
623 624 11
624 666 8
625 626 13
626 627 4
626 668 13
628 629 16
628 670 1
630 631 13
631 632 8
631 673 13
632 633 10
633 634 17
633 675 19
634 635 6
635 636 5
635 677 2
636 637 9
637 638 18
637 679 11
638 639 18
639 640 2
639 681 2
640 641 5
641 642 9
641 683 3
642 643 16
643 644 17
643 685 2
644 645 12
645 646 8
645 687 19
646 647 6
647 648 1
647 689 4
648 649 3
649 650 5
649 691 6
650 651 8
651 652 1
651 693 19
652 653 18
653 654 7
653 695 2
654 655 11
655 656 2
655 697 16
656 657 2
657 658 11
657 699 3
658 659 1
659 660 10
659 701 13
660 661 15
661 662 8
661 703 6
663 664 11
664 665 18
665 666 17
665 707 5
666 667 18
667 668 2
667 709 13
668 669 5
669 711 9
670 671 10
671 713 18
672 673 18
672 714 12
674 675 15
674 716 9
675 676 9
676 677 1
676 718 7
677 678 19
678 679 15
678 720 6
679 680 9
680 681 3
681 682 4
682 683 13
682 724 10
683 684 11
684 685 7
684 726 17
686 687 10
687 688 14
688 689 5
688 730 11
689 690 12
690 732 16
691 692 12
692 734 3
693 694 18
694 695 5
694 736 6
695 696 5
696 697 3
696 738 13
697 698 12
698 699 9
698 740 9
699 700 12
700 701 4
700 742 16
701 702 10
702 744 7
703 704 4
704 705 15
704 746 18
705 706 12
706 707 8
706 748 7
707 708 3
708 709 3
709 710 9
710 711 15
710 752 1
711 712 18
712 754 3
714 715 18
715 716 9
715 757 10
716 717 4
717 718 4
717 759 5
718 719 9
719 761 6
720 721 3
721 722 18
721 763 9
723 724 5
724 725 13
725 726 5
725 767 17
726 727 10
727 728 5
728 729 2
729 730 13
729 771 2
730 731 6
731 732 15
731 773 7
732 733 6
733 775 17
734 735 8
735 777 6
736 737 8
737 738 13
737 779 5
738 739 6
739 740 12
739 781 11
740 741 13
741 742 2
741 783 3
742 743 12
743 744 8
743 785 17
744 745 6
745 746 5
745 787 3
746 747 18
747 789 15
748 749 13
749 750 17
749 791 5
750 751 4
751 752 17
751 793 2
752 753 14
753 754 16
753 795 19
754 755 7
755 797 10
756 757 5
756 798 16
757 758 1
758 759 10
758 800 10
759 760 7
760 761 10
760 802 14
761 762 16
762 763 2
762 804 11
763 764 10
764 806 12
765 766 18
766 767 1
766 808 12
767 768 2
768 769 10
768 810 14
769 770 16
770 812 12
771 772 18
772 773 9
773 774 6
774 775 14
774 816 15
776 777 3
777 778 1
778 779 2
778 820 14
779 780 15
780 781 10
780 822 7
781 782 12
782 783 1
782 824 3
783 784 5
784 785 1
784 826 1
785 786 11
786 787 16
786 828 4
787 788 9
788 789 6
788 830 12
789 790 14
790 832 1
791 792 1
792 793 9
792 834 15
793 794 5
794 795 17
794 836 10
795 796 1
796 797 5
796 838 7
798 799 1
799 800 15
800 801 3
801 802 10
801 842 12
802 803 18
803 804 6
803 844 10
804 805 1
805 806 1
805 846 15
806 807 16
807 808 17
808 809 6
809 810 7
810 811 2
811 852 15
812 813 16
813 814 15
813 854 9
814 815 11
815 816 2
815 856 8
816 817 9
817 818 2
817 858 19
818 819 2
819 820 3
819 860 2
820 821 12
821 822 12
821 862 19
822 823 17
823 824 1
823 864 3
824 825 16
825 826 18
825 866 6
826 827 1
827 828 12
827 868 5
828 829 1
829 830 3
829 870 13
830 831 7
831 832 13
831 872 1
832 833 1
833 874 9
834 835 12
835 836 19
835 876 6
836 837 9
837 838 6
837 878 13
838 839 12
839 880 5
840 841 12
841 842 6
842 843 3
843 844 17
844 845 5
845 846 1
846 847 13
847 848 12
848 849 8
849 850 8
850 851 11
851 852 9
852 853 18
853 854 17
854 855 18
855 856 15
856 857 2
857 858 2
858 859 2
859 860 3
860 861 4
861 862 1
862 863 16
863 864 2
864 865 4
865 866 14
866 867 13
867 868 6
868 869 18
869 870 19
870 871 1
871 872 16
872 873 11
873 874 2
874 875 13
875 876 13
876 877 15
877 878 1
878 879 12
879 880 10
4 152 216 300 303 345 479 759 770 858
5 28 101 126 223 380 487 526 671 732
6 443 488 634 665 726 756 804 824 841
7 71 142 379 418 424 506 714 839 864
8 171 239 245 282 340 568 785 809 838
9 21 219 265 280 350 473 741 766 800
10 253 269 405 419 499 653 689 844 859
11 151 186 229 356 367 427 551 621 803
12 169 251 271 381 624 708 709 711 744
13 87 119 548 607 717 796 813 832 847
14 18 294 311 327 353 401 535 574 727
17 113 177 355 361 440 497 707 793 850
19 482 525 558 586 626 635 725 852 867
20 70 81 129 279 312 332 366 580 840
23 62 64 154 284 452 522 532 589 870
25 114 198 209 288 529 597 617 654 823
26 27 51 76 93 115 287 292 769 865
29 43 55 73 94 95 133 295 408 444
30 110 160 347 528 544 699 808 863 868
31 48 72 175 307 392 557 593 681 791
35 242 433 509 541 583 595 672 682 760
37 117 376 421 464 478 721 758 853 854
39 79 167 248 252 439 549 570 755 761
41 165 264 304 374 400 728 745 834 862
42 53 137 257 395 456 643 661 662 799
49 98 243 260 290 399 442 455 842 871
50 127 246 403 416 425 438 483 513 696
52 159 217 308 481 508 521 533 656 715
56 240 285 296 494 516 576 723 737 794
57 121 382 523 527 531 573 584 694 787
58 120 207 270 505 602 633 664 688 771
59 63 99 112 208 351 598 719 795 825
60 237 373 412 462 514 614 670 843 848
61 65 231 315 360 495 669 690 746 845
66 170 194 199 201 267 336 620 772 814
67 158 162 281 343 398 553 559 718 736
68 149 276 305 358 393 415 467 720 807
69 74 230 512 572 592 608 641 705 768
75 86 104 105 163 166 228 491 805 846
80 96 180 183 346 460 471 564 773 836
82 168 273 349 457 540 616 684 751 764
85 193 247 286 397 459 515 520 543 752
90 184 202 232 316 447 511 655 739 792
91 118 291 302 388 552 650 685 695 789
92 150 178 203 357 441 615 652 678 857
103 147 274 352 375 420 493 712 767 818
108 317 461 501 619 636 658 750 774 801
109 188 250 333 409 454 637 697 776 798
122 156 226 338 339 364 365 448 556 775
132 210 309 389 545 578 600 628 700 701
134 145 206 215 277 446 485 618 765 861
136 192 197 238 263 331 402 449 498 577
138 176 220 371 394 470 567 627 657 816
139 157 218 451 496 644 722 749 797 833
140 211 235 411 414 492 663 790 849 855
148 182 224 306 335 435 458 489 575 762
153 191 323 337 370 490 603 645 686 753
155 330 477 534 571 623 677 821 822 856
161 258 268 326 524 679 702 704 748 754
174 348 436 539 587 596 609 629 668 713
185 212 233 262 378 434 550 612 625 733
196 244 283 310 428 476 502 591 632 638
227 234 241 321 322 325 407 565 606 640
254 293 314 359 422 486 500 743 786 837
