286 344 1 286 278
1 2 5
1 24 12
2 3 1
3 4 4
3 26 15
4 5 1
5 6 18
5 28 7
6 7 7
7 8 9
7 30 19
8 9 13
9 10 9
10 11 15
11 12 13
11 34 18
12 13 5
13 14 14
13 36 2
15 16 10
15 38 4
16 17 13
17 18 3
18 19 1
19 42 16
20 21 14
21 22 3
21 44 3
22 23 7
23 46 3
24 25 3
25 26 10
26 27 8
27 28 11
27 51 18
29 30 17
29 53 6
30 31 3
31 32 1
31 55 15
32 33 16
33 57 19
34 35 9
35 36 8
35 59 6
36 37 4
37 38 7
38 39 1
39 40 2
39 63 4
40 41 8
41 42 1
41 65 3
42 43 7
43 44 7
43 67 12
44 45 3
46 47 1
47 71 11
48 49 7
48 72 1
49 50 6
50 51 14
50 74 9
51 52 17
52 53 10
53 54 15
54 78 16
55 56 3
56 57 1
56 80 5
57 58 8
58 59 4
58 82 12
59 60 8
60 84 11
61 62 14
62 63 3
62 86 2
64 65 5
64 88 19
65 66 3
66 67 9
66 90 8
67 68 10
68 69 9
69 70 7
70 94 6
73 74 7
74 75 15
75 76 7
75 99 6
76 77 18
77 78 6
78 79 13
79 80 3
80 81 8
81 82 1
81 105 1
82 83 13
83 84 17
83 107 16
84 85 5
85 109 4
86 87 15
87 88 3
87 111 14
88 89 16
89 90 13
89 113 8
90 91 14
91 92 18
91 115 11
92 93 6
93 94 17
93 117 15
94 95 2
95 119 12
96 97 11
96 120 18
97 98 5
98 99 18
98 122 3
99 100 11
100 101 3
100 124 4
101 102 18
102 103 3
102 126 11
103 104 1
104 128 15
105 106 10
106 130 1
107 108 11
108 109 11
108 132 18
110 111 1
110 134 5
111 112 5
112 113 17
112 136 15
113 114 1
114 115 10
114 138 17
115 116 8
116 117 1
116 140 13
118 119 9
118 142 16
120 121 5
121 122 11
121 145 2
122 123 9
123 124 1
123 147 1
124 125 7
126 127 1
127 151 8
128 129 1
129 130 15
129 153 16
130 131 3
131 132 17
131 155 9
133 134 2
133 157 10
134 135 9
135 159 15
136 137 7
137 138 13
137 161 14
138 139 16
139 140 1
139 163 19
140 141 14
141 165 17
142 143 15
143 167 15
144 145 6
144 168 5
145 146 6
146 147 8
146 170 7
148 172 14
149 150 8
150 174 12
151 152 8
152 153 9
152 176 2
153 154 1
154 155 1
154 178 6
155 156 14
156 157 1
156 180 4
158 159 1
158 182 1
159 160 12
160 161 2
161 162 8
162 163 7
162 186 4
163 164 2
164 165 6
164 188 5
165 166 10
166 167 1
168 169 14
169 170 17
169 193 1
170 171 19
171 172 4
171 195 8
172 173 6
173 174 16
174 175 13
175 176 5
176 177 7
177 178 11
177 201 11
178 179 18
179 180 15
179 203 6
180 181 16
181 182 19
181 205 12
182 183 17
183 184 15
183 207 15
184 185 6
185 186 3
187 188 13
187 211 13
188 189 3
189 190 9
189 213 1
190 191 2
191 215 14
192 193 3
193 194 12
194 195 19
194 218 5
195 196 7
196 197 11
196 220 3
197 198 10
198 199 6
199 200 12
201 202 12
202 203 11
204 205 16
204 228 7
205 206 16
206 230 3
207 208 4
208 209 7
208 232 4
209 210 5
210 234 6
212 213 2
213 214 10
214 215 8
214 238 9
216 217 18
217 218 13
217 241 11
219 220 4
219 243 13
220 221 11
221 222 2
222 223 2
223 224 13
223 247 7
224 225 1
225 226 2
225 249 16
226 227 10
227 228 6
227 251 9
228 229 16
229 230 5
229 253 1
230 231 10
231 232 10
231 255 17
232 233 8
233 234 4
234 235 16
235 236 5
236 237 17
237 238 4
237 261 7
238 239 2
239 263 4
240 241 18
240 264 14
242 243 9
242 266 7
243 244 3
244 245 5
244 268 4
245 246 15
246 247 18
246 270 3
247 248 6
248 249 5
248 272 7
249 250 10
250 251 4
250 274 15
251 252 10
252 253 7
252 276 19
253 254 8
254 255 8
254 278 8
255 256 18
256 257 17
256 280 17
257 258 11
258 282 11
259 260 2
260 261 18
262 263 14
262 286 14
264 265 2
265 266 18
266 267 6
267 268 16
268 269 14
269 270 11
271 272 2
272 273 4
273 274 1
274 275 17
275 276 6
277 278 17
279 280 10
280 281 5
281 282 17
282 283 5
283 284 1
284 285 1
285 286 1
1
2
3
4
5
6
7
8
9
10
11
12
13
14
15
16
17
18
19
20
21
25
26
27
28
29
30
31
32
33
34
35
36
37
38
39
41
42
43
44
45
46
47
48
50
51
52
53
54
55
56
57
58
60
61
62
63
64
65
66
67
68
69
70
71
72
73
74
75
76
77
78
80
81
82
83
84
85
86
87
88
89
90
91
92
93
94
95
96
97
98
99
100
101
102
103
104
105
106
107
108
109
110
111
112
113
114
115
116
117
118
119
120
121
122
123
124
125
126
127
128
129
130
131
132
133
134
135
136
137
138
139
140
141
142
143
144
145
146
147
148
149
150
151
152
153
154
155
156
157
158
159
160
161
162
163
164
165
166
167
168
169
170
171
172
173
174
175
176
177
178
179
180
181
182
183
184
185
186
187
188
189
190
191
192
193
194
195
196
197
198
199
200
201
202
203
204
205
206
207
208
209
210
211
212
213
215
216
217
218
219
220
221
222
223
224
225
226
227
228
229
230
231
232
233
234
235
236
237
238
239
240
241
242
243
244
245
246
247
248
249
250
251
252
253
254
255
256
257
258
259
260
261
262
263
264
265
266
267
268
269
270
271
272
273
274
275
276
277
278
279
280
281
282
283
284
285
286
