720 890 1 720 70
1 2 14
1 38 10
3 4 1
4 5 15
5 42 3
6 7 13
7 8 18
7 44 13
9 10 6
9 46 17
10 11 4
11 12 9
11 48 16
12 13 3
13 50 16
14 15 17
15 16 6
15 52 14
16 17 11
17 54 6
18 19 16
19 20 5
19 56 16
20 21 2
21 22 4
22 23 12
23 24 8
23 60 6
24 25 15
25 26 10
25 62 14
26 27 18
27 64 2
28 29 6
29 30 11
29 66 3
30 31 17
31 32 16
31 68 6
32 33 6
33 34 5
33 70 10
34 35 8
35 36 18
35 72 10
36 37 13
37 74 14
38 39 15
39 40 14
39 77 19
40 41 8
41 42 1
41 79 12
42 43 13
43 44 1
43 81 12
44 45 5
45 46 10
45 83 1
46 47 4
47 48 11
47 85 19
49 50 11
49 87 8
50 51 6
51 52 4
51 89 18
52 53 6
53 54 6
53 91 11
54 55 16
55 56 13
55 93 2
57 58 2
57 95 15
58 59 3
59 60 2
59 97 14
60 61 18
61 62 15
61 99 19
63 64 5
63 101 14
64 65 7
65 66 4
66 67 1
67 68 12
67 105 7
68 69 19
69 70 5
69 107 8
71 72 12
71 109 15
73 111 16
74 75 9
75 113 14
76 77 1
76 114 14
77 78 14
78 79 10
78 116 8
79 80 2
80 118 1
81 82 10
82 120 13
83 84 18
84 122 14
85 86 16
86 87 13
86 124 19
87 88 10
88 89 17
88 126 15
89 90 6
90 91 7
90 128 5
91 92 15
92 93 16
92 130 19
93 94 13
94 95 2
94 132 18
96 97 10
96 134 12
97 98 11
98 99 11
98 136 8
99 100 10
100 138 7
101 102 3
102 140 3
103 104 12
104 105 14
105 106 18
106 107 11
106 144 16
107 108 17
108 109 10
108 146 14
109 110 1
110 111 7
111 112 1
112 113 9
114 115 1
115 116 9
116 117 11
117 118 10
117 155 8
118 119 1
119 120 19
119 157 9
120 121 11
121 122 2
121 159 6
122 123 15
123 124 11
123 161 18
125 163 16
126 127 13
127 165 19
128 129 10
129 130 1
129 167 1
130 131 7
131 132 8
131 169 17
132 133 10
133 134 2
133 171 15
134 135 9
135 136 12
135 173 8
136 137 10
137 138 10
137 175 8
138 139 6
139 140 17
139 177 1
140 141 9
141 142 4
142 143 4
143 181 5
144 145 3
145 146 14
145 183 2
146 147 17
147 148 19
147 185 3
148 149 8
150 151 4
151 189 18
152 153 9
152 190 14
153 154 15
154 155 14
154 192 12
155 156 5
156 157 1
156 194 4
157 158 12
158 159 13
158 196 10
159 160 11
160 161 6
160 198 11
161 162 2
162 163 11
162 200 1
163 164 11
164 165 7
164 202 10
165 166 9
166 167 1
166 204 16
167 168 15
168 169 7
168 206 13
169 170 9
170 171 10
171 172 9
172 173 13
172 210 14
173 174 1
174 175 12
174 212 10
175 176 8
176 177 8
176 214 3
177 178 1
178 179 13
178 216 8
179 180 5
180 218 19
181 182 3
182 183 15
183 184 9
184 185 9
184 222 17
185 186 15
186 187 12
186 224 9
188 189 9
188 226 10
191 192 7
191 229 5
193 194 5
193 231 19
194 195 6
195 196 9
195 233 10
196 197 4
197 198 14
197 235 17
198 199 1
199 200 15
199 237 8
200 201 16
201 202 10
201 239 10
202 203 1
203 204 15
203 241 9
204 205 4
206 207 11
207 208 14
207 245 13
208 209 18
209 210 7
209 247 11
211 249 7
212 213 4
213 214 7
213 251 5
214 215 2
215 216 1
215 253 7
216 217 14
217 255 5
219 220 18
219 257 5
220 221 5
221 222 1
222 223 1
223 224 12
224 225 18
225 226 5
225 263 2
226 227 1
227 265 3
228 229 15
228 266 12
229 230 13
230 231 18
230 268 16
231 232 10
232 233 1
232 270 16
233 234 1
234 235 9
234 272 15
235 236 6
236 237 1
236 274 4
237 238 7
238 239 6
238 276 16
239 240 19
240 241 6
240 278 5
241 242 9
242 243 10
242 280 7
243 244 16
244 245 18
244 282 5
246 284 4
247 248 7
248 249 17
248 286 17
249 250 1
250 251 7
250 288 2
252 253 11
252 290 3
254 255 7
254 292 13
255 256 16
256 257 8
256 294 9
257 258 2
258 259 14
258 296 14
259 260 12
260 261 8
260 298 10
261 262 19
262 263 16
262 300 11
263 264 18
264 302 18
267 268 7
268 269 1
269 270 6
269 307 13
270 271 15
271 272 3
271 309 5
272 273 8
273 274 16
273 311 13
274 275 1
275 276 17
275 313 5
276 277 2
277 278 14
278 279 15
279 280 8
279 317 5
281 282 2
281 319 19
282 283 18
283 284 1
283 321 4
284 285 6
285 286 13
285 323 18
287 288 15
287 325 10
288 289 6
289 290 11
289 327 16
290 291 14
291 329 3
292 293 12
293 294 2
293 331 19
295 296 8
295 333 5
296 297 5
297 298 16
298 299 12
299 300 13
299 337 14
301 302 8
301 339 10
302 303 17
303 341 8
304 305 3
304 342 4
305 306 1
306 344 13
307 308 18
308 309 12
308 346 2
310 348 18
311 312 1
312 313 9
312 350 16
313 314 12
314 315 14
314 352 3
315 316 17
316 317 13
316 354 1
317 318 4
318 319 10
318 356 18
319 320 5
320 358 1
321 322 2
322 323 17
322 360 1
323 324 18
324 325 12
324 362 8
326 364 2
328 329 17
328 366 6
329 330 12
330 331 17
331 332 5
332 333 16
332 370 3
333 334 11
334 372 12
335 336 15
336 337 1
338 339 4
338 376 19
340 341 10
340 378 17
342 343 13
343 344 10
343 381 11
345 346 11
345 383 7
346 347 2
347 385 8
348 349 3
349 350 17
349 387 18
350 351 6
351 352 6
352 353 17
353 354 6
353 391 8
354 355 2
355 356 11
355 393 5
356 357 17
357 358 11
357 395 15
358 359 19
359 360 9
359 397 4
360 361 18
361 362 15
361 399 13
362 363 3
363 364 13
363 401 2
364 365 15
365 366 1
365 403 15
366 367 10
367 368 5
367 405 3
369 370 13
370 371 7
371 372 1
371 409 1
372 373 13
373 374 14
374 375 11
375 376 5
375 413 2
376 377 1
377 378 9
377 415 19
378 379 2
379 417 5
380 418 16
381 382 17
382 420 12
383 384 2
384 385 13
384 422 10
385 386 7
386 424 6
387 388 17
388 426 2
389 390 5
390 391 11
390 428 8
392 393 16
392 430 8
393 394 11
394 395 12
394 432 9
396 434 18
397 398 18
398 399 12
398 436 6
400 401 4
401 402 14
402 403 18
403 404 1
404 405 14
404 442 2
405 406 13
406 407 9
406 444 14
407 408 8
408 409 5
408 446 19
409 410 12
410 411 4
410 448 4
411 412 16
412 413 3
412 450 5
413 414 8
414 452 19
415 416 16
416 454 6
418 419 2
419 457 18
420 421 5
421 459 6
422 423 11
423 424 11
423 461 14
424 425 6
426 427 1
427 428 18
427 465 16
428 429 15
429 430 14
429 467 5
431 469 18
433 434 12
433 471 2
434 435 2
435 436 3
435 473 4
436 437 18
437 438 8
438 439 16
439 440 3
440 441 11
441 479 15
442 443 16
443 444 18
443 481 4
445 446 1
447 448 2
447 485 17
448 449 10
449 450 2
449 487 13
450 451 18
451 452 1
451 489 3
452 453 12
453 491 10
454 455 13
455 493 4
456 457 15
456 494 15
457 458 8
458 459 8
458 496 4
460 461 10
461 462 8
462 463 6
462 500 10
463 464 8
464 502 1
465 466 4
466 504 15
467 468 13
468 469 2
468 506 1
469 470 5
470 508 13
471 472 11
472 473 11
472 510 2
473 474 12
474 512 14
475 476 16
476 477 6
476 514 9
477 478 16
478 516 1
479 480 9
480 481 10
480 518 1
481 482 10
482 483 12
483 484 6
484 485 2
485 486 17
486 487 12
486 524 4
487 488 3
488 489 13
488 526 15
489 490 7
490 491 17
490 528 3
491 492 16
492 493 8
495 496 12
496 497 7
497 498 1
497 535 15
498 499 10
499 500 11
499 537 5
500 501 17
501 502 9
501 539 1
502 503 14
503 504 9
503 541 9
504 505 2
505 543 17
507 508 2
507 545 6
508 509 1
509 510 12
509 547 7
511 512 9
511 549 14
512 513 16
513 551 5
514 515 10
515 516 4
515 553 8
516 517 1
517 518 4
517 555 4
518 519 11
519 520 1
519 557 11
520 521 3
521 559 7
522 523 14
523 524 11
523 561 15
525 526 10
525 563 10
526 527 16
527 528 16
527 565 6
528 529 16
529 530 3
529 567 17
530 531 9
531 569 1
532 533 1
532 570 3
533 534 13
534 535 4
534 572 4
535 536 8
536 537 16
536 574 4
537 538 18
538 576 4
539 540 15
540 541 15
540 578 10
541 542 13
542 543 3
542 580 18
543 544 15
544 545 3
544 582 4
545 546 3
546 547 5
546 584 1
547 548 6
548 549 19
548 586 18
549 550 5
550 551 8
551 552 12
552 553 7
552 590 13
553 554 9
554 555 10
554 592 12
555 556 7
556 557 9
557 558 10
558 559 16
558 596 8
559 560 3
560 561 3
560 598 2
561 562 13
562 563 13
562 600 12
563 564 7
564 602 3
565 566 15
566 567 3
566 604 16
567 568 4
568 569 5
568 606 15
570 571 1
571 572 1
571 609 8
572 573 18
573 574 3
573 611 4
574 575 2
575 576 19
576 577 16
577 578 18
578 579 1
579 580 3
580 581 6
581 582 14
581 619 1
582 583 15
583 584 12
583 621 16
584 585 16
585 586 16
585 623 18
586 587 9
587 588 6
587 625 1
588 589 2
589 590 12
589 627 18
591 592 10
591 629 10
593 594 3
593 631 12
594 595 14
595 596 10
596 597 18
597 598 1
597 635 7
598 599 1
599 600 4
600 601 10
601 602 11
601 639 5
602 603 9
603 604 19
604 605 14
605 606 3
605 643 19
606 607 18
607 645 19
608 609 8
608 646 5
609 610 13
610 611 19
610 648 1
611 612 9
612 613 14
612 650 12
613 614 16
614 615 5
615 616 13
616 617 16
616 654 5
617 618 16
618 619 17
619 620 5
620 621 1
620 658 3
621 622 8
622 623 11
622 660 11
624 625 6
624 662 18
626 627 6
626 664 5
627 628 7
628 629 1
628 666 1
629 630 1
630 668 17
631 632 12
632 633 4
633 634 2
634 672 4
635 636 14
636 637 10
636 674 7
637 638 14
638 639 4
638 676 19
639 640 1
640 641 11
640 678 12
642 643 12
642 680 14
643 644 14
644 645 11
644 682 16
646 647 10
647 648 6
647 684 11
648 649 13
649 650 14
649 686 13
650 651 18
651 652 18
651 688 2
652 653 9
653 654 16
653 690 6
654 655 7
655 692 12
656 657 9
657 658 3
657 694 7
658 659 15
659 696 6
660 661 12
661 662 1
661 698 6
662 663 7
663 700 1
664 665 5
665 666 14
665 702 17
666 667 14
667 668 10
667 704 19
668 669 9
669 670 9
669 706 17
670 671 12
671 672 13
671 708 7
672 673 2
673 674 8
673 710 3
674 675 14
675 676 13
675 712 16
676 677 1
678 679 14
679 680 7
679 716 9
680 681 16
681 682 18
681 718 3
682 683 5
683 720 3
684 685 16
686 687 9
687 688 13
688 689 14
689 690 16
690 691 14
692 693 11
693 694 11
695 696 15
697 698 6
698 699 10
699 700 2
700 701 16
701 702 17
702 703 9
703 704 15
704 705 1
705 706 7
706 707 9
707 708 12
708 709 2
709 710 13
710 711 12
711 712 3
712 713 5
713 714 1
714 715 4
716 717 14
718 719 7
719 720 13
7
8
11
13
16
20
23
25
48
66
97
108
115
133
143
153
158
172
194
202
219
221
222
233
236
243
265
300
308
322
326
335
342
417
425
427
429
450
462
463
464
468
472
480
485
497
498
515
517
521
524
525
553
567
573
582
591
613
614
624
646
665
666
669
692
693
694
696
700
710
