646 1632 1 646 9
1 2 7
1 36 16
2 1 7
2 3 9
3 2 9
3 4 5
3 38 19
4 3 5
4 5 6
5 4 6
5 6 15
5 40 6
6 5 15
6 7 11
7 6 11
7 8 6
7 42 2
8 7 6
8 9 9
9 8 9
10 11 16
11 10 16
11 12 12
11 46 6
12 11 12
12 13 19
13 12 19
13 14 17
13 48 1
14 13 17
14 15 2
15 14 2
15 16 5
15 50 19
16 15 5
16 17 19
17 16 19
17 52 15
18 19 13
19 18 13
19 20 10
19 54 18
20 19 10
20 21 8
21 20 8
21 22 2
21 56 13
22 21 2
22 23 14
23 22 14
23 24 11
23 58 6
24 23 11
24 25 5
25 24 5
25 26 18
25 60 6
26 25 18
27 28 2
27 62 11
28 27 2
28 29 16
29 28 16
29 30 15
30 29 15
30 31 15
31 30 15
31 32 6
32 31 6
32 33 3
33 32 3
33 34 17
33 68 14
34 33 17
34 35 11
35 34 11
35 70 13
36 1 16
36 37 12
37 36 12
37 38 9
37 73 15
38 3 19
38 37 9
38 39 14
39 38 14
39 40 1
39 75 9
40 5 6
40 39 1
40 41 8
41 40 8
41 42 14
41 77 13
42 7 2
42 41 14
42 43 1
43 42 1
43 44 1
43 79 19
44 43 1
44 45 7
45 44 7
45 46 18
45 81 15
46 11 6
46 45 18
46 47 2
47 46 2
47 48 8
47 83 5
48 13 1
48 47 8
48 49 1
49 48 1
49 50 5
49 85 15
50 15 19
50 49 5
50 51 2
51 50 2
51 52 7
51 87 16
52 17 15
52 51 7
52 53 7
53 52 7
53 54 11
53 89 16
54 19 18
54 53 11
54 55 17
55 54 17
55 56 12
55 91 15
56 21 13
56 55 12
56 57 8
57 56 8
57 58 7
57 93 10
58 23 6
58 57 7
58 59 8
59 58 8
59 60 13
59 95 14
60 25 6
60 59 13
60 61 12
61 60 12
61 62 12
62 27 11
62 61 12
62 63 7
63 62 7
63 64 9
63 99 2
64 63 9
64 65 1
65 64 1
65 66 18
65 101 3
66 65 18
66 67 1
67 66 1
67 68 12
67 103 1
68 33 14
68 67 12
68 69 15
69 68 15
69 105 8
70 35 13
70 71 14
71 70 14
71 107 19
72 73 7
72 108 11
73 37 15
73 72 7
73 74 4
74 73 4
74 75 1
74 110 1
75 39 9
75 74 1
75 76 14
76 75 14
76 77 3
76 112 7
77 41 13
77 76 3
77 78 14
78 77 14
78 79 5
78 114 7
79 43 19
79 78 5
79 80 1
80 79 1
80 81 12
80 116 2
81 45 15
81 80 12
81 82 1
82 81 1
82 83 9
83 47 5
83 82 9
83 84 6
84 83 6
84 85 6
84 120 6
85 49 15
85 84 6
85 86 13
86 85 13
86 87 11
86 122 16
87 51 16
87 86 11
87 88 9
88 87 9
88 89 1
88 124 17
89 53 16
89 88 1
90 91 14
90 126 2
91 55 15
91 90 14
91 92 3
92 91 3
92 93 1
92 128 2
93 57 10
93 92 1
93 94 2
94 93 2
94 95 8
94 130 14
95 59 14
95 94 8
95 96 9
96 95 9
96 97 5
97 96 5
97 98 18
98 97 18
98 99 11
98 134 17
99 63 2
99 98 11
99 100 17
100 99 17
100 101 1
100 136 3
101 65 3
101 100 1
101 102 2
102 101 2
102 103 18
102 138 2
103 67 1
103 102 18
103 104 3
104 103 3
104 140 13
105 69 8
105 106 1
106 105 1
106 107 10
106 142 13
107 71 19
107 106 10
108 72 11
108 109 5
109 108 5
109 110 8
109 145 12
110 74 1
110 109 8
110 111 14
111 110 14
111 112 18
111 147 6
112 76 7
112 111 18
112 113 6
113 112 6
113 114 13
113 149 14
114 78 7
114 113 13
114 115 6
115 114 6
115 116 1
116 80 2
116 115 1
116 117 16
117 116 16
117 118 9
117 153 8
118 117 9
118 119 18
119 118 18
119 120 18
120 84 6
120 119 18
120 121 17
121 120 17
121 122 12
121 157 1
122 86 16
122 121 12
122 123 16
123 122 16
123 124 12
123 159 15
124 88 17
124 123 12
124 125 16
125 124 16
125 126 4
125 161 17
126 90 2
126 125 4
126 127 8
127 126 8
127 128 11
127 163 1
128 92 2
128 127 11
128 129 9
129 128 9
129 130 3
129 165 12
130 94 14
130 129 3
131 132 15
131 167 8
132 131 15
132 133 11
133 132 11
133 169 9
134 98 17
134 135 17
135 134 17
135 171 17
136 100 3
136 137 7
137 136 7
137 138 8
137 173 7
138 102 2
138 137 8
138 139 3
139 138 3
139 140 5
139 175 12
140 104 13
140 139 5
140 141 1
141 140 1
141 177 9
142 106 13
142 143 15
143 142 15
144 145 6
144 180 2
145 109 12
145 144 6
146 147 13
147 111 6
147 146 13
147 148 14
148 147 14
148 149 14
148 184 12
149 113 14
149 148 14
150 151 6
151 150 6
151 152 17
152 151 17
152 153 8
152 188 16
153 117 8
153 152 8
153 154 6
154 153 6
154 155 7
154 190 15
155 154 7
155 156 18
156 155 18
156 192 11
157 121 1
157 158 11
158 157 11
158 159 16
158 194 13
159 123 15
159 158 16
159 160 2
160 159 2
160 161 11
160 196 18
161 125 17
161 160 11
161 162 15
162 161 15
162 163 1
162 198 12
163 127 1
163 162 1
164 165 8
164 200 9
165 129 12
165 164 8
165 166 2
166 165 2
166 167 18
166 202 7
167 131 8
167 166 18
167 168 18
168 167 18
168 169 4
168 204 15
169 133 9
169 168 4
170 206 4
171 135 17
171 172 1
172 171 1
172 173 1
172 208 16
173 137 7
173 172 1
173 174 16
174 173 16
174 175 18
174 210 11
175 139 12
175 174 18
175 176 8
176 175 8
176 177 11
176 212 11
177 141 9
177 176 11
177 178 5
178 177 5
178 179 11
179 178 11
180 144 2
180 181 17
181 180 17
181 182 6
181 217 2
182 181 6
182 183 15
183 182 15
183 184 7
183 219 13
184 148 12
184 183 7
184 185 10
185 184 10
185 186 12
185 221 4
186 185 12
186 187 6
187 186 6
187 188 11
187 223 12
188 152 16
188 187 11
188 189 16
189 188 16
189 190 11
190 154 15
190 189 11
190 191 12
191 190 12
191 192 12
191 227 9
192 156 11
192 191 12
192 193 1
193 192 1
193 194 17
193 229 18
194 158 13
194 193 17
195 196 3
195 231 12
196 160 18
196 195 3
196 197 18
197 196 18
197 198 7
197 233 16
198 162 12
198 197 7
198 199 6
199 198 6
199 200 4
199 235 5
200 164 9
200 199 4
200 201 5
201 200 5
201 202 4
201 237 5
202 166 7
202 201 4
202 203 4
203 202 4
203 204 7
204 168 15
204 203 7
204 205 16
205 204 16
205 206 8
206 170 4
206 205 8
206 207 2
207 206 2
207 208 17
207 243 19
208 172 16
208 207 17
208 209 12
209 208 12
209 210 4
209 245 8
210 174 11
210 209 4
210 211 7
211 210 7
211 212 10
211 247 6
212 176 11
212 211 10
212 213 11
213 212 11
213 214 9
213 249 9
214 213 9
214 215 3
215 214 3
215 251 2
216 217 14
216 252 17
217 181 2
217 216 14
217 218 8
218 217 8
218 219 16
218 254 19
219 183 13
219 218 16
219 220 1
220 219 1
220 221 16
220 256 11
221 185 4
221 220 16
221 222 18
222 221 18
222 223 7
222 258 11
223 187 12
223 222 7
223 224 12
224 223 12
225 226 7
226 225 7
226 227 17
227 191 9
227 226 17
227 228 7
228 227 7
228 264 2
229 193 18
229 230 2
230 229 2
230 231 12
231 195 12
231 230 12
231 232 1
232 231 1
232 233 7
232 268 4
233 197 16
233 232 7
233 234 5
234 233 5
234 235 2
234 270 16
235 199 5
235 234 2
236 237 19
236 272 6
237 201 5
237 236 19
237 238 1
238 237 1
238 239 3
238 274 6
239 238 3
239 240 4
240 239 4
240 241 16
240 276 15
241 240 16
241 242 16
242 241 16
242 243 17
242 278 8
243 207 19
243 242 17
243 244 4
244 243 4
244 245 18
244 280 7
245 209 8
245 244 18
245 246 1
246 245 1
246 247 7
247 211 6
247 246 7
247 248 16
248 247 16
248 249 14
248 284 14
249 213 9
249 248 14
249 250 1
250 249 1
250 286 16
251 215 2
252 216 17
252 253 5
253 252 5
253 254 15
254 218 19
254 253 15
254 255 7
255 254 7
255 256 14
256 220 11
256 255 14
256 257 3
257 256 3
257 258 13
257 293 5
258 222 11
258 257 13
258 259 13
259 258 13
259 260 6
259 295 9
260 259 6
260 261 4
261 260 4
261 262 1
261 297 3
262 261 1
262 263 5
263 262 5
263 264 3
263 299 4
264 228 2
264 263 3
264 265 4
265 264 4
265 266 11
265 301 19
266 265 11
267 268 3
268 232 4
268 267 3
268 269 17
269 268 17
269 270 11
269 305 11
270 234 16
270 269 11
270 271 16
271 270 16
271 272 1
271 307 18
272 236 6
272 271 1
272 273 10
273 272 10
273 274 11
273 309 16
274 238 6
274 273 11
274 275 13
275 274 13
275 311 9
276 240 15
276 277 13
277 276 13
277 278 9
277 313 4
278 242 8
278 277 9
278 279 15
279 278 15
279 280 9
279 315 1
280 244 7
280 279 9
280 281 7
281 280 7
281 282 12
281 317 13
282 281 12
282 283 2
283 282 2
283 284 7
283 319 7
284 248 14
284 283 7
284 285 2
285 284 2
285 286 12
285 321 9
286 250 16
286 285 12
286 287 10
287 286 10
287 323 11
288 289 18
288 324 2
289 288 18
289 290 12
290 289 12
290 291 18
290 326 2
291 290 18
291 292 16
292 291 16
292 293 3
292 328 7
293 257 5
293 292 3
293 294 18
294 293 18
294 330 16
295 259 9
295 296 1
296 295 1
296 297 12
296 332 6
297 261 3
297 296 12
297 298 1
298 297 1
298 299 16
298 334 4
299 263 4
299 298 16
299 300 9
300 299 9
300 301 14
300 336 9
301 265 19
301 300 14
301 302 14
302 301 14
302 303 13
302 338 19
303 302 13
304 305 7
304 340 4
305 269 11
305 304 7
306 307 6
306 342 5
307 271 18
307 306 6
308 309 11
308 344 18
309 273 16
309 308 11
309 310 3
310 309 3
310 311 1
310 346 18
311 275 9
311 310 1
311 312 5
312 311 5
312 313 15
312 348 13
313 277 4
313 312 15
313 314 15
314 313 15
314 315 7
314 350 19
315 279 1
315 314 7
316 317 8
316 352 13
317 281 13
317 316 8
317 318 6
318 317 6
318 319 15
318 354 6
319 283 7
319 318 15
320 321 9
320 356 19
321 285 9
321 320 9
321 322 9
322 321 9
322 323 16
322 358 19
323 287 11
323 322 16
324 288 2
324 325 7
325 324 7
325 326 4
325 361 6
326 290 2
326 325 4
326 327 11
327 326 11
327 328 3
327 363 16
328 292 7
328 327 3
328 329 16
329 328 16
329 330 5
329 365 3
330 294 16
330 329 5
330 331 10
331 330 10
331 332 17
331 367 19
332 296 6
332 331 17
332 333 6
333 332 6
333 334 6
333 369 5
334 298 4
334 333 6
334 335 8
335 334 8
335 336 5
335 371 15
336 300 9
336 335 5
336 337 1
337 336 1
337 338 9
338 302 19
338 337 9
338 339 15
339 338 15
339 340 8
339 375 10
340 304 4
340 339 8
341 342 12
341 377 8
342 306 5
342 341 12
342 343 12
343 342 12
343 344 1
343 379 15
344 308 18
344 343 1
344 345 1
345 344 1
345 346 11
345 381 6
346 310 18
346 345 11
346 347 12
347 346 12
347 348 5
347 383 10
348 312 13
348 347 5
348 349 8
349 348 8
349 385 4
350 314 19
350 351 17
351 350 17
351 387 4
352 316 13
352 353 14
353 352 14
353 354 10
353 389 13
354 318 6
354 353 10
355 356 15
355 391 16
356 320 19
356 355 15
356 357 12
357 356 12
357 358 19
357 393 9
358 322 19
358 357 19
358 359 15
359 358 15
359 395 6
360 361 12
361 325 6
361 360 12
361 362 1
362 361 1
362 363 15
362 398 4
363 327 16
363 362 15
363 364 1
364 363 1
364 365 17
364 400 19
365 329 3
365 364 17
365 366 17
366 365 17
366 367 10
366 402 3
367 331 19
367 366 10
368 369 5
368 404 14
369 333 5
369 368 5
369 370 14
370 369 14
370 371 7
370 406 3
371 335 15
371 370 7
371 372 14
372 371 14
372 373 13
372 408 7
373 372 13
373 374 1
374 373 1
374 375 16
374 410 4
375 339 10
375 374 16
376 412 2
377 341 8
377 378 14
378 377 14
378 379 8
379 343 15
379 378 8
379 380 15
380 379 15
380 381 18
380 416 18
381 345 6
381 380 18
381 382 9
382 381 9
382 383 11
382 418 18
383 347 10
383 382 11
383 384 8
384 383 8
384 420 7
385 349 4
385 386 4
386 385 4
386 387 1
386 422 15
387 351 4
387 386 1
388 389 3
388 424 12
389 353 13
389 388 3
390 391 10
390 426 13
391 355 16
391 390 10
391 392 1
392 391 1
392 393 12
392 428 16
393 357 9
393 392 12
393 394 16
394 393 16
394 395 1
395 359 6
395 394 1
396 397 3
397 396 3
397 398 18
397 433 12
398 362 4
398 397 18
398 399 5
399 398 5
399 400 5
399 435 18
400 364 19
400 399 5
400 401 16
401 400 16
401 402 9
401 437 10
402 366 3
402 401 9
403 404 2
403 439 11
404 368 14
404 403 2
404 405 1
405 404 1
405 406 1
405 441 1
406 370 3
406 405 1
406 407 2
407 406 2
407 408 14
407 443 3
408 372 7
408 407 14
408 409 17
409 408 17
409 410 4
409 445 8
410 374 4
410 409 4
411 412 3
411 447 3
412 376 2
412 411 3
412 413 10
413 412 10
413 414 4
413 449 10
414 413 4
414 415 4
415 414 4
415 416 9
415 451 8
416 380 18
416 415 9
416 417 7
417 416 7
417 418 17
418 382 18
418 417 17
418 419 3
419 418 3
419 455 15
420 384 7
420 421 4
421 420 4
421 422 17
422 386 15
422 421 17
422 423 15
423 422 15
423 424 15
423 459 11
424 388 12
424 423 15
424 425 17
425 424 17
425 426 6
425 461 12
426 390 13
426 425 6
426 427 16
427 426 16
427 428 14
427 463 14
428 392 16
428 427 14
428 429 15
429 428 15
429 430 8
429 465 7
430 429 8
430 431 2
431 430 2
431 467 6
432 468 6
433 397 12
433 434 16
434 433 16
434 470 7
435 399 18
435 436 15
436 435 15
436 437 18
436 472 5
437 401 10
437 436 18
437 438 9
438 437 9
438 439 10
438 474 9
439 403 11
439 438 10
439 440 10
440 439 10
440 441 12
440 476 5
441 405 1
441 440 12
441 442 17
442 441 17
442 443 15
442 478 3
443 407 3
443 442 15
443 444 13
444 443 13
444 445 18
444 480 8
445 409 8
445 444 18
446 447 2
446 482 12
447 411 3
447 446 2
447 448 10
448 447 10
448 449 4
449 413 10
449 448 4
449 450 12
450 449 12
450 451 5
450 486 1
451 415 8
451 450 5
451 452 5
452 451 5
452 453 14
452 488 6
453 452 14
453 454 1
454 453 1
454 455 11
454 490 10
455 419 15
455 454 11
456 457 4
456 492 2
457 456 4
457 458 13
458 457 13
458 494 5
459 423 11
460 461 18
460 496 15
461 425 12
461 460 18
461 462 8
462 461 8
462 498 18
463 427 14
464 500 4
465 429 7
465 466 14
466 465 14
466 467 4
466 502 5
467 431 6
467 466 4
468 432 6
468 469 8
469 468 8
469 470 12
469 505 6
470 434 7
470 469 12
470 471 8
471 470 8
471 472 13
472 436 5
472 471 13
472 473 3
473 472 3
473 474 11
473 509 7
474 438 9
474 473 11
475 476 9
476 440 5
476 475 9
476 477 1
477 476 1
477 478 14
477 513 6
478 442 3
478 477 14
478 479 17
479 478 17
480 444 8
480 481 8
481 480 8
481 482 18
481 517 3
482 446 12
482 481 18
482 483 10
483 482 10
483 484 14
483 519 2
484 483 14
484 485 18
485 484 18
485 486 5
485 521 11
486 450 1
486 485 5
486 487 9
487 486 9
487 488 12
487 523 7
488 452 6
488 487 12
488 489 7
489 488 7
489 490 11
489 525 6
490 454 10
490 489 11
490 491 18
491 490 18
491 492 5
491 527 2
492 456 2
492 491 5
492 493 6
493 492 6
493 494 1
493 529 10
494 458 5
494 493 1
494 495 17
495 494 17
495 496 17
495 531 8
496 460 15
496 495 17
496 497 11
497 496 11
497 498 3
497 533 6
498 462 18
498 497 3
498 499 12
499 498 12
499 500 17
499 535 14
500 464 4
500 499 17
500 501 17
501 500 17
501 537 12
502 466 5
502 503 2
503 502 2
503 539 12
504 505 13
504 540 14
505 469 6
505 504 13
506 507 2
507 506 2
507 508 10
508 507 10
508 509 2
508 544 14
509 473 7
509 508 2
509 510 7
510 509 7
510 511 1
510 546 8
511 510 1
511 512 15
512 511 15
512 513 16
513 477 6
513 512 16
513 514 6
514 513 6
514 515 13
514 550 3
515 514 13
515 516 11
516 515 11
516 517 3
516 552 4
517 481 3
517 516 3
517 518 2
518 517 2
518 519 18
518 554 19
519 483 2
519 518 18
519 520 15
520 519 15
520 521 19
520 556 7
521 485 11
521 520 19
521 522 8
522 521 8
522 523 16
523 487 7
523 522 16
523 524 18
524 523 18
524 525 12
524 560 19
525 489 6
525 524 12
525 526 3
526 525 3
526 527 13
526 562 9
527 491 2
527 526 13
527 528 16
528 527 16
528 529 11
528 564 19
529 493 10
529 528 11
529 530 16
530 529 16
530 531 9
530 566 5
531 495 8
531 530 9
532 568 13
533 497 6
533 534 8
534 533 8
534 535 14
534 570 1
535 499 14
535 534 14
535 536 12
536 535 12
536 572 4
537 501 12
537 538 13
538 537 13
538 539 1
538 574 12
539 503 12
539 538 1
540 504 14
540 541 8
541 540 8
541 577 6
542 543 2
543 542 2
543 544 13
543 579 19
544 508 14
544 543 13
545 546 14
545 581 13
546 510 8
546 545 14
546 547 1
547 546 1
547 548 3
547 583 8
548 547 3
548 549 3
549 548 3
549 550 13
549 585 6
550 514 3
550 549 13
551 552 1
551 587 7
552 516 4
552 551 1
552 553 2
553 552 2
553 554 1
553 589 19
554 518 19
554 553 1
554 555 1
555 554 1
555 556 4
555 591 11
556 520 7
556 555 4
556 557 15
557 556 15
557 593 7
558 559 4
559 558 4
559 560 7
559 595 19
560 524 19
560 559 7
560 561 10
561 560 10
561 562 7
561 597 3
562 526 9
562 561 7
562 563 10
563 562 10
563 564 4
563 599 18
564 528 19
564 563 4
564 565 9
565 564 9
565 566 3
565 601 4
566 530 5
566 565 3
566 567 5
567 566 5
567 568 13
567 603 17
568 532 13
568 567 13
568 569 15
569 568 15
569 570 10
569 605 8
570 534 1
570 569 10
570 571 13
571 570 13
571 572 16
571 607 15
572 536 4
572 571 16
573 574 8
573 609 14
574 538 12
574 573 8
574 575 4
575 574 4
576 577 2
576 612 3
577 541 6
577 576 2
577 578 2
578 577 2
578 579 13
578 614 2
579 543 19
579 578 13
580 581 14
580 616 5
581 545 13
581 580 14
581 582 3
582 581 3
582 583 6
582 618 19
583 547 8
583 582 6
583 584 1
584 583 1
585 549 6
585 586 2
586 585 2
586 587 4
586 622 1
587 551 7
587 586 4
588 589 1
588 624 8
589 553 19
589 588 1
589 590 18
590 589 18
591 555 11
592 593 8
592 628 10
593 557 7
593 592 8
593 594 12
594 593 12
594 595 12
594 630 10
595 559 19
595 594 12
595 596 18
596 595 18
596 597 19
596 632 4
597 561 3
597 596 19
598 599 5
598 634 2
599 563 18
599 598 5
599 600 1
600 599 1
600 601 16
600 636 13
601 565 4
601 600 16
602 603 9
603 567 17
603 602 9
604 605 9
604 640 11
605 569 8
605 604 9
605 606 11
606 605 11
606 642 9
607 571 15
607 608 14
608 607 14
608 609 15
609 573 14
609 608 15
609 610 11
610 609 11
610 611 4
610 646 10
611 610 4
612 576 3
612 613 2
613 612 2
613 614 10
614 578 2
614 613 10
615 616 8
616 580 5
616 615 8
616 617 3
617 616 3
617 618 11
618 582 19
618 617 11
619 620 2
620 619 2
620 621 8
621 620 8
621 622 14
622 586 1
622 621 14
622 623 16
623 622 16
623 624 1
624 588 8
624 623 1
624 625 3
625 624 3
625 626 6
626 625 6
627 628 13
628 592 10
628 627 13
628 629 6
629 628 6
629 630 11
630 594 10
630 629 11
630 631 4
631 630 4
632 596 4
632 633 12
633 632 12
633 634 12
634 598 2
634 633 12
634 635 1
635 634 1
635 636 16
636 600 13
636 635 16
636 637 4
637 636 4
637 638 7
638 637 7
639 640 4
640 604 11
640 639 4
641 642 14
642 606 9
642 641 14
642 643 17
643 642 17
643 644 6
644 643 6
644 645 3
645 644 3
645 646 10
646 610 10
646 645 10
12 275 540 556 568
24 66 141 189 453
27 34 165 452 580
28 351 493 541 567
71 114 137 325 520
79 233 302 577 598
118 353 357 366 427
124 185 318 339 463
206 305 323 389 604
