576 1426 1 576 11
1 2 1
1 34 1
2 1 1
2 3 1
3 2 1
3 4 1
3 36 1
4 3 1
4 5 1
5 4 1
5 6 1
5 38 1
6 5 1
6 7 1
7 6 1
7 8 1
7 40 1
8 7 1
8 9 1
9 8 1
9 10 1
9 42 1
10 9 1
11 12 1
11 44 1
12 11 1
12 13 1
13 12 1
13 46 1
14 15 1
15 14 1
15 16 1
15 48 1
16 15 1
16 17 1
17 16 1
17 18 1
17 50 1
18 17 1
18 19 1
19 18 1
19 20 1
19 52 1
20 19 1
20 21 1
21 20 1
21 22 1
22 21 1
22 23 1
23 22 1
23 24 1
23 56 1
24 23 1
24 25 1
25 24 1
25 26 1
25 58 1
26 25 1
26 27 1
27 26 1
27 60 1
28 29 1
29 28 1
29 30 1
29 62 1
30 29 1
30 31 1
31 30 1
31 32 1
31 64 1
32 31 1
32 33 1
33 32 1
33 66 1
34 1 1
34 35 1
35 34 1
35 36 1
35 69 1
36 3 1
36 35 1
36 37 1
37 36 1
37 38 1
37 71 1
38 5 1
38 37 1
39 40 1
39 73 1
40 7 1
40 39 1
40 41 1
41 40 1
41 75 1
42 9 1
42 43 1
43 42 1
43 44 1
43 77 1
44 11 1
44 43 1
45 46 1
45 79 1
46 13 1
46 45 1
46 47 1
47 46 1
47 48 1
47 81 1
48 15 1
48 47 1
49 83 1
50 17 1
50 51 1
51 50 1
51 85 1
52 19 1
52 53 1
53 52 1
53 54 1
53 87 1
54 53 1
54 55 1
55 54 1
55 89 1
56 23 1
57 91 1
58 25 1
58 59 1
59 58 1
59 60 1
59 93 1
60 27 1
60 59 1
60 61 1
61 60 1
62 29 1
62 63 1
63 62 1
63 64 1
63 97 1
64 31 1
64 63 1
65 66 1
65 99 1
66 33 1
66 65 1
66 67 1
67 66 1
67 101 1
68 69 1
68 102 1
69 35 1
69 68 1
69 70 1
70 69 1
70 71 1
70 104 1
71 37 1
71 70 1
71 72 1
72 71 1
72 73 1
72 106 1
73 39 1
73 72 1
73 74 1
74 73 1
74 75 1
75 41 1
75 74 1
75 76 1
76 75 1
76 77 1
76 110 1
77 43 1
77 76 1
77 78 1
78 77 1
78 79 1
79 45 1
79 78 1
80 81 1
80 114 1
81 47 1
81 80 1
81 82 1
82 81 1
82 83 1
82 116 1
83 49 1
83 82 1
83 84 1
84 83 1
84 85 1
84 118 1
85 51 1
85 84 1
85 86 1
86 85 1
86 87 1
86 120 1
87 53 1
87 86 1
87 88 1
88 87 1
88 89 1
88 122 1
89 55 1
89 88 1
89 90 1
90 89 1
90 91 1
90 124 1
91 57 1
91 90 1
91 92 1
92 91 1
92 93 1
92 126 1
93 59 1
93 92 1
93 94 1
94 93 1
94 128 1
95 96 1
96 95 1
96 97 1
97 63 1
97 96 1
97 98 1
98 97 1
98 99 1
98 132 1
99 65 1
99 98 1
99 100 1
100 99 1
100 101 1
101 67 1
101 100 1
102 68 1
102 103 1
103 102 1
103 104 1
103 137 1
104 70 1
104 103 1
104 105 1
105 104 1
105 139 1
106 72 1
106 107 1
107 106 1
107 108 1
107 141 1
108 107 1
108 109 1
109 108 1
109 110 1
109 143 1
110 76 1
110 109 1
110 111 1
111 110 1
111 112 1
111 145 1
112 111 1
113 114 1
113 147 1
114 80 1
114 113 1
114 115 1
115 114 1
115 116 1
115 149 1
116 82 1
116 115 1
116 117 1
117 116 1
117 118 1
117 151 1
118 84 1
118 117 1
119 120 1
119 153 1
120 86 1
120 119 1
120 121 1
121 120 1
121 122 1
121 155 1
122 88 1
122 121 1
122 123 1
123 122 1
123 124 1
123 157 1
124 90 1
124 123 1
124 125 1
125 124 1
125 126 1
125 159 1
126 92 1
126 125 1
126 127 1
127 126 1
127 128 1
128 94 1
128 127 1
128 129 1
129 128 1
129 130 1
129 163 1
130 129 1
130 131 1
131 130 1
131 132 1
131 165 1
132 98 1
132 131 1
132 133 1
133 132 1
133 134 1
133 167 1
134 133 1
134 135 1
135 134 1
135 169 1
136 137 1
136 170 1
137 103 1
137 136 1
137 138 1
138 137 1
138 172 1
139 105 1
139 140 1
140 139 1
140 141 1
140 174 1
141 107 1
141 140 1
142 143 1
142 176 1
143 109 1
143 142 1
143 144 1
144 143 1
144 145 1
144 178 1
145 111 1
145 144 1
145 146 1
146 145 1
146 147 1
146 180 1
147 113 1
147 146 1
147 148 1
148 147 1
148 149 1
148 182 1
149 115 1
149 148 1
150 151 1
150 184 1
151 117 1
151 150 1
151 152 1
152 151 1
152 153 1
152 186 1
153 119 1
153 152 1
154 155 1
154 188 1
155 121 1
155 154 1
155 156 1
156 155 1
156 157 1
156 190 1
157 123 1
157 156 1
157 158 1
158 157 1
158 192 1
159 125 1
159 160 1
160 159 1
160 161 1
160 194 1
161 160 1
161 162 1
162 161 1
162 163 1
163 129 1
163 162 1
163 164 1
164 163 1
164 165 1
164 198 1
165 131 1
165 164 1
165 166 1
166 165 1
166 167 1
166 200 1
167 133 1
167 166 1
167 168 1
168 167 1
168 169 1
168 202 1
169 135 1
169 168 1
170 136 1
170 171 1
171 170 1
171 172 1
172 138 1
172 171 1
172 173 1
173 172 1
173 174 1
174 140 1
174 173 1
174 175 1
175 174 1
176 142 1
176 177 1
177 176 1
177 178 1
178 144 1
178 177 1
179 180 1
180 146 1
180 179 1
180 181 1
181 180 1
181 182 1
182 148 1
182 181 1
182 183 1
183 182 1
183 184 1
184 150 1
184 183 1
185 186 1
185 219 1
186 152 1
186 185 1
187 188 1
187 221 1
188 154 1
188 187 1
188 189 1
189 188 1
189 190 1
189 223 1
190 156 1
190 189 1
190 191 1
191 190 1
191 192 1
191 225 1
192 158 1
192 191 1
192 193 1
193 192 1
193 194 1
193 227 1
194 160 1
194 193 1
194 195 1
195 194 1
195 196 1
195 229 1
196 195 1
196 197 1
197 196 1
197 231 1
198 164 1
198 199 1
199 198 1
199 200 1
200 166 1
200 199 1
200 201 1
201 200 1
201 202 1
201 235 1
202 168 1
202 201 1
202 203 1
203 202 1
203 237 1
204 205 1
204 238 1
205 204 1
205 206 1
206 205 1
206 240 1
207 208 1
208 207 1
208 209 1
209 208 1
209 210 1
210 209 1
210 211 1
210 244 1
211 210 1
211 212 1
212 211 1
212 213 1
212 246 1
213 212 1
213 214 1
214 213 1
214 215 1
214 248 1
215 214 1
215 216 1
216 215 1
216 217 1
216 250 1
217 216 1
217 218 1
218 217 1
218 219 1
218 252 1
219 185 1
219 218 1
219 220 1
220 219 1
220 221 1
221 187 1
221 220 1
221 222 1
222 221 1
222 223 1
223 189 1
223 222 1
223 224 1
224 223 1
224 258 1
225 191 1
225 226 1
226 225 1
226 260 1
227 193 1
227 228 1
228 227 1
228 229 1
228 262 1
229 195 1
229 228 1
230 231 1
230 264 1
231 197 1
231 230 1
232 266 1
233 234 1
234 233 1
234 235 1
234 268 1
235 201 1
235 234 1
235 236 1
236 235 1
236 237 1
236 270 1
237 203 1
237 236 1
238 204 1
238 239 1
239 238 1
239 240 1
240 206 1
240 239 1
240 241 1
241 240 1
241 242 1
241 275 1
242 241 1
242 243 1
243 242 1
243 244 1
243 277 1
244 210 1
244 243 1
244 245 1
245 244 1
245 246 1
245 279 1
246 212 1
246 245 1
246 247 1
247 246 1
247 248 1
248 214 1
248 247 1
248 249 1
249 248 1
249 250 1
249 283 1
250 216 1
250 249 1
250 251 1
251 250 1
251 285 1
252 218 1
252 253 1
253 252 1
253 254 1
253 287 1
254 253 1
254 255 1
255 254 1
255 256 1
255 289 1
256 255 1
256 257 1
257 256 1
257 258 1
258 224 1
258 257 1
258 259 1
259 258 1
259 260 1
259 293 1
260 226 1
260 259 1
260 261 1
261 260 1
261 262 1
261 295 1
262 228 1
262 261 1
262 263 1
263 262 1
263 264 1
263 297 1
264 230 1
264 263 1
264 265 1
265 264 1
265 266 1
265 299 1
266 232 1
266 265 1
266 267 1
267 266 1
267 268 1
267 301 1
268 234 1
268 267 1
268 269 1
269 268 1
269 303 1
270 236 1
271 305 1
272 273 1
272 306 1
273 272 1
273 274 1
274 273 1
274 308 1
275 241 1
275 276 1
276 275 1
276 277 1
276 310 1
277 243 1
277 276 1
278 312 1
279 245 1
279 280 1
280 279 1
280 281 1
280 314 1
281 280 1
281 282 1
282 281 1
282 283 1
282 316 1
283 249 1
283 282 1
283 284 1
284 283 1
284 285 1
284 318 1
285 251 1
285 284 1
285 286 1
286 285 1
286 287 1
286 320 1
287 253 1
287 286 1
287 288 1
288 287 1
288 289 1
288 322 1
289 255 1
289 288 1
289 290 1
290 289 1
290 291 1
290 324 1
291 290 1
291 292 1
292 291 1
292 326 1
293 259 1
293 294 1
294 293 1
294 295 1
294 328 1
295 261 1
295 294 1
295 296 1
296 295 1
296 297 1
296 330 1
297 263 1
297 296 1
297 298 1
298 297 1
298 299 1
298 332 1
299 265 1
299 298 1
299 300 1
300 299 1
301 267 1
301 302 1
302 301 1
302 303 1
302 336 1
303 269 1
303 302 1
303 304 1
304 303 1
304 305 1
304 338 1
305 271 1
305 304 1
306 272 1
307 341 1
308 274 1
308 309 1
309 308 1
309 310 1
309 343 1
310 276 1
310 309 1
310 311 1
311 310 1
311 345 1
312 278 1
312 313 1
313 312 1
313 314 1
313 347 1
314 280 1
314 313 1
314 315 1
315 314 1
315 316 1
315 349 1
316 282 1
316 315 1
316 317 1
317 316 1
317 318 1
317 351 1
318 284 1
318 317 1
318 319 1
319 318 1
319 320 1
319 353 1
320 286 1
320 319 1
320 321 1
321 320 1
321 355 1
322 288 1
322 323 1
323 322 1
323 324 1
323 357 1
324 290 1
324 323 1
324 325 1
325 324 1
325 326 1
326 292 1
326 325 1
326 327 1
327 326 1
327 328 1
327 361 1
328 294 1
328 327 1
328 329 1
329 328 1
329 330 1
329 363 1
330 296 1
330 329 1
330 331 1
331 330 1
331 332 1
332 298 1
332 331 1
332 333 1
333 332 1
333 334 1
333 367 1
334 333 1
334 335 1
335 334 1
335 336 1
335 369 1
336 302 1
336 335 1
336 337 1
337 336 1
337 338 1
337 371 1
338 304 1
338 337 1
338 339 1
339 338 1
339 373 1
340 341 1
340 374 1
341 307 1
341 340 1
341 342 1
342 341 1
342 343 1
342 376 1
343 309 1
343 342 1
343 344 1
344 343 1
344 378 1
345 311 1
345 346 1
346 345 1
346 347 1
346 380 1
347 313 1
347 346 1
347 348 1
348 347 1
348 349 1
348 382 1
349 315 1
349 348 1
349 350 1
350 349 1
350 351 1
350 384 1
351 317 1
351 350 1
351 352 1
352 351 1
352 386 1
353 319 1
354 355 1
354 388 1
355 321 1
355 354 1
355 356 1
356 355 1
356 357 1
356 390 1
357 323 1
357 356 1
357 358 1
358 357 1
358 359 1
358 392 1
359 358 1
359 360 1
360 359 1
360 361 1
360 394 1
361 327 1
361 360 1
361 362 1
362 361 1
362 363 1
363 329 1
363 362 1
364 365 1
364 398 1
365 364 1
365 366 1
366 365 1
366 367 1
367 333 1
367 366 1
367 368 1
368 367 1
368 369 1
368 402 1
369 335 1
369 368 1
369 370 1
370 369 1
370 371 1
370 404 1
371 337 1
371 370 1
372 406 1
373 339 1
374 340 1
374 375 1
375 374 1
375 376 1
375 409 1
376 342 1
376 375 1
376 377 1
377 376 1
377 378 1
377 411 1
378 344 1
378 377 1
378 379 1
379 378 1
379 380 1
379 413 1
380 346 1
380 379 1
380 381 1
381 380 1
381 382 1
381 415 1
382 348 1
382 381 1
382 383 1
383 382 1
383 384 1
384 350 1
384 383 1
384 385 1
385 384 1
385 386 1
385 419 1
386 352 1
386 385 1
387 388 1
387 421 1
388 354 1
388 387 1
389 390 1
389 423 1
390 356 1
390 389 1
391 392 1
391 425 1
392 358 1
392 391 1
393 394 1
393 427 1
394 360 1
394 393 1
394 395 1
395 394 1
395 396 1
395 429 1
396 395 1
396 397 1
397 396 1
397 398 1
397 431 1
398 364 1
398 397 1
398 399 1
399 398 1
399 400 1
399 433 1
400 399 1
400 401 1
401 400 1
401 402 1
401 435 1
402 368 1
402 401 1
403 404 1
403 437 1
404 370 1
404 403 1
404 405 1
405 404 1
405 406 1
405 439 1
406 372 1
406 405 1
406 407 1
407 406 1
407 441 1
408 409 1
408 442 1
409 375 1
409 408 1
409 410 1
410 409 1
410 411 1
410 444 1
411 377 1
411 410 1
411 412 1
412 411 1
412 413 1
412 446 1
413 379 1
413 412 1
414 415 1
414 448 1
415 381 1
415 414 1
416 417 1
416 450 1
417 416 1
417 418 1
418 417 1
418 419 1
418 452 1
419 385 1
419 418 1
419 420 1
420 419 1
420 454 1
421 387 1
421 422 1
422 421 1
422 423 1
423 389 1
423 422 1
423 424 1
424 423 1
424 425 1
424 458 1
425 391 1
425 424 1
425 426 1
426 425 1
426 427 1
426 460 1
427 393 1
427 426 1
427 428 1
428 427 1
428 429 1
428 462 1
429 395 1
429 428 1
429 430 1
430 429 1
430 431 1
431 397 1
431 430 1
431 432 1
432 431 1
432 433 1
432 466 1
433 399 1
433 432 1
434 468 1
435 401 1
435 436 1
436 435 1
436 437 1
436 470 1
437 403 1
437 436 1
438 439 1
438 472 1
439 405 1
439 438 1
439 440 1
440 439 1
440 474 1
441 407 1
442 408 1
442 443 1
443 442 1
443 444 1
443 477 1
444 410 1
444 443 1
445 446 1
445 479 1
446 412 1
446 445 1
446 447 1
447 446 1
447 448 1
447 481 1
448 414 1
448 447 1
448 449 1
449 448 1
449 450 1
449 483 1
450 416 1
450 449 1
450 451 1
451 450 1
451 452 1
451 485 1
452 418 1
452 451 1
452 453 1
453 452 1
453 454 1
453 487 1
454 420 1
454 453 1
454 455 1
455 454 1
455 456 1
455 489 1
456 455 1
457 458 1
457 491 1
458 424 1
458 457 1
458 459 1
459 458 1
459 460 1
459 493 1
460 426 1
460 459 1
461 462 1
461 495 1
462 428 1
462 461 1
462 463 1
463 462 1
463 464 1
463 497 1
464 463 1
464 465 1
465 464 1
465 466 1
465 499 1
466 432 1
466 465 1
466 467 1
467 466 1
467 468 1
467 501 1
468 434 1
468 467 1
468 469 1
469 468 1
469 470 1
469 503 1
470 436 1
470 469 1
470 471 1
471 470 1
471 472 1
471 505 1
472 438 1
472 471 1
473 474 1
473 507 1
474 440 1
474 473 1
474 475 1
475 474 1
475 509 1
476 477 1
476 510 1
477 443 1
477 476 1
478 479 1
478 512 1
479 445 1
479 478 1
479 480 1
480 479 1
480 481 1
480 514 1
481 447 1
481 480 1
481 482 1
482 481 1
482 483 1
482 516 1
483 449 1
483 482 1
483 484 1
484 483 1
484 485 1
484 518 1
485 451 1
485 484 1
485 486 1
486 485 1
486 487 1
486 520 1
487 453 1
487 486 1
487 488 1
488 487 1
488 522 1
489 455 1
489 490 1
490 489 1
490 491 1
490 524 1
491 457 1
491 490 1
491 492 1
492 491 1
493 459 1
493 494 1
494 493 1
494 528 1
495 461 1
495 496 1
496 495 1
496 497 1
496 530 1
497 463 1
497 496 1
497 498 1
498 497 1
498 499 1
498 532 1
499 465 1
499 498 1
500 501 1
500 534 1
501 467 1
501 500 1
501 502 1
502 501 1
502 536 1
503 469 1
503 504 1
504 503 1
504 505 1
504 538 1
505 471 1
505 504 1
505 506 1
506 505 1
506 507 1
506 540 1
507 473 1
507 506 1
507 508 1
508 507 1
508 509 1
508 542 1
509 475 1
509 508 1
510 476 1
510 511 1
511 510 1
511 512 1
511 544 1
512 478 1
512 511 1
512 513 1
513 512 1
513 514 1
513 546 1
514 480 1
514 513 1
515 516 1
515 548 1
516 482 1
516 515 1
516 517 1
517 516 1
517 518 1
518 484 1
518 517 1
518 519 1
519 518 1
519 520 1
519 552 1
520 486 1
520 519 1
520 521 1
521 520 1
521 522 1
521 554 1
522 488 1
522 521 1
522 523 1
523 522 1
523 524 1
523 556 1
524 490 1
524 523 1
525 526 1
525 558 1
526 525 1
526 527 1
527 526 1
527 528 1
527 560 1
528 494 1
528 527 1
528 529 1
529 528 1
529 530 1
529 562 1
530 496 1
530 529 1
530 531 1
531 530 1
531 532 1
531 564 1
532 498 1
532 531 1
532 533 1
533 532 1
533 534 1
533 566 1
534 500 1
534 533 1
534 535 1
535 534 1
535 536 1
536 502 1
536 535 1
536 537 1
537 536 1
537 570 1
538 504 1
538 539 1
539 538 1
540 506 1
540 541 1
541 540 1
541 542 1
541 574 1
542 508 1
542 541 1
542 543 1
543 542 1
543 576 1
544 511 1
545 546 1
546 513 1
546 545 1
546 547 1
547 546 1
547 548 1
548 515 1
548 547 1
548 549 1
549 548 1
549 550 1
550 549 1
550 551 1
551 550 1
551 552 1
552 519 1
552 551 1
552 553 1
553 552 1
553 554 1
554 521 1
554 553 1
555 556 1
556 523 1
556 555 1
556 557 1
557 556 1
557 558 1
558 525 1
558 557 1
559 560 1
560 527 1
560 559 1
560 561 1
561 560 1
561 562 1
562 529 1
562 561 1
562 563 1
563 562 1
563 564 1
564 531 1
564 563 1
564 565 1
565 564 1
565 566 1
566 533 1
566 565 1
566 567 1
567 566 1
567 568 1
568 567 1
569 570 1
570 537 1
570 569 1
570 571 1
571 570 1
571 572 1
572 571 1
573 574 1
574 541 1
574 573 1
574 575 1
575 574 1
575 576 1
576 543 1
576 575 1
29 408 547
74 218 503
90 208 315
101 256 479
102 204 291
103 151 367
148 469 549
194 210 232
249 259 414
299 411 537
374 431 545
