390 484 1 390 221
1 2 13
1 28 2
2 3 8
3 4 14
3 30 7
4 5 18
5 6 10
5 32 18
6 7 11
7 8 16
7 34 13
8 9 1
9 10 6
9 36 6
10 11 18
11 12 6
11 38 10
12 13 3
13 14 15
13 40 14
14 15 13
15 16 17
15 42 10
16 17 5
17 18 1
17 44 14
18 19 2
19 20 11
20 21 3
21 48 16
22 23 4
23 24 12
23 50 15
24 25 3
25 26 1
25 52 3
26 27 3
27 54 3
29 30 10
29 57 5
30 31 9
31 59 2
32 33 1
33 34 5
33 61 10
34 35 4
35 36 14
35 63 5
36 37 7
37 38 8
37 65 15
39 40 7
39 67 11
40 41 6
41 42 19
41 69 19
43 71 10
44 45 19
45 46 1
45 73 17
47 48 9
48 49 5
49 50 17
49 77 4
51 52 11
51 79 15
53 81 4
54 55 9
55 83 1
56 57 3
56 84 14
57 58 11
58 59 7
58 86 15
59 60 11
60 61 8
60 88 17
61 62 11
62 63 7
62 90 10
63 64 18
64 65 6
64 92 4
65 66 11
66 67 2
66 94 1
67 68 6
68 69 5
68 96 15
69 70 3
70 71 3
70 98 7
71 72 14
72 73 12
72 100 16
73 74 5
74 75 11
75 76 5
76 77 15
76 104 11
77 78 2
78 79 1
78 106 5
79 80 4
80 81 15
80 108 5
81 82 18
82 83 1
82 110 16
84 85 16
85 113 16
86 87 3
87 88 6
87 115 14
88 89 13
89 90 5
89 117 8
90 91 5
91 92 4
91 119 14
92 93 7
93 94 11
95 96 15
95 123 13
96 97 18
97 98 3
97 125 12
99 100 16
99 127 18
100 101 10
102 103 1
103 104 6
104 105 10
105 106 13
105 133 16
106 107 10
107 108 18
107 135 11
108 109 17
109 110 5
109 137 17
110 111 11
111 139 13
112 113 8
112 140 7
113 114 6
114 115 6
114 142 19
115 116 5
117 118 9
118 119 3
118 146 1
119 120 4
120 121 9
121 122 4
122 123 5
122 150 11
124 152 16
126 154 12
127 128 13
128 129 15
128 156 11
129 130 16
130 131 15
131 132 13
132 133 10
132 160 17
134 135 16
134 162 19
135 136 9
136 137 4
136 164 3
137 138 15
138 139 16
138 166 14
140 141 2
141 142 16
141 169 8
142 143 15
143 144 8
143 171 18
144 145 8
145 146 14
145 173 15
146 147 12
147 148 1
147 175 5
149 150 12
149 177 15
150 151 7
151 152 2
151 179 2
152 153 3
153 154 2
153 181 18
155 156 7
156 157 3
157 158 3
158 159 2
159 160 6
160 161 3
161 162 9
161 189 5
163 164 10
163 191 19
164 165 1
165 166 9
165 193 7
166 167 16
167 195 15
168 169 3
168 196 11
169 170 15
170 171 17
171 172 1
172 173 17
172 200 1
173 174 17
174 175 18
175 176 17
176 177 9
176 204 11
177 178 1
178 179 1
178 206 18
179 180 1
180 181 14
181 182 8
182 183 12
182 210 11
183 184 17
184 212 16
185 186 5
186 187 14
186 214 13
187 188 12
188 189 14
188 216 2
189 190 15
190 191 11
190 218 19
191 192 14
192 193 5
192 220 10
193 194 14
194 195 1
196 197 15
197 198 6
197 225 5
198 199 10
199 227 8
200 201 16
201 202 5
201 229 8
202 203 3
203 204 13
203 231 11
204 205 1
205 206 9
205 233 5
206 207 8
207 208 16
207 235 13
208 209 3
209 237 17
210 211 16
211 212 5
211 239 16
212 213 19
213 214 3
213 241 16
214 215 7
215 216 1
217 218 5
217 245 5
218 219 10
219 220 13
219 247 15
220 221 11
221 222 3
221 249 4
222 223 18
223 251 19
224 225 4
224 252 8
225 226 7
226 227 18
226 254 18
227 228 9
228 229 12
228 256 5
230 258 2
231 232 6
232 233 16
232 260 5
234 235 7
234 262 7
235 236 7
236 237 1
236 264 5
237 238 16
238 239 14
238 266 13
239 240 12
240 241 15
240 268 10
241 242 2
242 243 1
242 270 19
243 244 15
244 245 1
244 272 9
245 246 15
246 247 4
246 274 17
247 248 11
248 249 10
248 276 5
249 250 8
250 251 14
250 278 10
252 253 4
253 254 6
254 255 18
255 256 3
256 257 11
257 258 12
257 285 5
258 259 5
259 260 4
259 287 6
260 261 11
261 262 3
261 289 12
262 263 13
263 264 8
263 291 13
264 265 12
265 266 17
267 268 12
268 269 6
269 270 6
269 297 3
270 271 19
271 272 3
271 299 18
272 273 7
273 274 10
273 301 8
274 275 15
275 276 10
275 303 14
276 277 5
277 278 1
277 305 10
278 279 2
279 307 9
280 281 3
280 308 4
282 283 4
282 310 11
283 284 1
284 285 18
284 312 3
285 286 2
286 287 14
286 314 9
287 288 9
288 289 10
288 316 13
289 290 5
290 291 9
290 318 4
291 292 13
292 320 3
293 294 12
294 295 12
294 322 12
296 297 12
296 324 10
297 298 17
298 299 19
298 326 13
300 301 14
300 328 16
301 302 6
302 330 19
303 304 2
304 305 12
304 332 10
305 306 15
306 307 15
306 334 15
308 309 10
309 310 18
309 337 12
311 312 12
312 313 10
313 314 7
313 341 12
314 315 18
315 343 8
316 317 7
317 318 15
317 345 6
318 319 2
319 320 2
319 347 5
320 321 11
321 322 13
321 349 1
322 323 2
324 325 2
325 326 9
325 353 7
326 327 18
327 328 1
328 329 10
329 330 14
329 357 12
331 332 4
331 359 6
332 333 5
333 334 9
333 361 14
334 335 18
335 363 8
336 337 6
336 364 10
338 339 6
338 366 3
339 340 1
340 341 18
340 368 19
341 342 9
342 343 3
342 370 19
343 344 15
344 372 8
345 346 10
346 347 15
347 348 12
348 349 13
348 376 4
349 350 2
350 351 18
350 378 3
351 352 14
352 353 2
354 355 11
354 382 10
355 356 2
356 357 18
356 384 18
357 358 6
358 359 6
358 386 2
359 360 12
360 361 17
360 388 3
361 362 15
362 363 4
362 390 16
364 365 4
366 367 9
367 368 4
368 369 13
371 372 3
372 373 4
373 374 1
374 375 17
375 376 10
376 377 18
377 378 9
378 379 13
379 380 5
381 382 6
382 383 6
383 384 1
384 385 6
385 386 16
387 388 2
388 389 1
389 390 15
8
11
13
14
15
16
17
19
21
22
23
25
26
27
29
32
33
36
38
40
41
44
45
46
47
48
49
54
55
57
63
65
67
68
72
73
75
76
78
79
80
81
83
85
86
87
88
89
93
95
97
99
102
103
105
106
107
109
114
115
116
117
118
123
124
125
129
130
131
132
133
135
137
139
140
143
144
148
152
153
154
156
157
158
160
161
162
165
166
168
171
172
173
174
175
176
177
178
183
187
188
189
190
191
192
194
195
196
197
198
200
205
207
208
213
215
218
219
220
222
223
224
225
226
227
228
229
230
231
233
234
237
238
241
242
243
245
246
247
248
250
251
252
255
256
257
260
261
262
263
264
265
266
270
271
272
274
275
276
277
278
280
282
283
285
286
288
289
291
292
294
295
300
303
307
309
310
311
312
313
314
315
317
318
319
320
321
324
330
331
336
337
338
341
343
344
345
346
347
348
349
350
351
353
355
362
365
366
367
369
371
372
374
375
376
377
378
379
380
381
382
