160 376 1 160 2
1 2 1
1 18 1
2 1 1
2 3 1
3 2 1
3 4 1
3 20 1
4 3 1
5 22 1
6 7 1
7 6 1
7 8 1
8 7 1
8 9 1
9 8 1
9 10 1
9 26 1
10 9 1
10 11 1
11 10 1
11 12 1
12 11 1
12 13 1
13 12 1
13 14 1
13 30 1
14 13 1
14 15 1
15 14 1
15 16 1
16 15 1
16 17 1
17 16 1
17 34 1
18 1 1
18 19 1
19 18 1
19 20 1
19 37 1
20 3 1
20 19 1
20 21 1
21 20 1
21 22 1
21 39 1
22 5 1
22 21 1
22 23 1
23 22 1
23 24 1
23 41 1
24 23 1
24 25 1
25 24 1
25 26 1
25 43 1
26 9 1
26 25 1
27 28 1
27 45 1
28 27 1
28 29 1
29 28 1
29 30 1
29 47 1
30 13 1
30 29 1
30 31 1
31 30 1
31 32 1
31 49 1
32 31 1
32 33 1
33 32 1
33 34 1
33 51 1
34 17 1
34 33 1
35 53 1
36 37 1
36 54 1
37 19 1
37 36 1
37 38 1
38 37 1
38 39 1
39 21 1
39 38 1
39 40 1
40 39 1
40 58 1
41 23 1
41 42 1
42 41 1
42 43 1
42 60 1
43 25 1
43 42 1
43 44 1
44 43 1
44 45 1
44 62 1
45 27 1
45 44 1
46 64 1
47 29 1
47 48 1
48 47 1
49 31 1
49 50 1
50 49 1
50 51 1
50 68 1
51 33 1
51 50 1
51 52 1
52 51 1
52 53 1
52 70 1
53 35 1
53 52 1
54 36 1
55 56 1
56 55 1
56 57 1
57 56 1
57 75 1
58 40 1
58 59 1
59 58 1
59 60 1
59 77 1
60 42 1
60 59 1
60 61 1
61 60 1
61 62 1
62 44 1
62 61 1
62 63 1
63 62 1
63 64 1
63 81 1
64 46 1
64 63 1
65 66 1
65 83 1
66 65 1
66 67 1
67 66 1
67 68 1
67 85 1
68 50 1
68 67 1
68 69 1
69 68 1
69 70 1
69 87 1
70 52 1
70 69 1
70 71 1
71 70 1
71 89 1
72 73 1
72 90 1
73 72 1
73 74 1
74 73 1
74 75 1
74 92 1
75 57 1
75 74 1
75 76 1
76 75 1
76 77 1
76 94 1
77 59 1
77 76 1
77 78 1
78 77 1
78 79 1
78 96 1
79 78 1
79 80 1
80 79 1
80 81 1
80 98 1
81 63 1
81 80 1
82 83 1
82 100 1
83 65 1
83 82 1
83 84 1
84 83 1
84 85 1
84 102 1
85 67 1
85 84 1
85 86 1
86 85 1
86 87 1
87 69 1
87 86 1
87 88 1
88 87 1
89 71 1
90 72 1
90 91 1
91 90 1
91 92 1
91 109 1
92 74 1
92 91 1
93 94 1
93 111 1
94 76 1
94 93 1
94 95 1
95 94 1
95 96 1
96 78 1
96 95 1
96 97 1
97 96 1
97 98 1
97 115 1
98 80 1
98 97 1
98 99 1
99 98 1
99 100 1
100 82 1
100 99 1
100 101 1
101 100 1
101 102 1
101 119 1
102 84 1
102 101 1
102 103 1
103 102 1
103 104 1
103 121 1
104 103 1
104 105 1
105 104 1
105 106 1
105 123 1
106 105 1
107 125 1
108 109 1
108 126 1
109 91 1
109 108 1
110 128 1
111 93 1
111 112 1
112 111 1
112 113 1
112 130 1
113 112 1
113 114 1
114 113 1
114 115 1
114 132 1
115 97 1
115 114 1
115 116 1
116 115 1
116 117 1
117 116 1
118 119 1
118 136 1
119 101 1
119 118 1
119 120 1
120 119 1
120 121 1
120 138 1
121 103 1
121 120 1
122 123 1
122 140 1
123 105 1
123 122 1
123 124 1
124 123 1
124 125 1
124 142 1
125 107 1
125 124 1
126 108 1
126 127 1
127 126 1
127 144 1
128 110 1
128 129 1
129 128 1
129 146 1
130 112 1
130 131 1
131 130 1
131 132 1
131 148 1
132 114 1
132 131 1
132 133 1
133 132 1
133 134 1
133 150 1
134 133 1
134 135 1
135 134 1
135 136 1
135 152 1
136 118 1
136 135 1
136 137 1
137 136 1
137 138 1
137 154 1
138 120 1
138 137 1
138 139 1
139 138 1
139 140 1
139 156 1
140 122 1
140 139 1
140 141 1
141 140 1
141 142 1
141 158 1
142 124 1
142 141 1
142 143 1
143 142 1
143 160 1
144 127 1
144 145 1
145 144 1
145 146 1
146 129 1
146 145 1
146 147 1
147 146 1
147 148 1
148 131 1
148 147 1
148 149 1
149 148 1
149 150 1
150 133 1
150 149 1
150 151 1
151 150 1
151 152 1
152 135 1
152 151 1
152 153 1
153 152 1
153 154 1
154 137 1
154 153 1
154 155 1
155 154 1
156 139 1
156 157 1
157 156 1
158 141 1
158 159 1
159 158 1
159 160 1
160 143 1
160 159 1
50
104
