1248 1644 1 1248 35
1 2 10
1 50 4
2 3 12
3 4 15
3 52 17
4 5 8
5 6 17
5 54 6
6 7 7
7 8 1
7 56 12
8 9 14
9 10 1
9 58 1
10 11 2
11 12 6
11 60 11
13 14 17
13 62 3
14 15 12
15 16 1
15 64 7
16 17 17
17 18 14
17 66 8
18 19 1
20 21 7
21 22 17
22 23 6
23 24 11
23 72 19
24 25 4
25 26 11
25 74 7
26 27 13
27 28 8
27 76 12
28 29 7
29 30 6
29 78 5
30 31 6
31 32 2
31 80 1
32 33 15
33 34 16
33 82 15
34 35 17
35 36 1
35 84 19
37 38 11
37 86 6
38 39 2
40 41 16
41 42 16
42 43 11
43 44 4
44 45 16
45 46 12
45 94 17
46 47 5
47 48 17
47 96 8
48 49 4
49 98 19
50 51 1
51 52 7
51 101 17
52 53 6
53 54 4
53 103 12
54 55 6
55 56 10
57 58 6
57 107 15
59 60 10
59 109 6
60 61 10
61 62 8
61 111 6
62 63 8
63 64 6
64 65 11
65 66 18
65 115 7
66 67 15
67 68 10
67 117 8
69 70 4
69 119 15
70 71 13
71 72 12
71 121 10
72 73 11
73 74 1
73 123 7
75 125 13
76 77 13
77 78 17
77 127 5
78 79 4
79 80 9
79 129 19
80 81 12
81 82 7
81 131 10
82 83 11
83 84 7
83 133 14
84 85 12
85 86 1
86 87 10
87 88 13
87 137 16
88 89 3
89 90 5
89 139 9
90 91 13
91 92 11
91 141 9
93 94 14
93 143 7
94 95 19
95 96 4
95 145 16
96 97 13
97 98 13
97 147 16
98 99 8
99 149 14
100 101 13
100 150 17
101 102 9
102 103 19
102 152 14
103 104 18
104 154 9
105 106 6
106 107 12
106 156 16
107 108 9
108 109 6
108 158 6
109 110 5
110 111 10
110 160 8
112 113 5
112 162 19
114 164 15
115 116 10
116 117 3
116 166 18
117 118 15
118 168 1
119 120 9
120 170 7
121 122 8
122 123 7
123 124 5
124 125 15
124 174 9
126 176 2
128 129 1
128 178 2
130 131 11
131 132 6
132 133 17
132 182 18
133 134 19
134 135 1
134 184 19
135 136 13
136 137 12
136 186 4
137 138 15
138 139 2
138 188 5
139 140 15
140 141 8
140 190 4
141 142 1
142 143 8
142 192 16
143 144 2
144 145 4
144 194 1
145 146 7
146 147 1
146 196 3
148 149 2
148 198 8
150 151 18
151 152 11
151 201 19
152 153 6
153 154 12
153 203 5
154 155 8
155 156 4
155 205 1
156 157 10
157 158 5
157 207 9
158 159 1
159 160 10
159 209 15
160 161 10
161 162 18
161 211 13
162 163 3
163 164 16
163 213 14
164 165 13
165 166 11
165 215 19
166 167 17
167 168 8
167 217 17
168 169 8
169 170 7
169 219 18
171 172 9
171 221 18
172 173 7
173 174 11
173 223 11
174 175 13
175 176 14
175 225 6
176 177 12
177 178 6
177 227 19
178 179 2
179 180 17
179 229 9
180 181 12
181 182 7
181 231 6
182 183 11
183 184 3
183 233 14
184 185 16
185 186 16
185 235 15
187 237 12
188 189 14
189 190 14
189 239 5
190 191 11
191 192 18
191 241 11
193 194 8
193 243 11
194 195 19
195 196 1
195 245 13
196 197 12
197 198 5
197 247 11
198 199 3
199 249 16
200 201 2
200 250 8
201 202 2
202 203 6
202 252 19
203 204 3
204 205 5
204 254 13
205 206 14
206 207 2
206 256 18
207 208 4
208 209 16
208 258 9
209 210 15
210 211 17
210 260 14
211 212 11
213 214 16
214 215 2
214 264 6
215 216 15
216 217 19
216 266 2
218 219 7
218 268 3
220 221 19
221 222 13
222 223 12
222 272 5
223 224 15
224 225 1
224 274 4
225 226 4
226 227 2
226 276 19
227 228 14
228 278 11
229 230 4
230 231 14
230 280 3
231 232 7
232 233 6
232 282 11
233 234 18
234 235 2
234 284 17
235 236 17
236 237 15
236 286 7
237 238 6
238 239 19
238 288 9
239 240 7
240 241 3
240 290 18
241 242 19
242 243 1
242 292 11
243 244 6
244 245 16
244 294 1
245 246 11
246 247 5
246 296 13
247 248 4
248 249 9
248 298 13
250 251 16
251 252 5
251 301 5
253 254 2
253 303 18
254 255 3
255 256 2
255 305 3
256 257 6
257 258 8
257 307 8
258 259 6
259 260 6
259 309 10
260 261 15
261 262 17
261 311 14
262 263 17
263 264 18
263 313 17
265 266 6
266 267 11
267 268 2
267 317 19
268 269 10
269 270 1
269 319 9
270 271 1
271 272 17
271 321 18
272 273 3
273 274 19
273 323 16
274 275 12
275 276 3
275 325 6
276 277 17
277 278 12
278 279 15
279 280 5
281 282 8
281 331 3
282 283 7
283 284 9
283 333 19
284 285 14
285 286 7
285 335 1
286 287 9
287 288 15
287 337 13
289 290 12
291 292 10
291 341 12
292 293 2
293 294 12
293 343 14
294 295 10
295 296 4
295 345 9
296 297 1
297 298 17
298 299 11
299 349 9
300 301 8
300 350 11
301 302 9
302 303 2
302 352 1
303 304 17
304 354 19
306 356 9
308 309 14
308 358 19
309 310 1
310 311 19
310 360 13
312 313 7
313 314 16
314 315 10
314 364 9
315 316 7
316 317 10
316 366 18
317 318 2
318 319 9
318 368 17
319 320 13
320 321 6
320 370 2
321 322 17
322 323 1
323 324 9
324 325 4
325 326 17
326 327 6
326 376 10
327 328 5
328 329 13
328 378 3
329 330 16
330 380 5
331 332 10
332 333 8
332 382 4
333 334 11
334 335 13
334 384 18
335 336 3
336 337 3
337 338 10
338 339 14
338 388 3
339 340 3
340 341 17
340 390 5
341 342 19
342 343 7
342 392 12
343 344 7
344 345 16
344 394 3
345 346 17
346 347 2
346 396 10
347 348 13
348 349 9
348 398 6
350 351 3
351 401 2
352 353 17
353 354 15
353 403 19
354 355 3
355 356 10
355 405 6
357 358 8
357 407 12
358 359 10
359 360 14
359 409 4
360 361 9
361 362 5
361 411 15
362 363 10
363 413 14
364 365 2
365 366 15
366 367 13
367 368 6
367 417 10
368 369 14
369 370 4
370 371 3
371 372 6
371 421 10
372 373 1
373 374 19
373 423 1
375 425 3
376 377 9
377 378 14
377 427 12
379 380 11
379 429 19
380 381 16
381 382 18
381 431 9
382 383 18
383 384 6
383 433 13
384 385 7
385 386 9
385 435 1
386 387 12
387 388 14
387 437 7
388 389 19
389 390 10
389 439 11
390 391 1
391 392 2
391 441 6
393 394 9
393 443 2
394 395 13
395 396 16
395 445 6
396 397 17
397 398 15
397 447 7
398 399 5
399 449 18
400 401 4
400 450 3
401 402 7
402 403 14
403 404 14
404 454 18
405 406 12
406 407 12
407 408 2
408 409 16
408 458 13
409 410 4
410 460 11
411 412 13
412 413 7
412 462 8
413 414 16
414 415 12
414 464 19
415 416 10
416 417 13
416 466 16
417 418 15
418 419 13
418 468 10
419 420 3
420 421 3
420 470 17
421 422 16
422 423 2
422 472 17
423 424 12
424 425 4
424 474 9
425 426 9
426 427 16
426 476 2
427 428 6
428 429 11
428 478 19
429 430 18
430 431 19
431 432 8
432 433 16
432 482 13
433 434 12
434 435 8
434 484 6
435 436 6
436 437 17
436 486 6
437 438 12
438 439 16
438 488 14
439 440 1
440 441 13
440 490 15
441 442 9
442 443 1
442 492 16
443 444 3
444 445 9
444 494 17
445 446 4
446 496 15
447 448 1
448 449 17
448 498 15
450 451 2
451 452 9
451 501 14
452 453 17
453 454 7
453 503 5
455 456 8
455 505 10
457 458 8
457 507 18
458 459 16
459 460 17
459 509 8
460 461 18
461 462 8
461 511 2
462 463 16
463 464 19
463 513 3
464 465 4
465 466 18
465 515 10
466 467 10
467 468 3
467 517 8
468 469 6
469 470 4
469 519 7
470 471 2
471 472 18
471 521 12
472 473 5
473 474 4
474 475 5
475 476 9
475 525 9
476 477 3
477 478 4
477 527 15
478 479 14
479 529 16
480 481 14
481 482 3
481 531 6
482 483 6
483 484 2
483 533 12
484 485 14
485 486 1
485 535 14
486 487 10
487 488 2
487 537 11
488 489 19
489 490 17
489 539 7
490 491 3
491 492 4
491 541 14
492 493 9
493 494 4
493 543 1
494 495 5
495 496 5
495 545 19
496 497 7
497 498 4
497 547 15
498 499 8
499 549 18
500 501 1
500 550 6
501 502 5
502 503 1
502 552 4
503 504 12
504 505 15
504 554 19
505 506 11
506 507 15
506 556 13
508 509 1
508 558 16
509 510 18
510 511 15
510 560 4
512 513 17
512 562 8
513 514 17
514 515 15
514 564 16
515 516 16
516 566 7
517 518 8
518 519 1
518 568 11
520 521 3
520 570 4
521 522 16
522 523 12
522 572 7
523 524 7
524 525 12
525 526 1
526 527 6
526 576 14
527 528 3
528 529 4
528 578 2
529 530 14
530 531 15
530 580 4
531 532 15
532 533 9
532 582 18
533 534 16
534 535 15
534 584 17
535 536 9
536 537 2
536 586 16
537 538 13
538 539 14
538 588 1
539 540 5
540 541 18
540 590 14
541 542 11
542 543 14
542 592 19
543 544 2
544 545 2
544 594 15
545 546 8
546 547 9
546 596 1
547 548 14
548 549 7
548 598 11
550 551 15
551 552 7
551 601 6
552 553 19
553 554 1
554 555 5
555 556 5
555 605 11
556 557 10
557 558 7
557 607 14
558 559 12
559 560 18
559 609 4
560 561 16
561 562 12
561 611 13
562 563 13
563 564 13
563 613 10
564 565 18
565 566 16
565 615 4
566 567 8
567 568 9
567 617 4
568 569 11
569 570 10
569 619 17
570 571 16
571 572 18
571 621 15
573 574 1
573 623 5
575 625 11
576 577 13
577 627 4
578 579 8
579 580 2
579 629 10
580 581 6
581 582 16
581 631 5
582 583 8
583 584 2
583 633 18
584 585 3
585 586 8
585 635 6
586 587 18
587 588 9
587 637 16
588 589 5
589 639 6
590 591 7
591 592 16
591 641 1
592 593 2
593 643 19
595 645 5
596 597 3
597 647 15
598 599 18
599 649 12
600 601 10
600 650 6
601 602 6
602 603 18
602 652 15
603 604 11
604 605 1
604 654 2
605 606 13
606 607 5
606 656 4
607 608 10
608 609 7
608 658 6
610 611 6
610 660 15
611 612 19
612 613 3
612 662 13
613 614 11
614 615 10
614 664 10
615 616 13
616 617 5
618 619 18
618 668 6
619 620 12
620 621 16
620 670 4
621 622 11
622 623 13
622 672 12
623 624 18
624 674 5
625 626 15
626 627 13
626 676 8
627 628 17
628 629 1
629 630 6
630 631 8
631 632 13
632 633 11
632 682 13
633 634 7
634 635 1
634 684 2
635 636 2
636 637 16
638 639 19
638 688 1
639 640 15
640 641 15
640 690 15
641 642 6
642 643 13
642 692 3
643 644 1
644 645 18
644 694 7
645 646 17
646 647 2
647 648 11
648 649 14
648 698 17
650 651 12
651 652 6
651 701 8
652 653 10
653 654 9
653 703 15
654 655 3
655 656 19
655 705 8
656 657 15
657 707 15
658 659 2
659 660 1
659 709 17
660 661 10
661 711 17
662 663 9
663 664 18
663 713 3
664 665 13
665 666 16
665 715 11
666 667 7
667 668 5
667 717 1
668 669 13
669 719 2
670 671 1
671 672 4
671 721 12
672 673 10
673 674 4
673 723 13
674 675 13
675 676 13
675 725 9
676 677 5
677 727 15
678 679 3
679 680 4
679 729 9
680 681 17
682 683 9
683 684 4
683 733 12
684 685 2
685 686 1
685 735 14
686 687 10
687 688 8
687 737 7
688 689 13
689 690 12
689 739 1
690 691 2
691 692 1
691 741 19
692 693 10
693 694 7
693 743 16
694 695 9
695 696 16
695 745 4
696 697 8
697 698 5
697 747 13
698 699 1
699 749 3
700 750 6
701 702 5
702 703 4
702 752 3
703 704 18
704 705 14
704 754 18
705 706 9
706 707 16
706 756 7
708 709 18
708 758 9
709 710 11
710 711 2
710 760 1
711 712 5
712 762 3
713 714 11
714 715 16
716 717 1
716 766 14
717 718 1
718 719 13
718 768 9
719 720 15
720 721 17
720 770 19
721 722 7
722 723 13
722 772 5
723 724 2
724 725 1
724 774 12
725 726 17
726 727 10
726 776 1
727 728 1
728 729 4
728 778 16
729 730 13
730 731 3
730 780 5
731 732 11
732 733 16
732 782 17
733 734 10
734 735 9
734 784 7
735 736 16
736 737 17
736 786 12
737 738 7
738 788 18
739 740 1
740 741 15
740 790 15
741 742 2
742 743 2
742 792 13
743 744 7
744 794 7
746 747 12
746 796 11
747 748 2
748 749 13
748 798 2
750 751 1
751 801 16
752 753 2
753 754 1
753 803 13
754 755 3
755 756 16
755 805 4
756 757 18
757 807 7
758 759 18
759 760 8
759 809 11
760 761 4
761 762 3
761 811 3
762 763 6
763 764 16
763 813 16
764 765 6
765 766 16
765 815 8
766 767 18
767 768 13
767 817 6
768 769 15
769 770 11
769 819 9
770 771 6
771 772 17
771 821 6
773 774 4
773 823 1
774 775 18
775 776 18
775 825 14
776 777 10
777 778 12
777 827 3
778 779 16
779 780 11
779 829 1
780 781 2
781 782 18
781 831 4
782 783 5
783 784 14
783 833 4
784 785 10
785 786 15
785 835 19
786 787 13
787 788 18
787 837 11
789 790 12
790 791 9
791 792 1
791 841 6
792 793 16
793 843 1
794 795 15
795 796 17
795 845 16
796 797 6
797 798 15
797 847 13
798 799 13
799 849 19
800 801 11
800 850 15
801 802 4
802 803 8
802 852 7
803 804 8
804 805 16
804 854 18
805 806 10
806 807 1
806 856 4
807 808 18
808 809 14
808 858 5
810 860 12
811 812 4
812 813 18
812 862 10
813 814 17
814 864 10
816 817 11
816 866 4
817 818 8
818 819 10
819 820 18
820 821 4
820 870 2
821 822 3
823 824 9
824 825 3
824 874 1
825 826 15
826 827 16
826 876 16
827 828 19
828 829 11
828 878 19
829 830 13
830 831 15
830 880 17
831 832 16
832 833 8
832 882 11
833 834 11
834 835 10
835 836 4
836 837 11
836 886 18
837 838 14
838 839 2
838 888 4
840 841 1
840 890 1
841 842 15
842 843 4
842 892 12
843 844 10
844 845 8
844 894 18
845 846 6
846 847 1
846 896 3
847 848 9
848 849 11
848 898 14
850 851 16
851 852 17
851 901 5
853 854 12
853 903 17
854 855 9
855 856 7
855 905 3
856 857 10
857 858 3
858 859 8
859 860 18
859 909 19
860 861 3
861 862 15
861 911 2
862 863 1
863 864 19
864 865 10
865 866 6
865 915 11
866 867 9
867 868 7
867 917 15
868 869 17
869 870 2
869 919 1
870 871 6
871 872 2
872 873 16
873 874 3
873 923 17
874 875 3
875 876 17
875 925 15
876 877 5
877 878 15
877 927 8
878 879 16
879 880 3
879 929 2
880 881 7
881 882 1
881 931 14
882 883 1
883 884 4
883 933 8
884 885 15
885 886 16
885 935 17
886 887 13
887 888 19
887 937 5
888 889 14
889 890 13
889 939 11
890 891 1
891 941 7
892 893 13
893 894 16
893 943 8
894 895 6
895 896 15
895 945 8
896 897 10
897 898 4
897 947 7
898 899 2
899 949 9
900 901 6
900 950 6
901 902 4
902 903 3
902 952 18
903 904 2
904 905 17
904 954 1
905 906 13
906 907 9
906 956 15
907 908 13
908 958 9
910 911 13
910 960 17
911 912 18
912 913 4
912 962 7
913 914 15
914 964 1
915 916 18
916 917 14
916 966 14
917 918 6
918 919 12
918 968 8
919 920 12
920 921 12
920 970 3
921 922 6
922 923 16
922 972 16
923 924 10
924 925 10
924 974 14
925 926 18
926 927 5
926 976 7
927 928 13
928 929 8
929 930 4
930 931 3
930 980 3
931 932 10
932 933 11
932 982 15
933 934 15
934 935 11
934 984 19
935 936 1
936 937 18
936 986 17
937 938 3
938 988 17
939 940 2
940 941 14
940 990 3
941 942 7
942 943 11
942 992 10
944 994 6
945 946 5
946 947 16
946 996 10
947 948 14
948 949 1
948 998 1
950 951 1
951 952 5
951 1001 14
952 953 2
953 954 8
953 1003 12
954 955 1
955 956 19
955 1005 14
956 957 11
957 958 11
957 1007 19
958 959 2
959 960 16
959 1009 8
960 961 12
961 962 19
961 1011 2
962 963 11
963 964 14
963 1013 8
964 965 10
965 966 10
965 1015 19
966 967 12
967 968 10
967 1017 4
968 969 15
969 970 3
969 1019 17
970 971 18
971 972 11
971 1021 16
972 973 11
973 974 1
974 975 18
975 976 6
975 1025 16
976 977 6
977 1027 9
978 979 8
979 980 1
979 1029 10
980 981 19
981 982 16
981 1031 11
983 984 2
983 1033 11
985 986 4
985 1035 14
986 987 9
988 989 3
989 1039 16
990 991 19
991 992 17
992 993 8
993 994 3
993 1043 5
994 995 2
995 996 17
995 1045 11
996 997 11
997 998 7
997 1047 1
998 999 8
999 1049 14
1000 1001 1
1000 1050 14
1001 1002 13
1002 1003 3
1003 1004 9
1004 1005 15
1004 1054 10
1005 1006 5
1006 1007 12
1007 1008 13
1008 1009 6
1008 1058 13
1009 1010 9
1010 1011 9
1010 1060 10
1011 1012 8
1012 1013 14
1012 1062 19
1013 1014 10
1014 1015 13
1014 1064 12
1015 1016 8
1016 1017 5
1016 1066 10
1018 1019 7
1019 1020 3
1020 1021 5
1020 1070 1
1021 1022 13
1022 1023 12
1022 1072 2
1023 1024 11
1024 1025 11
1024 1074 7
1025 1026 4
1026 1027 5
1026 1076 13
1027 1028 4
1028 1029 4
1028 1078 1
1029 1030 17
1030 1031 1
1030 1080 18
1031 1032 7
1032 1033 3
1032 1082 18
1033 1034 10
1034 1035 11
1034 1084 7
1035 1036 9
1036 1037 15
1036 1086 10
1037 1038 15
1038 1039 12
1039 1040 14
1040 1041 19
1040 1090 7
1041 1042 19
1042 1043 6
1042 1092 4
1043 1044 3
1044 1045 1
1044 1094 15
1046 1047 6
1046 1096 1
1047 1048 17
1048 1049 2
1048 1098 18
1051 1052 18
1051 1101 4
1052 1053 16
1053 1054 8
1053 1103 8
1054 1055 9
1055 1056 3
1055 1105 19
1057 1058 10
1057 1107 1
1058 1059 5
1059 1109 14
1060 1061 13
1061 1062 16
1061 1111 5
1062 1063 17
1063 1064 17
1063 1113 15
1064 1065 12
1065 1066 2
1065 1115 18
1066 1067 7
1067 1068 14
1067 1117 10
1068 1069 1
1069 1070 17
1069 1119 17
1070 1071 8
1071 1072 1
1073 1074 15
1073 1123 5
1074 1075 5
1075 1076 9
1075 1125 15
1076 1077 2
1077 1078 10
1077 1127 18
1078 1079 7
1079 1080 18
1079 1129 16
1081 1082 7
1081 1131 18
1082 1083 6
1083 1084 10
1083 1133 10
1084 1085 14
1085 1086 16
1085 1135 1
1086 1087 12
1087 1088 7
1087 1137 18
1088 1089 9
1089 1090 6
1089 1139 13
1091 1092 6
1091 1141 5
1092 1093 9
1093 1094 9
1093 1143 7
1094 1095 18
1095 1096 9
1095 1145 1
1096 1097 1
1097 1098 11
1097 1147 15
1098 1099 18
1099 1149 5
1100 1101 16
1100 1150 15
1101 1102 17
1102 1103 12
1102 1152 8
1103 1104 7
1104 1105 5
1104 1154 19
1105 1106 6
1106 1107 4
1106 1156 9
1107 1108 3
1108 1109 12
1108 1158 19
1109 1110 11
1110 1111 8
1111 1112 4
1112 1113 11
1112 1162 3
1113 1114 3
1114 1115 11
1114 1164 19
1115 1116 12
1116 1117 8
1116 1166 1
1117 1118 14
1118 1119 15
1118 1168 13
1119 1120 15
1120 1121 13
1120 1170 7
1121 1122 10
1122 1123 5
1122 1172 5
1123 1124 19
1124 1125 5
1124 1174 8
1125 1126 9
1126 1127 15
1127 1128 5
1128 1129 2
1128 1178 11
1129 1130 13
1130 1131 7
1130 1180 14
1131 1132 13
1132 1133 16
1132 1182 6
1133 1134 9
1134 1135 16
1134 1184 17
1135 1136 18
1136 1137 14
1136 1186 14
1137 1138 11
1138 1139 4
1138 1188 17
1139 1140 17
1140 1141 4
1140 1190 4
1142 1143 6
1143 1144 5
1144 1145 12
1144 1194 11
1145 1146 1
1146 1147 3
1146 1196 14
1147 1148 9
1148 1149 11
1148 1198 7
1150 1151 14
1151 1152 8
1151 1200 11
1152 1153 5
1153 1154 3
1153 1202 17
1154 1155 17
1155 1156 10
1156 1157 2
1157 1158 14
1157 1206 3
1158 1159 18
1159 1160 12
1159 1208 7
1160 1161 2
1161 1162 9
1161 1210 9
1162 1163 2
1163 1164 16
1163 1212 17
1164 1165 1
1165 1166 15
1165 1214 18
1166 1167 19
1167 1168 12
1167 1216 14
1169 1170 13
1169 1218 15
1170 1171 10
1171 1220 13
1172 1173 9
1173 1174 11
1173 1222 5
1174 1175 14
1175 1176 17
1175 1224 12
1176 1177 12
1177 1178 4
1177 1226 4
1178 1179 10
1179 1180 17
1179 1228 8
1180 1181 1
1181 1182 9
1181 1230 3
1182 1183 1
1183 1184 15
1183 1232 18
1184 1185 5
1185 1186 3
1185 1234 15
1186 1187 12
1187 1188 14
1188 1189 19
1189 1190 2
1190 1191 18
1191 1192 10
1191 1240 19
1192 1193 15
1193 1194 13
1193 1242 2
1194 1195 5
1195 1196 6
1195 1244 12
1196 1197 11
1197 1198 11
1197 1246 11
1199 1248 6
1200 1201 8
1201 1202 10
1202 1203 12
1203 1204 9
1204 1205 10
1205 1206 7
1206 1207 12
1207 1208 17
1208 1209 1
1209 1210 7
1210 1211 3
1211 1212 16
1212 1213 8
1213 1214 13
1214 1215 8
1215 1216 3
1216 1217 13
1217 1218 18
1218 1219 8
1219 1220 17
1220 1221 1
1221 1222 7
1222 1223 16
1223 1224 4
1224 1225 18
1225 1226 3
1227 1228 18
1228 1229 17
1229 1230 9
1230 1231 12
1231 1232 13
1232 1233 17
1233 1234 2
1235 1236 12
1236 1237 3
1237 1238 19
1238 1239 17
1239 1240 4
1241 1242 12
1242 1243 19
1243 1244 8
1244 1245 14
1245 1246 2
1246 1247 10
1247 1248 10
1 373
50 578
51 103
52 1146
53 580
104 216
154 685
155 526
156 213
157 891
158 1095
159 1247
160 942
161 686
162 841
163 581
214 993
215 269
266 370
268 528
319 739
320 740
371 1196
372 689
525 1094
527 1248
579 1145
582 634
583 790
584 687
585 890
635 1043
684 941
688 1246
791 840
