1150 1532 1 1150 185
1 48 3
2 3 16
3 4 2
3 50 3
4 5 15
5 6 5
5 52 1
6 7 2
7 8 6
7 54 18
8 9 15
9 10 10
9 56 14
10 11 1
11 12 17
11 58 17
12 13 1
13 14 2
13 60 14
14 15 17
15 16 10
15 62 5
16 17 10
17 64 17
18 19 2
19 20 12
19 66 7
20 21 3
21 22 5
21 68 8
22 23 1
23 24 11
23 70 14
24 25 6
25 26 1
25 72 1
26 27 5
27 28 1
27 74 11
28 29 15
29 30 14
30 31 16
31 32 14
31 78 12
32 33 17
33 34 16
34 35 13
35 36 12
35 82 4
36 37 16
37 38 17
37 84 7
38 39 13
39 40 2
39 86 18
40 41 13
41 88 8
42 43 11
43 44 10
43 90 12
44 45 10
45 46 15
45 92 15
46 47 1
47 94 3
48 49 2
49 50 8
49 97 18
50 51 16
51 52 3
51 99 2
52 53 13
53 54 15
53 101 8
55 56 15
55 103 17
57 58 11
57 105 1
58 59 9
59 60 2
59 107 11
60 61 2
61 62 12
61 109 10
62 63 9
63 64 11
63 111 2
64 65 4
65 66 11
65 113 17
66 67 18
67 68 8
67 115 18
68 69 12
69 70 16
69 117 14
70 71 13
71 72 11
71 119 17
73 74 10
73 121 2
74 75 6
75 123 8
76 77 9
77 78 18
78 79 17
79 80 2
79 127 18
80 81 11
81 82 16
81 129 19
82 83 17
83 84 11
83 131 5
84 85 4
85 86 4
86 87 11
87 88 1
89 137 9
90 91 5
91 92 12
91 139 17
92 93 14
93 94 1
93 141 8
94 95 5
95 143 14
96 97 5
96 144 13
97 98 1
98 99 16
98 146 10
99 100 11
100 101 3
100 148 11
101 102 6
102 103 15
103 104 9
104 105 7
104 152 15
106 107 9
106 154 2
107 108 11
108 109 1
108 156 7
109 110 14
110 111 11
110 158 19
111 112 4
112 113 9
112 160 4
113 114 3
114 115 12
114 162 17
115 116 1
116 117 19
116 164 5
117 118 5
118 119 9
118 166 6
119 120 8
120 121 3
120 168 17
121 122 5
122 123 1
122 170 7
124 125 2
124 172 12
126 127 14
126 174 7
127 128 8
128 129 1
128 176 15
129 130 8
130 131 1
131 132 8
132 133 7
132 180 2
133 134 18
134 135 16
134 182 19
135 136 18
136 184 6
137 138 19
138 139 8
138 186 16
139 140 6
140 141 14
140 188 14
141 142 15
142 143 7
142 190 9
144 145 1
145 146 8
145 193 15
146 147 12
147 148 13
147 195 15
148 149 1
149 150 15
149 197 11
150 151 15
151 152 14
151 199 1
152 153 16
153 154 9
155 156 8
155 203 3
156 157 1
157 158 9
157 205 2
159 160 1
160 161 18
161 162 16
161 209 18
162 163 13
163 164 18
164 165 2
165 166 9
165 213 10
166 167 18
167 168 17
167 215 14
168 169 7
169 170 5
169 217 10
170 171 16
171 172 16
171 219 12
172 173 7
173 221 4
174 175 7
175 223 11
176 177 9
177 178 19
177 225 4
178 179 4
179 180 1
179 227 2
180 181 13
181 182 8
181 229 1
182 183 4
183 184 6
183 231 3
184 185 3
185 233 17
186 187 7
187 188 13
188 189 14
189 237 8
190 191 17
191 239 1
192 193 18
192 240 11
194 195 12
194 242 4
195 196 5
196 197 3
196 244 3
197 198 8
198 199 15
198 246 11
199 200 1
200 201 14
200 248 14
201 202 1
202 250 5
203 204 17
204 205 3
204 252 6
205 206 15
206 207 1
206 254 2
207 208 2
208 209 8
208 256 7
209 210 10
210 258 17
211 212 12
212 213 5
212 260 10
214 215 10
214 262 13
215 216 8
216 217 2
216 264 19
217 218 10
218 219 3
218 266 4
219 220 7
220 221 1
220 268 2
221 222 10
222 223 17
222 270 8
224 225 1
224 272 15
226 227 18
226 274 11
227 228 17
228 229 11
228 276 19
229 230 17
230 231 11
230 278 13
231 232 3
232 233 11
232 280 3
233 234 6
234 235 5
234 282 3
235 236 19
236 237 6
236 284 16
237 238 8
238 239 18
238 286 7
240 241 3
241 242 14
241 289 18
242 243 1
243 244 15
243 291 8
244 245 9
245 246 18
245 293 11
246 247 5
247 248 11
247 295 19
248 249 1
249 250 5
249 297 18
250 251 17
251 252 15
251 299 15
252 253 15
253 254 19
253 301 18
254 255 4
255 256 6
255 303 2
256 257 18
257 258 17
257 305 2
258 259 17
259 260 5
259 307 10
261 262 5
261 309 19
262 263 18
263 311 14
264 265 3
265 266 16
265 313 3
267 268 15
267 315 2
268 269 3
269 270 12
269 317 11
270 271 8
271 272 10
271 319 19
272 273 5
273 274 12
273 321 18
274 275 8
275 276 1
275 323 5
276 277 9
277 278 3
277 325 18
278 279 5
279 327 5
280 281 7
281 282 10
282 283 8
283 284 17
283 331 7
284 285 13
285 286 16
285 333 2
286 287 1
287 335 10
288 289 11
288 336 16
289 290 4
290 291 9
290 338 2
291 292 3
292 293 3
292 340 11
293 294 9
294 295 11
294 342 7
295 296 14
296 297 11
296 344 4
297 298 3
298 299 2
298 346 10
299 300 17
300 301 18
300 348 19
301 302 15
302 303 17
302 350 16
303 304 8
304 305 5
304 352 16
305 306 16
306 307 16
306 354 11
307 308 1
308 309 4
308 356 11
309 310 15
310 311 18
310 358 10
311 312 3
312 313 8
312 360 3
313 314 18
314 315 7
314 362 15
315 316 5
316 317 3
316 364 7
317 318 18
318 366 17
319 320 2
320 321 10
320 368 18
321 322 16
322 323 1
322 370 12
323 324 16
324 325 5
324 372 11
326 327 12
326 374 14
327 328 3
328 329 10
328 376 2
329 330 19
330 331 10
330 378 1
331 332 11
332 333 6
332 380 15
333 334 1
334 382 8
336 337 11
337 338 15
337 385 19
339 340 1
339 387 10
340 341 17
341 342 17
341 389 5
342 343 13
343 344 14
343 391 6
345 346 2
345 393 12
346 347 6
347 348 4
347 395 5
348 349 17
349 350 11
349 397 4
350 351 8
351 352 4
351 399 19
352 353 19
353 354 3
353 401 8
354 355 4
355 356 2
355 403 3
356 357 18
357 358 16
357 405 18
358 359 10
360 361 1
361 409 2
362 363 1
363 364 10
363 411 16
364 365 4
365 366 1
365 413 10
366 367 3
367 368 10
367 415 16
368 369 10
369 370 15
369 417 19
370 371 3
371 372 8
371 419 4
372 373 1
373 421 14
374 375 12
375 376 17
375 423 9
376 377 9
377 378 12
377 425 7
378 379 11
379 380 16
379 427 16
380 381 1
381 382 9
381 429 2
382 383 9
383 431 13
384 432 12
385 386 4
386 387 9
386 434 3
387 388 10
388 389 11
388 436 10
389 390 2
390 438 7
391 392 15
392 393 17
392 440 15
393 394 18
394 395 15
394 442 18
395 396 10
396 397 12
396 444 17
397 398 8
398 399 9
398 446 16
400 401 19
400 448 10
401 402 9
402 403 8
403 404 5
404 405 15
404 452 3
405 406 13
406 407 4
406 454 1
407 408 10
408 409 13
408 456 4
409 410 5
410 458 5
412 413 7
412 460 2
413 414 18
414 462 16
415 416 12
416 417 18
416 464 15
417 418 17
418 419 1
418 466 7
419 420 3
420 468 13
421 422 3
422 423 5
424 425 15
424 472 18
425 426 2
426 427 11
426 474 1
427 428 6
428 429 11
428 476 8
430 431 10
430 478 5
432 433 6
433 434 5
433 481 10
434 435 6
435 436 1
435 483 5
436 437 13
437 485 14
438 439 5
439 440 2
439 487 13
440 441 13
441 489 19
442 443 13
443 444 18
443 491 17
444 445 17
445 446 1
445 493 19
446 447 6
447 448 18
448 449 9
449 497 10
450 451 14
451 452 11
451 499 17
452 453 11
453 454 15
453 501 6
454 455 12
455 456 3
455 503 8
456 457 3
457 458 1
457 505 5
458 459 2
459 460 18
459 507 2
460 461 8
461 462 8
461 509 11
462 463 3
463 464 10
464 465 4
465 466 5
465 513 4
467 468 2
467 515 16
468 469 15
469 470 11
470 471 8
471 472 18
471 519 5
472 473 11
473 474 14
473 521 15
474 475 14
475 476 1
475 523 5
476 477 6
477 478 2
477 525 5
478 479 9
479 527 1
480 481 15
480 528 9
481 482 16
482 530 10
483 484 12
484 485 11
484 532 10
485 486 14
486 487 15
486 534 8
487 488 7
488 489 9
488 536 7
489 490 8
490 491 2
490 538 19
491 492 8
492 540 3
493 494 8
494 495 3
494 542 15
495 496 1
496 497 6
496 544 14
497 498 1
498 499 8
498 546 18
500 501 12
500 548 5
501 502 17
502 503 2
502 550 17
503 504 14
504 505 17
504 552 14
505 506 16
506 507 13
506 554 12
507 508 1
508 509 8
508 556 17
509 510 14
510 511 7
510 558 8
512 513 5
512 560 3
513 514 10
514 515 10
514 562 6
515 516 12
516 517 11
516 564 16
517 518 14
518 519 17
518 566 6
519 520 5
520 521 4
520 568 13
521 522 6
522 523 3
522 570 4
523 524 16
524 525 6
524 572 15
525 526 11
526 527 15
526 574 13
528 529 6
529 530 9
529 577 10
530 531 10
531 532 7
531 579 18
533 534 13
533 581 19
534 535 18
535 536 1
535 583 18
537 538 16
537 585 12
538 539 3
539 540 18
539 587 17
540 541 1
541 542 10
541 589 9
542 543 12
543 544 2
545 546 3
545 593 3
546 547 17
547 548 1
547 595 18
548 549 3
549 550 10
549 597 8
550 551 7
551 552 4
551 599 12
552 553 5
553 554 2
553 601 18
554 555 8
555 556 10
555 603 18
557 558 10
557 605 8
558 559 1
559 560 16
559 607 5
560 561 3
561 562 5
561 609 6
562 563 2
563 564 9
563 611 3
564 565 10
565 566 3
566 567 15
567 568 17
567 615 8
568 569 2
569 570 15
570 571 2
571 572 13
571 619 4
572 573 16
573 574 15
573 621 12
574 575 10
575 623 10
576 577 1
576 624 8
578 579 5
578 626 9
579 580 13
580 581 8
580 628 14
581 582 9
582 583 10
582 630 15
583 584 5
584 585 14
584 632 10
585 586 12
586 587 12
586 634 13
587 588 19
588 589 6
588 636 9
589 590 14
590 591 2
590 638 2
591 592 19
592 593 3
592 640 18
593 594 1
594 595 9
594 642 12
595 596 7
596 597 14
596 644 10
597 598 17
598 599 17
598 646 18
600 601 12
600 648 12
601 602 5
602 603 14
602 650 1
603 604 14
604 652 18
605 606 1
606 607 9
607 608 4
608 609 14
608 656 19
609 610 1
610 611 5
610 658 12
611 612 9
612 613 2
612 660 8
613 614 15
614 615 4
614 662 16
615 616 2
616 617 16
616 664 11
617 618 12
618 619 17
618 666 5
620 621 8
620 668 5
621 622 2
622 623 3
622 670 11
624 625 1
625 626 4
625 673 7
626 627 14
627 628 12
628 629 17
629 630 3
629 677 12
630 631 17
631 632 18
631 679 18
632 633 12
633 634 16
633 681 2
634 635 16
635 636 17
635 683 6
636 637 3
637 638 4
637 685 10
638 639 3
639 640 5
639 687 7
640 641 3
641 642 2
641 689 14
642 643 15
643 644 16
643 691 3
644 645 3
645 646 11
645 693 3
646 647 6
647 648 17
647 695 16
648 649 1
649 650 7
649 697 3
650 651 15
651 652 19
651 699 11
652 653 1
653 654 17
654 655 10
655 656 10
656 657 7
657 705 1
658 659 14
659 660 18
659 707 17
660 661 6
661 662 4
661 709 13
662 663 5
663 664 1
663 711 9
664 665 2
665 666 17
666 667 16
667 668 17
667 715 6
668 669 18
669 670 4
669 717 17
671 719 8
672 673 17
672 720 18
673 674 11
674 675 14
674 722 5
675 676 5
676 677 15
676 724 1
677 678 4
678 679 16
678 726 13
679 680 14
680 681 3
680 728 14
681 682 3
682 683 10
682 730 10
683 684 17
684 685 15
684 732 13
685 686 13
686 687 8
686 734 3
687 688 10
688 689 15
688 736 17
689 690 4
690 691 5
690 738 15
691 692 5
692 740 6
693 694 8
694 695 6
694 742 9
696 697 1
696 744 9
697 698 1
698 699 17
698 746 19
699 700 6
700 701 15
700 748 11
701 702 17
702 703 10
702 750 19
704 705 1
704 752 1
705 706 17
706 707 18
706 754 2
707 708 7
708 709 13
708 756 15
709 710 7
710 711 18
710 758 2
711 712 9
712 713 18
712 760 9
713 714 11
714 715 11
714 762 1
715 716 16
716 717 5
716 764 11
717 718 13
718 719 8
718 766 15
720 721 7
721 722 12
721 769 2
722 723 5
723 724 14
723 771 19
724 725 14
725 726 15
725 773 17
727 728 14
727 775 6
728 729 1
729 730 17
729 777 9
730 731 18
731 732 1
732 733 1
733 734 11
733 781 12
734 735 3
735 736 19
735 783 6
737 738 11
737 785 12
738 739 3
739 740 1
739 787 3
740 741 5
741 742 14
741 789 17
742 743 14
743 791 6
744 745 3
745 746 3
745 793 10
746 747 2
747 748 8
747 795 2
748 749 13
749 750 16
749 797 19
750 751 4
751 752 11
752 753 4
753 754 14
753 801 13
754 755 7
755 756 1
755 803 5
756 757 17
757 758 3
757 805 14
758 759 5
759 760 6
759 807 1
760 761 2
761 762 17
761 809 12
762 763 7
763 764 5
763 811 12
765 766 9
765 813 11
766 767 10
767 815 6
768 816 14
769 770 4
771 772 6
772 773 16
772 820 4
773 774 18
774 775 14
774 822 1
775 776 14
776 777 6
776 824 14
777 778 2
778 779 17
778 826 19
779 780 12
780 781 8
780 828 17
781 782 10
782 783 14
783 784 3
784 785 4
784 832 8
785 786 3
786 787 8
786 834 13
787 788 8
788 836 4
789 790 8
790 791 5
790 838 14
791 792 8
792 793 5
792 840 17
794 795 14
794 842 9
795 796 18
796 797 11
796 844 8
797 798 1
798 799 12
798 846 19
799 800 8
800 801 6
800 848 6
801 802 19
802 803 13
802 850 10
803 804 10
804 805 8
804 852 14
805 806 5
806 807 15
806 854 9
807 808 3
808 809 11
808 856 5
809 810 10
810 858 2
811 812 4
812 813 4
812 860 6
813 814 8
814 815 2
814 862 6
816 817 7
817 818 8
817 865 12
818 819 18
819 820 11
819 867 7
820 821 13
821 822 3
821 869 18
823 824 5
824 825 4
825 826 7
825 873 3
826 827 9
827 828 18
827 875 14
829 830 3
829 877 10
830 831 6
831 832 8
831 879 17
832 833 12
833 834 1
833 881 7
834 835 6
835 836 1
835 883 18
836 837 15
837 838 4
837 885 3
839 840 3
839 887 13
840 841 1
841 842 3
841 889 1
842 843 10
843 844 18
843 891 11
844 845 14
845 846 16
845 893 2
846 847 13
847 848 14
847 895 15
848 849 14
849 850 1
849 897 9
850 851 4
851 852 10
851 899 16
852 853 1
853 854 14
853 901 12
854 855 10
855 856 6
855 903 1
856 857 17
857 858 7
858 859 2
859 860 11
859 907 2
860 861 12
861 862 1
861 909 5
862 863 4
863 911 2
864 865 6
864 912 19
865 866 3
866 867 15
866 914 11
867 868 13
868 869 14
868 916 3
869 870 4
870 871 5
870 918 18
871 872 13
872 873 1
872 920 18
874 875 10
875 876 17
876 877 4
876 924 5
877 878 17
878 879 10
878 926 2
879 880 8
880 881 2
880 928 14
881 882 2
882 883 17
882 930 13
883 884 15
884 885 12
884 932 7
885 886 15
886 887 15
886 934 17
887 888 12
888 889 3
889 890 5
890 891 6
890 938 9
892 940 1
893 894 7
894 895 13
894 942 19
895 896 12
896 897 1
896 944 19
897 898 12
898 899 1
898 946 18
899 900 4
900 901 4
900 948 6
901 902 11
902 903 3
902 950 6
903 904 6
904 952 2
905 906 14
906 907 3
906 954 1
907 908 10
908 909 10
909 910 12
910 911 18
910 958 17
912 913 5
913 914 13
913 961 14
915 916 2
915 963 1
916 917 15
917 918 2
918 919 5
919 920 12
919 967 15
920 921 1
921 922 5
922 923 11
923 924 2
923 971 17
924 925 1
925 926 7
926 927 2
927 928 13
927 975 11
928 929 3
929 930 4
929 977 4
930 931 15
931 932 5
931 979 7
932 933 19
933 934 12
933 981 16
934 935 12
935 983 19
936 937 3
937 938 5
937 985 18
938 939 5
939 940 6
939 987 2
940 941 10
941 942 9
941 989 2
942 943 4
943 944 18
943 991 18
944 945 3
945 946 5
945 993 4
946 947 1
947 948 8
947 995 13
948 949 16
949 997 1
950 951 11
951 952 11
951 999 1
952 953 15
953 954 18
953 1001 13
954 955 9
955 956 16
955 1003 11
956 957 11
957 958 9
957 1005 3
958 959 1
959 1007 4
960 961 14
960 1008 3
961 962 9
962 963 13
962 1010 10
963 964 18
964 965 13
965 966 13
966 967 17
966 1014 13
967 968 6
968 969 9
968 1016 10
969 970 6
970 971 13
970 1018 6
971 972 8
972 973 7
972 1020 17
973 974 6
974 975 5
974 1022 8
975 976 7
976 977 13
976 1024 8
977 978 14
978 979 12
979 980 17
980 981 10
980 1028 10
981 982 14
982 983 11
982 1030 5
983 984 17
984 985 10
984 1032 7
985 986 7
986 987 2
986 1034 4
987 988 14
988 989 4
988 1036 17
989 990 7
990 991 7
990 1038 9
991 992 17
992 993 10
992 1040 10
993 994 6
994 995 9
994 1042 4
995 996 18
996 997 1
996 1044 19
997 998 11
998 999 9
998 1046 10
999 1000 14
1000 1001 2
1000 1048 3
1002 1003 1
1002 1050 15
1003 1004 2
1004 1005 3
1005 1006 16
1006 1007 2
1006 1054 11
1008 1009 8
1009 1010 4
1009 1057 1
1010 1011 3
1011 1012 7
1011 1059 7
1012 1013 11
1013 1014 1
1014 1015 16
1015 1016 17
1015 1063 17
1016 1017 18
1017 1018 12
1017 1065 13
1019 1020 3
1019 1067 19
1020 1021 4
1021 1022 15
1021 1069 9
1022 1023 3
1023 1024 3
1023 1071 10
1024 1025 4
1025 1026 15
1025 1073 2
1026 1027 15
1027 1028 2
1027 1075 15
1028 1029 2
1029 1030 12
1029 1077 10
1030 1031 18
1031 1032 7
1031 1079 19
1032 1033 1
1033 1034 16
1033 1081 8
1034 1035 10
1035 1036 9
1035 1083 11
1036 1037 1
1037 1085 17
1038 1039 11
1039 1040 12
1039 1087 19
1041 1042 3
1041 1089 7
1042 1043 1
1043 1044 6
1043 1091 18
1045 1046 4
1045 1093 16
1046 1047 2
1047 1048 1
1048 1049 10
1049 1050 11
1049 1097 1
1050 1051 17
1051 1052 13
1052 1053 17
1053 1054 8
1053 1101 3
1054 1055 12
1055 1103 13
1056 1057 1
1057 1058 9
1058 1059 13
1058 1106 3
1059 1060 7
1060 1061 9
1060 1108 7
1061 1062 14
1062 1063 17
1062 1110 3
1063 1064 17
1064 1065 12
1064 1112 9
1065 1066 13
1066 1067 5
1066 1114 1
1067 1068 1
1068 1069 14
1068 1116 2
1069 1070 14
1070 1071 12
1070 1118 14
1071 1072 6
1072 1073 13
1072 1120 16
1073 1074 3
1074 1075 1
1074 1122 19
1075 1076 8
1076 1077 14
1076 1124 1
1078 1079 4
1078 1126 13
1079 1080 9
1080 1128 11
1081 1082 13
1082 1083 7
1082 1130 9
1083 1084 10
1084 1085 17
1085 1086 2
1086 1087 9
1086 1134 19
1087 1088 18
1088 1089 8
1088 1136 10
1089 1090 13
1090 1091 1
1090 1138 19
1091 1092 18
1092 1093 3
1092 1140 13
1093 1094 7
1094 1095 15
1094 1142 12
1095 1096 15
1096 1097 10
1096 1144 15
1097 1098 19
1098 1099 7
1098 1146 1
1099 1100 13
1100 1101 2
1101 1102 15
1102 1103 7
1102 1150 9
1104 1105 10
1105 1106 16
1106 1107 5
1107 1108 2
1108 1109 8
1109 1110 17
1110 1111 9
1112 1113 11
1113 1114 5
1114 1115 9
1116 1117 16
1117 1118 11
1119 1120 18
1120 1121 12
1121 1122 16
1123 1124 11
1124 1125 14
1125 1126 13
1126 1127 10
1127 1128 5
1128 1129 18
1129 1130 5
1130 1131 7
1131 1132 19
1132 1133 1
1133 1134 17
1135 1136 8
1136 1137 9
1137 1138 18
1138 1139 12
1139 1140 18
1140 1141 5
1141 1142 14
1142 1143 12
1143 1144 3
1144 1145 3
1145 1146 10
1146 1147 16
1147 1148 8
1149 1150 18
11
24
33
42
44
47
49
51
65
68
72
76
82
101
105
108
111
127
129
132
153
158
185
188
194
207
217
220
223
231
239
241
242
246
248
255
267
274
280
307
309
319
326
331
334
350
354
362
369
378
399
406
410
411
414
427
430
431
437
438
439
443
444
446
454
455
457
480
486
497
506
508
513
518
520
527
529
560
563
569
570
572
573
577
578
580
588
599
602
606
612
614
615
622
642
643
644
652
664
666
673
680
689
697
721
731
732
736
747
753
759
760
762
768
770
773
777
782
790
792
794
798
799
810
813
814
818
823
824
829
845
852
854
856
859
864
882
883
889
909
912
918
924
931
933
940
942
948
953
956
963
968
974
975
977
978
987
991
992
994
996
1001
1004
1008
1009
1019
1023
1026
1041
1045
1050
1060
1073
1079
1083
1099
1105
1111
1112
1118
1126
1128
1129
1138
1146
