1798 2361 1 1798 369
1 2 11
1 60 13
2 3 17
3 4 2
3 62 10
4 5 11
5 6 14
5 64 11
7 8 17
7 66 15
8 9 11
9 10 8
9 68 6
11 12 7
11 70 3
12 13 7
13 14 4
13 72 18
14 15 7
15 16 2
16 17 13
17 18 5
17 76 7
18 19 15
19 20 15
19 78 18
20 21 18
21 80 4
22 23 6
23 24 8
23 82 10
24 25 9
25 26 15
25 84 4
26 27 9
27 28 8
27 86 2
28 29 15
29 30 6
30 31 9
31 32 17
31 90 12
32 33 6
33 34 1
33 92 7
34 35 11
35 36 6
35 94 3
37 38 3
38 39 14
39 40 1
39 98 12
40 41 11
41 42 17
41 100 15
42 43 12
43 44 10
43 102 1
44 45 6
45 46 18
45 104 5
46 47 15
47 48 5
47 106 8
48 49 1
49 50 11
49 108 6
50 51 19
51 52 16
51 110 8
52 53 13
53 54 16
53 112 15
54 55 10
55 56 1
55 114 8
56 57 13
57 58 1
57 116 15
58 59 16
59 118 1
60 61 17
61 62 8
61 121 17
62 63 3
63 64 1
63 123 8
64 65 10
65 66 9
65 125 17
66 67 17
67 127 13
68 69 3
69 70 18
69 129 10
70 71 4
71 72 10
71 131 1
72 73 4
73 74 2
73 133 17
74 75 17
75 76 13
75 135 1
76 77 16
77 137 2
78 79 3
79 80 18
79 139 11
80 81 13
81 82 15
81 141 12
82 83 12
83 84 3
83 143 2
84 85 3
85 86 13
85 145 18
87 88 10
87 147 11
88 89 4
89 149 16
90 91 14
91 92 17
93 94 15
93 153 16
94 95 7
95 96 7
95 155 6
96 97 5
97 98 2
97 157 11
98 99 5
99 159 18
100 101 6
101 102 3
101 161 13
102 103 1
103 104 9
103 163 11
104 105 19
105 106 17
105 165 8
106 107 12
107 108 19
107 167 19
108 109 13
109 110 16
111 112 16
111 171 10
112 113 9
113 114 9
113 173 16
114 115 15
115 116 10
115 175 1
116 117 15
117 118 15
117 177 7
118 119 12
119 179 10
120 121 4
120 180 16
121 122 11
122 123 8
122 182 11
124 125 7
124 184 12
125 126 8
126 127 12
126 186 3
127 128 17
128 129 15
128 188 8
129 130 11
130 131 16
130 190 6
131 132 3
132 133 17
132 192 11
133 134 2
134 135 17
134 194 19
135 136 5
136 137 18
136 196 5
137 138 1
138 139 3
138 198 4
139 140 17
140 141 7
140 200 9
141 142 5
142 143 6
142 202 2
143 144 9
144 145 9
144 204 2
145 146 14
146 147 9
146 206 8
147 148 3
148 149 11
149 150 8
150 151 1
150 210 12
151 152 13
152 153 7
152 212 16
153 154 14
154 155 16
154 214 15
155 156 3
156 157 3
157 158 16
158 159 11
158 218 15
159 160 16
160 161 1
160 220 9
161 162 3
162 163 4
162 222 18
163 164 6
164 224 17
166 167 15
166 226 2
167 168 15
168 169 10
168 228 9
169 170 16
170 171 11
170 230 11
171 172 11
172 173 9
172 232 8
173 174 6
174 175 6
174 234 6
175 176 12
176 177 2
176 236 13
177 178 18
178 179 11
178 238 16
181 182 8
182 183 3
183 184 14
183 243 16
184 185 10
185 186 13
185 245 8
187 188 9
187 247 6
188 189 13
189 190 1
189 249 8
190 191 7
191 192 11
191 251 13
192 193 3
193 194 16
193 253 11
194 195 8
195 196 1
195 255 11
196 197 13
197 198 12
197 257 17
198 199 9
199 200 1
199 259 8
200 201 19
201 202 5
202 203 14
203 204 18
204 205 9
205 206 6
205 265 19
206 207 1
207 208 11
207 267 12
209 210 17
209 269 12
210 211 16
211 212 17
211 271 1
212 213 10
213 214 12
213 273 1
214 215 17
215 216 17
215 275 8
216 217 15
217 218 6
218 219 18
219 220 3
219 279 4
220 221 6
221 222 11
221 281 9
222 223 7
223 224 18
223 283 13
224 225 12
225 226 10
225 285 18
227 228 17
227 287 15
228 229 14
229 230 11
229 289 6
230 231 7
231 232 10
231 291 3
232 233 16
233 234 12
233 293 11
234 235 17
235 236 19
236 237 16
237 238 19
237 297 10
239 299 4
240 241 1
240 300 14
241 242 2
242 243 17
242 302 11
244 245 1
244 304 3
246 247 8
246 306 5
247 248 4
248 308 11
249 250 12
250 251 19
250 310 6
251 252 14
252 253 4
252 312 1
253 254 9
255 256 15
256 257 13
256 316 12
257 258 7
258 259 15
258 318 7
259 260 16
260 261 13
260 320 14
261 262 7
262 263 3
262 322 18
264 265 9
264 324 1
266 267 14
266 326 18
267 268 10
268 269 11
268 328 14
269 270 12
270 271 10
270 330 5
271 272 7
272 273 3
272 332 7
273 274 7
274 334 5
275 276 18
276 277 4
276 336 9
277 278 10
278 279 2
279 280 5
280 340 18
281 282 3
282 283 6
282 342 14
283 284 9
284 285 13
284 344 18
285 286 1
286 287 10
286 346 11
287 288 8
288 289 8
290 291 8
291 292 8
292 293 4
292 352 1
293 294 8
294 354 17
295 296 1
296 297 1
296 356 5
297 298 12
298 299 17
298 358 11
301 302 17
301 361 1
302 303 4
303 304 18
303 363 3
304 305 4
305 306 15
305 365 19
306 307 10
307 308 7
307 367 9
308 309 12
309 310 14
309 369 16
310 311 17
311 312 2
311 371 9
312 313 1
313 314 14
313 373 10
314 315 4
315 316 6
315 375 17
316 317 3
317 318 12
318 319 19
319 320 13
319 379 19
320 321 16
321 322 16
321 381 9
322 323 17
323 324 7
323 383 2
324 325 8
325 326 4
325 385 6
326 327 8
327 328 12
327 387 13
328 329 3
329 330 18
329 389 3
331 332 11
331 391 5
332 333 15
333 334 1
333 393 6
334 335 10
335 336 16
335 395 5
336 337 11
337 338 7
337 397 4
338 339 5
339 340 18
339 399 8
340 341 9
341 342 8
341 401 15
342 343 5
343 344 5
343 403 8
344 345 8
345 346 2
346 347 10
347 348 4
347 407 14
348 349 11
349 350 1
349 409 8
350 351 17
351 352 13
351 411 19
352 353 2
353 354 4
353 413 15
354 355 17
355 356 13
355 415 9
356 357 9
357 358 8
357 417 4
358 359 15
359 419 9
360 361 5
361 362 12
362 363 17
362 422 1
363 364 17
364 365 14
364 424 17
365 366 17
366 426 15
367 368 16
368 369 12
368 428 15
369 370 6
370 371 9
370 430 16
371 372 12
372 373 13
372 432 8
373 374 14
374 375 16
374 434 15
375 376 13
376 377 14
378 379 1
378 438 14
379 380 13
380 381 5
380 440 12
381 382 15
382 383 11
382 442 8
384 385 8
384 444 14
385 386 14
386 446 6
387 388 8
388 389 11
388 448 13
389 390 14
390 450 13
391 392 11
392 393 1
392 452 15
394 395 3
394 454 12
395 396 6
396 397 17
396 456 10
397 398 3
398 399 12
398 458 15
399 400 1
400 460 2
401 402 9
402 403 12
402 462 16
403 404 10
404 405 1
404 464 19
405 406 9
406 407 10
406 466 3
407 408 12
408 409 5
408 468 7
409 410 12
410 411 7
410 470 5
411 412 17
412 413 2
412 472 1
413 414 16
414 415 12
414 474 17
415 416 9
416 476 4
417 418 7
418 478 9
420 421 2
421 481 15
422 423 9
423 424 14
424 425 16
425 426 19
425 485 19
426 427 12
427 428 13
427 487 1
428 429 16
429 430 8
429 489 14
430 431 3
431 491 4
433 434 1
433 493 3
434 435 18
435 436 7
435 495 19
436 437 12
437 497 4
438 439 17
439 440 10
439 499 7
441 442 8
441 501 6
442 443 12
443 444 2
443 503 14
444 445 3
445 446 6
445 505 12
446 447 2
447 448 3
447 507 19
448 449 11
449 450 6
449 509 4
450 451 5
451 452 14
451 511 3
452 453 10
453 454 19
453 513 14
455 456 7
456 457 14
457 458 19
457 517 19
458 459 13
459 460 13
459 519 13
460 461 5
461 462 5
461 521 2
462 463 8
463 523 4
464 465 12
465 466 13
466 467 17
467 468 1
467 527 4
468 469 16
469 529 9
470 471 13
471 472 2
471 531 6
472 473 5
473 474 9
473 533 19
474 475 12
475 476 14
475 535 4
476 477 15
477 478 15
477 537 16
478 479 12
479 539 3
480 481 17
480 540 9
481 482 6
482 483 8
482 542 9
483 484 1
484 485 13
484 544 13
485 486 6
486 487 15
487 488 6
488 548 14
489 490 12
490 491 6
490 550 3
491 492 4
492 493 10
492 552 1
493 494 4
494 495 3
494 554 2
495 496 13
496 497 2
496 556 6
497 498 7
498 499 3
498 558 16
499 500 13
500 501 12
500 560 9
501 502 1
502 503 5
502 562 4
503 504 6
504 505 4
504 564 1
505 506 13
506 566 3
507 508 10
508 509 14
508 568 3
509 510 8
510 511 11
510 570 17
511 512 3
512 513 13
512 572 17
513 514 1
514 515 6
514 574 17
515 516 2
516 517 17
516 576 1
518 519 19
518 578 1
520 521 1
520 580 13
521 522 18
522 523 13
522 582 7
523 524 18
524 525 11
524 584 3
525 526 10
526 527 4
526 586 1
527 528 16
528 588 4
529 530 14
530 531 12
531 532 11
532 533 7
532 592 17
534 535 4
534 594 5
535 536 7
536 596 10
537 538 1
538 539 18
538 598 17
541 601 13
542 543 3
543 603 11
544 545 15
545 546 8
546 547 8
547 548 12
547 607 16
548 549 12
549 550 15
549 609 1
550 551 14
551 552 2
551 611 15
552 553 3
553 554 11
553 613 5
554 555 18
555 556 1
555 615 7
556 557 18
557 558 2
557 617 8
558 559 2
559 560 6
559 619 2
560 561 18
561 562 15
561 621 13
562 563 10
563 564 15
563 623 19
564 565 15
565 566 15
565 625 19
567 568 9
567 627 6
568 569 5
569 570 15
569 629 3
570 571 16
571 572 8
571 631 1
572 573 10
573 574 10
573 633 4
574 575 17
575 576 8
575 635 12
576 577 6
577 578 15
577 637 13
578 579 17
579 580 7
579 639 2
580 581 13
582 583 8
583 584 18
583 643 8
584 585 18
585 586 7
585 645 10
586 587 3
587 588 1
589 590 10
589 649 19
590 591 14
591 651 9
592 593 18
593 594 3
593 653 15
594 595 8
595 596 1
595 655 14
596 597 3
598 599 8
599 659 9
600 601 1
601 602 6
602 603 8
602 662 16
603 604 2
604 605 12
604 664 16
606 607 12
606 666 18
607 608 4
608 609 11
608 668 12
609 610 16
610 611 10
610 670 9
612 613 10
612 672 16
613 614 4
614 615 11
614 674 6
615 616 10
616 617 4
617 618 17
618 619 6
618 678 11
620 621 16
620 680 19
622 623 15
622 682 7
623 624 8
624 625 6
625 626 6
626 627 6
626 686 19
627 628 4
628 688 3
629 630 17
630 631 19
630 690 15
631 632 14
632 633 13
632 692 4
633 634 15
634 635 18
635 636 8
636 637 12
636 696 8
637 638 11
638 698 11
639 640 8
640 641 17
640 700 16
641 642 2
642 643 10
642 702 12
643 644 19
644 645 18
645 646 14
646 647 18
646 706 10
647 648 9
648 649 18
648 708 3
649 650 10
650 651 12
650 710 16
651 652 2
652 653 3
652 712 1
653 654 18
654 655 14
654 714 6
655 656 9
656 716 17
657 658 12
658 718 8
660 661 16
661 662 14
661 721 7
662 663 12
663 664 17
663 723 3
664 665 10
665 666 19
665 725 19
666 667 18
667 668 15
667 727 13
668 669 13
669 670 17
669 729 8
670 671 16
671 672 12
671 731 5
672 673 8
673 674 12
673 733 5
674 675 10
675 676 19
675 735 13
676 677 1
677 678 14
677 737 13
678 679 18
679 680 6
680 681 16
681 682 10
681 741 12
682 683 11
683 684 11
683 743 14
684 685 13
685 686 2
685 745 12
686 687 4
687 747 3
688 689 15
689 690 7
689 749 3
691 692 1
691 751 5
693 694 16
693 753 12
694 695 17
695 696 12
695 755 1
696 697 10
697 698 5
698 699 3
699 700 3
699 759 14
700 701 6
701 702 4
701 761 1
702 703 6
703 704 1
703 763 13
704 705 3
705 706 15
705 765 5
706 707 19
707 708 7
707 767 3
708 709 10
709 769 14
710 711 2
711 712 2
711 771 1
712 713 1
713 714 16
713 773 11
714 715 18
715 716 18
715 775 10
716 717 5
717 718 8
717 777 8
718 719 2
719 779 5
720 721 11
720 780 19
721 722 11
722 723 13
723 724 7
724 725 7
724 784 3
725 726 2
726 786 16
727 728 18
728 788 10
729 730 4
730 731 10
730 790 7
731 732 12
732 733 5
732 792 5
733 734 16
734 735 13
734 794 4
735 736 18
736 737 7
738 739 7
738 798 14
739 740 15
740 741 9
740 800 19
742 802 7
743 744 8
744 745 14
744 804 8
745 746 2
746 747 1
746 806 9
747 748 2
748 749 7
748 808 19
749 750 1
750 751 4
750 810 16
752 753 13
752 812 12
753 754 19
754 755 1
754 814 3
755 756 4
756 757 14
756 816 1
757 758 1
758 818 1
759 760 7
760 761 9
760 820 7
761 762 1
762 763 18
762 822 19
763 764 11
764 765 18
764 824 6
765 766 7
766 767 1
766 826 14
767 768 15
768 769 11
768 828 6
770 771 17
770 830 10
771 772 6
772 773 4
773 774 1
775 776 12
776 777 4
776 836 5
777 778 5
778 779 6
778 838 10
780 781 10
781 782 3
781 841 18
783 784 1
783 843 16
784 785 4
785 786 2
785 845 9
786 787 11
787 788 5
789 790 1
789 849 13
790 791 1
791 792 7
791 851 6
792 793 8
793 794 10
793 853 1
794 795 15
795 796 18
795 855 19
796 797 8
797 798 6
797 857 18
799 800 9
799 859 10
800 801 15
801 802 14
801 861 5
802 803 11
803 804 17
803 863 5
804 805 3
805 806 1
805 865 16
806 807 3
807 867 2
808 809 11
809 810 3
809 869 16
810 811 12
811 871 8
812 813 14
813 814 10
813 873 8
814 815 10
815 875 10
816 817 8
817 818 19
817 877 10
818 819 16
819 820 10
819 879 2
820 821 2
821 822 3
821 881 2
822 823 17
823 824 16
823 883 14
825 826 10
825 885 2
826 827 9
827 828 14
827 887 4
828 829 1
829 830 4
829 889 17
830 831 5
831 832 6
831 891 14
832 833 4
833 834 8
833 893 8
834 835 19
835 836 1
835 895 4
836 837 6
837 838 18
837 897 15
838 839 17
839 899 17
840 841 14
840 900 3
841 842 17
842 843 16
842 902 1
843 844 2
844 845 18
844 904 4
845 846 17
846 847 7
846 906 1
847 848 13
848 849 6
848 908 2
849 850 10
850 851 6
851 852 8
852 853 3
852 912 1
853 854 9
854 855 14
854 914 3
855 856 2
856 857 15
857 858 8
858 859 11
858 918 9
859 860 4
860 861 15
860 920 8
861 862 2
862 863 13
862 922 12
863 864 13
864 865 1
864 924 14
865 866 2
866 867 12
866 926 19
867 868 11
868 869 16
868 928 14
869 870 12
870 871 3
870 930 16
871 872 3
872 932 17
873 874 16
874 875 10
874 934 13
875 876 9
876 877 18
876 936 1
877 878 2
878 879 10
878 938 18
879 880 3
881 882 17
882 883 1
882 942 6
883 884 4
884 885 13
886 887 3
886 946 4
887 888 19
888 948 7
889 890 5
890 891 4
891 892 7
892 893 12
892 952 15
893 894 14
894 895 19
894 954 8
895 896 11
896 897 14
896 956 13
897 898 15
898 899 14
898 958 5
900 901 15
901 902 2
902 903 14
903 904 6
903 963 12
904 905 6
905 906 15
905 965 15
906 907 10
907 908 1
907 967 11
908 909 15
909 910 7
910 911 5
911 971 17
912 913 4
913 914 6
913 973 11
915 916 15
915 975 12
916 917 3
917 918 8
917 977 8
918 919 6
919 979 3
920 921 18
921 922 14
921 981 9
922 923 2
923 924 13
923 983 10
924 925 14
925 926 12
925 985 19
926 927 15
927 928 16
927 987 2
928 929 16
929 930 13
929 989 9
930 931 7
931 932 14
931 991 14
932 933 17
933 934 8
933 993 7
934 935 10
935 936 9
935 995 7
936 937 11
937 938 16
937 997 6
938 939 6
939 940 13
939 999 17
940 941 11
941 942 13
941 1001 10
942 943 12
943 944 15
943 1003 8
945 946 2
945 1005 10
946 947 5
947 948 7
947 1007 15
948 949 4
949 950 3
949 1009 14
950 951 16
951 952 8
951 1011 7
952 953 17
953 1013 4
954 955 12
955 956 15
955 1015 1
956 957 10
957 958 19
957 1017 11
958 959 1
959 1019 17
960 1020 9
961 962 6
962 963 9
962 1022 4
963 964 6
964 965 17
964 1024 3
965 966 6
966 967 9
966 1026 3
967 968 8
968 969 16
968 1028 16
969 970 11
970 971 9
970 1030 6
971 972 3
972 973 10
972 1032 12
973 974 17
974 975 16
974 1034 19
976 977 12
976 1036 8
977 978 18
978 979 8
978 1038 15
979 980 8
980 981 2
980 1040 1
981 982 17
982 983 6
982 1042 15
983 984 8
984 985 8
984 1044 13
985 986 3
986 987 9
986 1046 6
987 988 15
988 989 8
988 1048 18
989 990 3
990 991 19
991 992 6
992 993 15
993 994 12
994 995 8
994 1054 4
995 996 16
996 997 17
996 1056 16
997 998 18
998 1058 1
999 1000 15
1000 1001 4
1000 1060 2
1001 1002 11
1002 1003 16
1002 1062 15
1003 1004 15
1004 1005 18
1004 1064 6
1005 1006 17
1006 1007 14
1006 1066 18
1007 1008 10
1008 1068 17
1009 1010 2
1010 1011 17
1010 1070 4
1011 1012 14
1012 1013 6
1012 1072 19
1013 1014 2
1014 1015 9
1014 1074 15
1015 1016 4
1016 1017 5
1016 1076 4
1017 1018 2
1018 1019 1
1018 1078 15
1020 1021 7
1021 1022 17
1021 1081 15
1022 1023 15
1023 1083 10
1024 1025 13
1025 1026 13
1025 1085 13
1026 1027 11
1027 1028 17
1027 1087 13
1028 1029 13
1029 1030 18
1029 1089 7
1030 1031 16
1031 1032 7
1031 1091 7
1032 1033 17
1033 1034 4
1033 1093 16
1034 1035 7
1035 1036 7
1035 1095 17
1036 1037 4
1037 1038 11
1037 1097 15
1038 1039 6
1039 1040 13
1039 1099 13
1040 1041 19
1041 1042 10
1041 1101 15
1042 1043 15
1043 1103 11
1044 1045 5
1045 1046 8
1045 1105 1
1046 1047 4
1047 1048 2
1047 1107 10
1049 1050 14
1049 1109 19
1050 1051 16
1051 1052 6
1051 1111 5
1052 1053 9
1053 1054 4
1053 1113 13
1054 1055 13
1055 1056 6
1056 1057 1
1057 1058 2
1057 1117 10
1058 1059 6
1059 1060 16
1059 1119 4
1060 1061 13
1061 1062 8
1061 1121 13
1062 1063 15
1063 1064 8
1063 1123 8
1065 1066 15
1066 1067 9
1067 1068 9
1067 1127 2
1068 1069 16
1069 1070 5
1069 1129 13
1070 1071 9
1071 1072 1
1071 1131 6
1072 1073 9
1073 1074 4
1073 1133 6
1074 1075 8
1075 1076 1
1075 1135 9
1076 1077 3
1077 1078 2
1077 1137 5
1079 1139 17
1080 1081 13
1080 1140 11
1081 1082 18
1082 1083 6
1082 1142 7
1083 1084 1
1084 1085 8
1084 1144 7
1085 1086 14
1086 1087 14
1086 1146 16
1087 1088 3
1088 1089 15
1088 1148 12
1089 1090 5
1090 1091 6
1090 1150 18
1091 1092 13
1092 1093 1
1092 1152 10
1093 1094 11
1094 1095 15
1094 1154 1
1095 1096 2
1096 1097 7
1096 1156 8
1097 1098 18
1098 1099 1
1098 1158 5
1099 1100 11
1100 1101 5
1100 1160 15
1101 1102 12
1102 1103 9
1102 1162 18
1103 1104 8
1104 1105 2
1104 1164 2
1105 1106 13
1106 1107 3
1107 1108 17
1108 1109 17
1108 1168 15
1109 1110 1
1110 1111 6
1110 1170 12
1111 1112 4
1112 1113 13
1112 1172 5
1114 1115 5
1114 1174 2
1115 1116 16
1116 1176 1
1117 1118 1
1118 1178 4
1119 1120 4
1120 1180 17
1121 1122 18
1122 1123 4
1122 1182 13
1123 1124 16
1124 1125 2
1124 1184 9
1125 1126 1
1126 1127 19
1128 1129 1
1128 1188 11
1129 1130 7
1130 1131 10
1131 1132 1
1132 1133 15
1132 1192 17
1133 1134 10
1134 1135 9
1134 1194 8
1136 1137 7
1137 1138 8
1138 1139 14
1138 1198 16
1140 1141 10
1141 1142 18
1141 1201 4
1142 1143 14
1143 1144 17
1143 1203 10
1144 1145 1
1145 1146 15
1145 1205 15
1146 1147 7
1147 1148 10
1147 1207 4
1148 1149 2
1149 1150 18
1149 1209 16
1150 1151 6
1152 1153 16
1153 1154 18
1153 1213 8
1154 1155 6
1155 1215 6
1156 1157 8
1157 1158 12
1157 1217 18
1158 1159 16
1159 1160 6
1159 1219 17
1160 1161 9
1161 1162 5
1162 1163 10
1163 1164 1
1163 1223 4
1164 1165 2
1165 1166 9
1165 1225 11
1166 1167 13
1167 1168 6
1167 1227 8
1168 1169 12
1169 1170 16
1169 1229 5
1170 1171 14
1171 1231 12
1172 1173 6
1173 1174 10
1173 1233 5
1174 1175 7
1175 1176 4
1176 1177 6
1177 1178 14
1177 1237 2
1178 1179 17
1179 1180 12
1179 1239 14
1180 1181 8
1181 1182 11
1181 1241 8
1182 1183 13
1183 1184 4
1183 1243 6
1185 1186 1
1185 1245 15
1186 1187 17
1187 1188 19
1187 1247 1
1188 1189 1
1189 1190 5
1189 1249 13
1190 1191 11
1191 1251 3
1192 1193 1
1193 1194 7
1193 1253 16
1194 1195 17
1195 1196 6
1195 1255 4
1196 1197 3
1197 1198 17
1197 1257 19
1198 1199 10
1199 1259 12
1200 1201 2
1200 1260 18
1201 1202 6
1202 1203 3
1202 1262 4
1203 1204 18
1204 1205 18
1204 1264 8
1205 1206 7
1206 1207 2
1206 1266 12
1207 1208 4
1208 1209 16
1208 1268 12
1209 1210 1
1210 1211 10
1211 1212 8
1212 1213 1
1212 1272 7
1213 1214 19
1214 1215 18
1214 1274 13
1215 1216 16
1216 1217 12
1216 1276 14
1217 1218 1
1218 1219 5
1218 1278 6
1219 1220 6
1220 1221 6
1220 1280 8
1221 1222 13
1222 1223 2
1222 1282 10
1223 1224 17
1224 1225 10
1224 1284 15
1225 1226 17
1226 1227 13
1226 1286 4
1227 1228 5
1228 1229 17
1228 1288 17
1229 1230 1
1230 1231 4
1232 1233 16
1232 1292 1
1233 1234 9
1234 1235 17
1234 1294 9
1235 1236 8
1236 1237 2
1236 1296 18
1237 1238 16
1238 1239 15
1238 1298 17
1239 1240 18
1240 1241 10
1240 1300 4
1241 1242 6
1242 1243 15
1242 1302 7
1243 1244 18
1244 1304 14
1245 1246 11
1246 1247 18
1246 1306 8
1248 1249 16
1248 1308 3
1249 1250 13
1250 1251 8
1250 1310 16
1251 1252 16
1252 1253 12
1252 1312 8
1253 1254 10
1254 1255 4
1254 1314 6
1255 1256 1
1256 1316 16
1257 1258 9
1258 1259 17
1258 1318 1
1260 1261 13
1261 1262 16
1261 1321 8
1263 1264 17
1263 1323 10
1264 1265 1
1265 1266 19
1265 1325 9
1266 1267 16
1267 1268 3
1267 1327 7
1269 1270 1
1269 1329 6
1270 1271 8
1271 1272 17
1271 1331 13
1273 1274 19
1273 1333 9
1274 1275 6
1275 1276 15
1275 1335 12
1276 1277 13
1277 1278 7
1277 1337 19
1278 1279 1
1279 1280 17
1279 1339 15
1280 1281 13
1281 1282 18
1281 1341 7
1282 1283 11
1283 1284 10
1283 1343 10
1284 1285 7
1285 1286 15
1286 1287 16
1287 1288 18
1288 1289 15
1289 1290 7
1289 1349 13
1290 1291 3
1291 1292 14
1291 1351 16
1292 1293 7
1293 1294 18
1293 1353 17
1294 1295 11
1295 1355 10
1296 1297 10
1297 1357 5
1298 1299 10
1299 1359 1
1300 1301 5
1301 1302 4
1301 1361 18
1302 1303 13
1303 1304 9
1303 1363 9
1304 1305 19
1305 1306 12
1305 1365 11
1306 1307 14
1307 1308 18
1308 1309 9
1309 1310 10
1309 1369 13
1310 1311 9
1311 1312 9
1312 1313 4
1313 1314 11
1313 1373 13
1314 1315 14
1315 1316 3
1315 1375 7
1316 1317 12
1317 1318 13
1317 1377 11
1318 1319 10
1319 1379 15
1320 1321 8
1320 1380 9
1321 1322 16
1322 1382 12
1323 1324 1
1324 1325 6
1324 1384 4
1325 1326 6
1326 1327 4
1326 1386 13
1327 1328 14
1328 1329 6
1328 1388 11
1329 1330 11
1330 1331 17
1330 1390 9
1331 1332 14
1332 1333 13
1332 1392 13
1333 1334 1
1334 1394 5
1335 1336 13
1336 1337 3
1336 1396 18
1337 1338 5
1338 1339 6
1338 1398 9
1339 1340 14
1340 1341 6
1340 1400 3
1341 1342 17
1342 1402 18
1343 1344 13
1344 1404 13
1345 1346 6
1346 1406 3
1347 1348 10
1348 1349 4
1348 1408 19
1350 1351 18
1350 1410 14
1352 1353 3
1352 1412 12
1354 1355 7
1354 1414 10
1355 1356 6
1356 1357 15
1356 1416 2
1357 1358 7
1358 1359 8
1358 1418 14
1360 1361 9
1360 1420 12
1361 1362 5
1362 1363 2
1362 1422 16
1363 1364 13
1364 1365 5
1364 1424 15
1366 1367 2
1366 1426 5
1367 1368 8
1368 1428 17
1369 1370 15
1370 1430 17
1371 1372 9
1372 1373 2
1372 1432 2
1373 1374 13
1374 1375 10
1374 1434 18
1375 1376 4
1376 1377 5
1376 1436 2
1377 1378 17
1378 1438 17
1380 1381 15
1381 1382 14
1381 1441 6
1382 1383 9
1383 1384 2
1383 1443 6
1384 1385 7
1385 1386 6
1385 1445 2
1387 1388 6
1387 1447 8
1388 1389 11
1389 1390 8
1389 1449 15
1390 1391 18
1391 1392 8
1391 1451 17
1392 1393 11
1393 1394 2
1393 1453 16
1394 1395 2
1395 1396 6
1395 1455 5
1396 1397 15
1397 1398 3
1398 1399 18
1399 1400 18
1399 1459 18
1400 1401 8
1401 1402 12
1403 1404 3
1404 1405 3
1405 1406 8
1405 1465 2
1406 1407 15
1407 1408 4
1407 1467 10
1408 1409 4
1409 1410 12
1410 1411 5
1411 1412 6
1411 1471 15
1413 1414 4
1413 1473 2
1414 1415 12
1415 1416 17
1415 1475 11
1416 1417 14
1417 1418 17
1417 1477 7
1418 1419 15
1419 1420 10
1419 1479 13
1420 1421 4
1421 1422 1
1421 1481 3
1422 1423 10
1423 1483 4
1424 1425 2
1425 1426 12
1426 1427 5
1427 1428 12
1427 1487 12
1428 1429 1
1429 1430 12
1429 1489 5
1430 1431 12
1431 1432 11
1431 1491 11
1432 1433 13
1433 1493 14
1434 1435 17
1435 1436 13
1435 1495 15
1436 1437 16
1437 1438 17
1437 1497 7
1438 1439 8
1439 1499 1
1440 1441 5
1440 1500 17
1441 1442 1
1442 1443 10
1442 1502 1
1443 1444 17
1444 1445 7
1444 1504 16
1445 1446 6
1446 1447 13
1446 1506 18
1447 1448 14
1448 1449 6
1450 1451 1
1450 1510 2
1451 1452 1
1452 1453 1
1452 1512 9
1453 1454 3
1454 1514 15
1455 1456 17
1456 1457 17
1456 1516 1
1457 1458 4
1458 1459 9
1458 1518 19
1459 1460 18
1460 1461 17
1460 1520 18
1461 1462 11
1462 1463 2
1462 1522 18
1463 1464 14
1464 1465 16
1464 1524 12
1465 1466 13
1466 1467 14
1466 1526 2
1467 1468 17
1468 1469 3
1468 1528 18
1469 1470 3
1470 1471 12
1470 1530 16
1471 1472 16
1472 1473 10
1472 1532 10
1473 1474 18
1474 1475 2
1474 1534 13
1475 1476 13
1476 1477 16
1476 1536 13
1477 1478 11
1479 1480 18
1480 1481 14
1481 1482 11
1482 1483 9
1483 1484 4
1484 1485 15
1484 1544 4
1486 1487 8
1486 1546 2
1487 1488 3
1488 1489 4
1488 1548 1
1489 1490 15
1490 1491 7
1490 1550 6
1491 1492 8
1492 1493 18
1492 1552 7
1493 1494 9
1494 1495 18
1495 1496 2
1496 1497 12
1496 1556 18
1497 1498 5
1498 1499 14
1498 1558 12
1500 1501 1
1501 1561 6
1502 1503 6
1503 1504 18
1503 1563 12
1504 1505 3
1505 1506 12
1505 1565 11
1506 1507 3
1507 1508 2
1507 1567 15
1508 1509 16
1509 1510 4
1510 1511 3
1511 1512 18
1511 1571 2
1512 1513 4
1513 1514 6
1513 1573 3
1515 1516 6
1515 1575 10
1516 1517 11
1517 1518 15
1517 1577 17
1518 1519 5
1519 1520 1
1519 1579 17
1520 1521 14
1521 1581 3
1522 1523 12
1523 1583 4
1524 1525 8
1525 1585 2
1526 1527 3
1527 1528 15
1528 1529 9
1529 1530 3
1529 1589 5
1530 1531 2
1531 1532 17
1531 1591 16
1532 1533 7
1533 1534 12
1533 1593 14
1534 1535 15
1535 1536 15
1536 1537 15
1537 1538 1
1537 1597 2
1538 1539 2
1539 1540 12
1539 1599 8
1540 1541 2
1541 1542 14
1541 1601 10
1542 1543 14
1543 1544 17
1543 1603 12
1544 1545 16
1545 1546 6
1545 1605 14
1546 1547 7
1547 1548 16
1547 1607 17
1548 1549 18
1549 1550 11
1549 1609 6
1550 1551 2
1551 1552 17
1551 1611 17
1552 1553 6
1553 1554 5
1553 1613 10
1554 1555 6
1555 1556 3
1555 1615 8
1556 1557 7
1557 1558 6
1557 1617 4
1558 1559 9
1559 1619 11
1560 1620 18
1561 1562 7
1562 1563 14
1562 1622 7
1563 1564 15
1564 1565 11
1564 1624 14
1565 1566 5
1566 1626 13
1567 1568 1
1568 1569 5
1570 1571 17
1570 1630 1
1571 1572 3
1572 1632 3
1573 1574 11
1574 1575 13
1574 1634 16
1575 1576 12
1576 1577 6
1576 1636 1
1578 1579 2
1578 1638 12
1580 1581 7
1580 1640 15
1581 1582 15
1582 1583 8
1582 1642 6
1583 1584 18
1584 1585 10
1584 1644 2
1585 1586 5
1586 1587 13
1586 1646 15
1587 1588 18
1590 1650 17
1592 1652 19
1593 1594 13
1594 1595 2
1594 1654 1
1595 1596 16
1596 1656 18
1597 1598 16
1598 1658 13
1599 1600 18
1600 1601 3
1600 1660 13
1601 1602 13
1602 1603 8
1602 1662 18
1603 1604 4
1604 1605 13
1604 1664 10
1605 1606 5
1606 1607 9
1606 1666 19
1607 1608 3
1608 1609 1
1608 1668 12
1609 1610 15
1610 1611 5
1610 1670 5
1611 1612 4
1612 1613 3
1613 1614 17
1614 1674 7
1616 1617 10
1616 1676 1
1617 1618 17
1618 1619 19
1620 1621 3
1621 1622 17
1621 1681 14
1622 1623 7
1623 1624 17
1623 1683 18
1624 1625 7
1625 1626 3
1625 1685 16
1626 1627 12
1627 1628 13
1627 1687 3
1628 1629 1
1629 1630 10
1629 1689 11
1630 1631 3
1631 1632 16
1631 1691 8
1632 1633 5
1633 1634 11
1633 1693 15
1634 1635 17
1635 1636 2
1635 1695 10
1636 1637 8
1637 1697 3
1638 1639 19
1639 1699 13
1640 1641 10
1641 1701 1
1642 1643 17
1643 1644 2
1643 1703 17
1644 1645 4
1645 1646 17
1645 1705 5
1647 1648 11
1648 1649 1
1649 1650 17
1649 1709 5
1650 1651 14
1651 1652 8
1651 1711 12
1652 1653 9
1653 1654 9
1653 1713 11
1654 1655 10
1655 1656 2
1655 1715 15
1656 1657 1
1657 1658 13
1657 1717 4
1659 1660 3
1659 1719 4
1660 1661 2
1661 1662 15
1661 1721 14
1662 1663 13
1663 1664 17
1663 1723 17
1664 1665 4
1665 1666 7
1665 1725 3
1666 1667 13
1667 1668 4
1667 1727 16
1668 1669 3
1669 1670 19
1669 1729 5
1670 1671 2
1671 1672 8
1671 1731 5
1672 1673 16
1673 1674 18
1673 1733 9
1675 1735 16
1676 1677 5
1677 1678 16
1677 1737 10
1678 1679 10
1679 1739 16
1680 1681 6
1680 1740 16
1682 1683 12
1682 1742 14
1683 1684 11
1684 1685 4
1684 1744 15
1685 1686 16
1686 1687 8
1686 1746 2
1687 1688 17
1688 1689 15
1689 1690 14
1690 1691 2
1690 1750 4
1691 1692 7
1692 1693 12
1692 1752 10
1693 1694 14
1694 1754 5
1695 1696 18
1696 1697 6
1696 1756 3
1697 1698 13
1698 1699 9
1698 1758 9
1699 1700 1
1700 1701 11
1700 1760 10
1701 1702 6
1702 1703 18
1702 1762 3
1703 1704 16
1704 1705 1
1704 1764 5
1705 1706 1
1706 1707 5
1706 1766 18
1707 1708 17
1708 1709 16
1708 1768 6
1709 1710 9
1710 1711 12
1711 1712 13
1712 1713 16
1712 1772 5
1714 1715 18
1714 1774 17
1715 1716 18
1716 1717 16
1716 1776 4
1717 1718 3
1718 1719 9
1718 1778 14
1719 1720 7
1720 1721 6
1720 1780 1
1721 1722 7
1722 1723 11
1722 1782 5
1723 1724 18
1724 1725 19
1724 1784 1
1725 1726 5
1726 1727 17
1726 1786 1
1727 1728 10
1728 1729 4
1728 1788 1
1729 1730 6
1730 1731 8
1730 1790 5
1731 1732 3
1732 1733 15
1733 1734 6
1734 1735 7
1734 1794 18
1735 1736 3
1736 1737 1
1736 1796 6
1738 1739 4
1738 1798 7
1740 1741 17
1741 1742 13
1743 1744 1
1744 1745 4
1745 1746 15
1746 1747 17
1747 1748 1
1748 1749 18
1749 1750 7
1750 1751 18
1751 1752 17
1752 1753 1
1753 1754 3
1754 1755 7
1755 1756 14
1756 1757 8
1757 1758 4
1758 1759 7
1761 1762 1
1762 1763 18
1763 1764 17
1765 1766 17
1766 1767 6
1768 1769 5
1770 1771 16
1771 1772 9
1772 1773 18
1773 1774 9
1774 1775 15
1775 1776 3
1776 1777 9
1777 1778 3
1778 1779 14
1779 1780 16
1781 1782 8
1782 1783 1
1783 1784 10
1784 1785 19
1785 1786 16
1787 1788 6
1788 1789 2
1789 1790 10
1790 1791 7
1791 1792 19
1792 1793 4
1793 1794 8
1794 1795 2
1795 1796 5
1796 1797 12
1797 1798 1
4 1325 1684
7 680 1153
8 433 1149
9 280 344
12 774 1104
16 124 1683
17 159 1173
18 1516 1779
19 822 1585
20 268 1066
23 114 1240
24 286 311
26 1164 1748
27 1724 1796
31 906 1098
32 108 1496
37 1387 1758
38 91 1002
39 624 1317
40 377 409
42 254 1628
43 357 550
44 1086 1174
45 191 1432
47 1399 1477
50 904 1441
51 127 1130
53 1418 1535
54 181 1096
55 424 1599
56 1304 1591
57 1202 1275
58 64 1252
60 745 1502
61 362 834
62 739 786
63 749 1723
65 696 836
66 723 724
67 934 1264
70 666 835
72 827 1378
77 355 792
79 658 1289
84 709 807
86 988 1147
88 818 858
89 273 959
90 993 1499
92 598 1330
94 1480 1534
96 133 500
98 833 927
99 1076 1084
102 621 1545
103 444 1421
104 313 1594
105 1061 1470
106 1734 1744
107 391 897
110 707 1783
116 1259 1603
118 175 662
119 151 583
120 176 1400
126 576 1331
129 773 1075
130 332 1265
134 446 1632
135 167 464
136 473 489
137 1251 1717
140 601 609
141 342 1602
142 352 1190
146 341 918
147 984 1642
148 373 1187
149 1385 1561
150 439 1787
152 537 911
153 1383 1790
156 529 1658
158 1095 1227
160 946 1039
162 276 619
163 622 1074
164 526 920
165 525 1459
169 551 1649
170 1162 1316
171 612 1780
173 498 1519
174 852 1565
179 1019 1051
183 1341 1484
184 743 1215
185 267 1570
186 692 1607
187 196 1167
188 289 1610
189 1178 1280
192 337 1725
194 851 1195
195 923 1455
197 953 1711
198 347 721
199 1111 1786
203 323 1688
204 351 394
205 1239 1272
209 832 924
210 452 746
212 1490 1732
214 1054 1693
215 649 1447
220 970 1487
221 776 913
222 1217 1726
223 1302 1446
224 1372 1718
225 820 1656
230 586 1578
231 752 976
232 1172 1719
234 1382 1741
236 710 1305
237 494 570
239 742 1450
240 1497 1562
242 291 631
244 425 969
245 1232 1554
247 363 1024
252 1551 1700
253 1152 1494
255 1262 1445
256 1179 1703
260 722 1221
261 1277 1536
263 979 1192
266 821 1759
269 647 1032
272 1375 1705
277 438 1115
281 292 879
282 496 1715
284 1125 1600
287 585 1706
288 1267 1308
290 857 1046
293 845 892
295 1521 1611
296 838 1072
298 748 1137
300 368 675
301 1324 1556
305 1151 1367
308 926 1109
310 369 1113
316 1183 1542
317 331 389
319 780 848
321 539 1647
322 474 562
324 380 1103
326 476 777
327 682 1406
328 1247 1403
329 1469 1593
330 758 1384
333 388 543
334 429 762
335 887 1077
339 673 1349
345 478 1142
349 415 582
353 797 1119
356 528 1177
358 935 1168
360 1444 1472
361 1360 1366
364 587 1665
366 626 1544
367 830 877
374 495 1205
375 1189 1622
384 505 729
385 1312 1757
386 1146 1573
392 542 627
393 1100 1795
395 1320 1612
398 1028 1381
399 404 599
402 490 1505
407 1500 1569
412 1282 1369
414 507 1589
416 523 1058
417 432 1699
423 865 1471
426 687 1549
427 718 1504
428 538 630
430 625 1390
434 596 1517
435 712 1356
436 593 995
437 705 1798
442 828 1297
443 908 1132
445 1131 1522
453 1523 1552
454 1007 1737
458 811 1511
462 488 1456
463 799 880
468 510 648
469 744 1201
470 1255 1425
472 1083 1229
475 1226 1397
482 1564 1760
485 607 1489
487 1386 1567
493 860 1223
499 1290 1788
502 1433 1661
503 644 936
506 1040 1344
508 869 903
512 1011 1020
513 883 1618
518 937 1283
520 564 689
527 1319 1491
533 719 1518
534 1211 1736
549 577 1512
554 997 1722
559 605 1309
566 654 1135
568 1422 1473
574 1060 1782
575 731 1256
584 862 1664
588 595 676
591 634 1729
603 840 1431
606 1025 1080
610 1156 1196
611 1053 1639
614 669 1492
615 863 1059
616 921 1013
623 896 1012
628 1245 1281
629 1478 1668
635 961 992
642 1620 1778
643 1468 1698
653 715 1530
656 756 1676
660 1087 1090
661 1350 1501
664 916 1429
667 1686 1701
668 958 1667
681 1155 1314
683 1296 1605
684 1027 1286
690 1191 1438
695 902 1659
697 1364 1756
706 781 967
717 1029 1318
720 890 1081
727 1435 1531
733 853 885
737 1120 1479
738 956 1727
740 750 962
753 779 998
755 1052 1198
759 978 1415
760 1248 1575
761 1448 1572
763 1328 1754
764 1402 1733
765 768 1332
766 1069 1138
770 800 804
771 844 1068
785 1389 1532
788 837 1337
789 810 1543
791 1234 1621
794 1243 1485
795 1056 1184
796 1675 1710
802 1057 1730
814 1574 1747
819 1197 1359
825 1393 1657
829 1089 1357
839 972 1271
843 1257 1563
846 1067 1411
849 1465 1651
854 1685 1687
859 1041 1739
872 1293 1541
873 1094 1579
886 1157 1346
888 975 1370
889 1016 1750
891 929 1528
895 1412 1716
898 982 1436
907 1208 1419
917 1270 1615
919 1123 1295
928 1329 1424
931 1482 1708
933 1158 1374
940 954 1348
941 1106 1244
947 1063 1279
963 1050 1682
977 1092 1284
985 1299 1745
996 1540 1775
1005 1048 1498
1008 1073 1235
1009 1430 1584
1018 1354 1513
1021 1663 1702
1047 1322 1538
1055 1078 1194
1085 1107 1121
1099 1524 1721
1105 1408 1645
1112 1753 1765
1117 1351 1377
1126 1547 1666
1127 1236 1546
1133 1212 1475
1163 1503 1636
1169 1206 1767
1214 1263 1353
1220 1608 1735
1224 1362 1460
1233 1466 1694
1237 1343 1463
1268 1443 1461
1278 1313 1440
1285 1311 1555
1287 1557 1746
1303 1614 1627
1327 1454 1595
1380 1413 1713
1420 1640 1697
1462 1514 1539
1493 1609 1690
1548 1650 1679
1558 1619 1777
1582 1674 1770
1592 1625 1771
