70 152 1 70 8
1 2 4
1 12 3
2 1 4
2 3 7
3 2 7
3 4 15
3 14 18
4 3 15
4 5 8
5 4 8
5 16 2
6 7 17
7 6 17
7 8 6
7 18 7
8 7 6
8 9 15
9 8 15
9 10 2
9 20 19
10 9 2
10 11 10
11 10 10
12 1 3
13 14 6
13 25 16
14 3 18
14 13 6
14 15 3
15 14 3
15 16 18
15 27 9
16 5 2
16 15 18
16 17 6
17 16 6
17 18 19
17 29 3
18 7 7
18 17 19
18 19 3
19 18 3
19 20 13
19 31 7
20 9 19
20 19 13
20 21 17
21 20 17
22 23 5
23 22 5
23 35 13
24 25 6
24 36 16
25 13 16
25 24 6
25 26 9
26 25 9
26 27 12
27 15 9
27 26 12
27 28 2
28 27 2
28 29 14
28 40 16
29 17 3
29 28 14
29 30 17
30 29 17
30 42 14
31 19 7
32 33 16
32 44 8
33 32 16
33 34 18
34 33 18
34 35 8
34 46 15
35 23 13
35 34 8
36 24 16
36 37 12
37 36 12
37 38 5
37 49 8
38 37 5
39 40 4
39 51 5
40 28 16
40 39 4
41 42 5
41 53 17
42 30 14
42 41 5
42 43 11
43 42 11
43 55 1
44 32 8
44 45 11
45 44 11
45 57 5
46 34 15
46 47 6
47 46 6
48 49 9
48 60 14
49 37 8
49 48 9
49 50 1
50 49 1
51 39 5
51 52 7
52 51 7
52 53 14
52 64 18
53 41 17
53 52 14
54 66 17
55 43 1
55 56 5
56 55 5
56 57 7
56 68 15
57 45 5
57 56 7
57 58 5
58 57 5
58 59 4
58 70 10
59 58 4
60 48 14
60 61 1
61 60 1
61 62 13
62 61 13
62 63 4
63 62 4
63 64 9
64 52 18
64 63 9
64 65 13
65 64 13
65 66 3
66 54 17
66 65 3
66 67 17
67 66 17
67 68 1
68 56 15
68 67 1
68 69 9
69 68 9
70 58 10
22
38
44
45
57
64
67
70
