798 1976 1 798 3
1 2 6
1 40 18
2 1 6
2 3 2
3 2 2
3 4 10
4 3 10
4 5 10
5 4 10
5 44 5
6 7 4
7 6 4
7 8 2
7 46 2
8 7 2
8 9 17
9 8 17
9 10 4
9 48 13
10 9 4
10 11 4
11 10 4
11 12 14
11 50 10
12 11 14
12 13 8
13 12 8
13 52 15
14 15 3
15 14 3
15 16 17
15 54 12
16 15 17
16 17 1
17 16 1
17 18 12
17 56 18
18 17 12
18 19 13
19 18 13
19 58 14
20 21 16
21 20 16
21 22 19
21 60 3
22 21 19
22 23 17
23 22 17
23 24 7
24 23 7
24 25 13
25 24 13
25 26 1
25 64 9
26 25 1
27 28 8
27 66 6
28 27 8
28 29 18
29 28 18
29 30 4
29 68 1
30 29 4
30 31 11
31 30 11
31 32 5
31 70 4
32 31 5
32 33 7
33 32 7
33 34 3
33 72 9
34 33 3
34 35 14
35 34 14
35 36 15
35 74 5
36 35 15
37 38 6
37 76 16
38 37 6
38 39 17
39 38 17
40 1 18
40 41 3
41 40 3
41 42 9
41 81 7
42 41 9
42 43 5
43 42 5
43 83 16
44 5 5
44 45 6
45 44 6
45 46 12
45 85 4
46 7 2
46 45 12
46 47 14
47 46 14
47 48 7
47 87 15
48 9 13
48 47 7
48 49 5
49 48 5
49 50 14
49 89 9
50 11 10
50 49 14
50 51 1
51 50 1
51 52 5
51 91 1
52 13 15
52 51 5
52 53 11
53 52 11
53 54 5
53 93 13
54 15 12
54 53 5
54 55 4
55 54 4
55 56 9
55 95 16
56 17 18
56 55 9
56 57 3
57 56 3
57 58 13
57 97 6
58 19 14
58 57 13
58 59 18
59 58 18
59 60 1
59 99 10
60 21 3
60 59 1
60 61 9
61 60 9
61 62 5
61 101 12
62 61 5
62 63 15
63 62 15
63 64 5
64 25 9
64 63 5
64 65 1
65 64 1
65 66 10
65 105 4
66 27 6
66 65 10
66 67 3
67 66 3
67 68 17
67 107 8
68 29 1
68 67 17
69 70 11
69 109 15
70 31 4
70 69 11
70 71 6
71 70 6
71 72 14
71 111 15
72 33 9
72 71 14
72 73 18
73 72 18
73 113 14
74 35 5
74 75 7
75 74 7
75 76 10
75 115 6
76 37 16
76 75 10
76 77 10
77 76 10
77 78 9
77 117 19
78 77 9
78 79 4
79 78 4
79 119 9
80 120 15
81 41 7
81 82 18
82 81 18
82 83 7
82 122 12
83 43 16
83 82 7
83 84 16
84 83 16
84 124 17
85 45 4
86 126 16
87 47 15
88 89 5
88 128 9
89 49 9
89 88 5
89 90 11
90 89 11
90 91 13
91 51 1
91 90 13
91 92 6
92 91 6
92 93 16
92 132 16
93 53 13
93 92 16
93 94 12
94 93 12
94 95 11
94 134 10
95 55 16
95 94 11
95 96 13
96 95 13
96 97 18
96 136 19
97 57 6
97 96 18
97 98 4
98 97 4
98 99 19
99 59 10
99 98 19
99 100 1
100 99 1
100 101 19
100 140 16
101 61 12
101 100 19
101 102 1
102 101 1
102 142 8
103 104 16
104 103 16
104 105 6
104 144 11
105 65 4
105 104 6
105 106 16
106 105 16
106 107 1
106 146 9
107 67 8
107 106 1
107 108 19
108 107 19
108 109 6
108 148 19
109 69 15
109 108 6
109 110 17
110 109 17
110 111 11
110 150 7
111 71 15
111 110 11
111 112 9
112 111 9
112 152 7
113 73 14
113 114 13
114 113 13
114 115 6
114 154 17
115 75 6
115 114 6
115 116 18
116 115 18
116 156 3
117 77 19
118 119 18
118 158 6
119 79 9
119 118 18
120 80 15
120 121 6
121 120 6
121 122 12
121 161 1
122 82 12
122 121 12
122 123 13
123 122 13
123 163 14
124 84 17
124 125 10
125 124 10
125 126 16
125 165 7
126 86 16
126 125 16
126 127 1
127 126 1
127 128 9
127 167 8
128 88 9
128 127 9
128 129 17
129 128 17
129 130 2
129 169 13
130 129 2
130 131 10
131 130 10
131 132 5
131 171 19
132 92 16
132 131 5
132 133 12
133 132 12
134 94 10
135 136 16
135 175 10
136 96 19
136 135 16
136 137 6
137 136 6
137 177 19
138 139 2
139 138 2
139 140 16
139 179 10
140 100 16
140 139 16
140 141 4
141 140 4
141 181 19
142 102 8
142 143 6
143 142 6
143 144 16
143 183 15
144 104 11
144 143 16
144 145 3
145 144 3
145 185 8
146 106 9
146 147 2
147 146 2
147 187 11
148 108 19
148 149 4
149 148 4
149 189 11
150 110 7
150 151 8
151 150 8
151 152 2
151 191 6
152 112 7
152 151 2
152 153 7
153 152 7
153 154 13
154 114 17
154 153 13
154 155 18
155 154 18
155 195 8
156 116 3
156 157 16
157 156 16
157 158 14
157 197 1
158 118 6
158 157 14
158 159 16
159 158 16
159 199 6
160 161 15
160 200 2
161 121 1
161 160 15
161 162 8
162 161 8
162 163 3
163 123 14
163 162 3
163 164 6
164 163 6
164 165 18
165 125 7
165 164 18
165 166 14
166 165 14
167 127 8
167 168 2
168 167 2
169 129 13
169 170 3
170 169 3
170 171 5
170 210 5
171 131 19
171 170 5
171 172 5
172 171 5
172 173 1
172 212 5
173 172 1
173 174 15
174 173 15
174 175 13
175 135 10
175 174 13
176 177 3
176 216 14
177 137 19
177 176 3
177 178 4
178 177 4
178 179 18
178 218 15
179 139 10
179 178 18
179 180 12
180 179 12
180 181 3
180 220 11
181 141 19
181 180 3
181 182 6
182 181 6
183 143 15
183 184 16
184 183 16
184 224 8
185 145 8
185 186 13
186 185 13
186 187 8
186 226 15
187 147 11
187 186 8
187 188 16
188 187 16
188 189 8
188 228 9
189 149 11
189 188 8
189 190 14
190 189 14
190 230 12
191 151 6
191 192 13
192 191 13
192 193 8
192 232 10
193 192 8
193 194 3
194 193 3
194 195 18
194 234 11
195 155 8
195 194 18
195 196 4
196 195 4
196 197 15
196 236 2
197 157 1
197 196 15
197 198 7
198 197 7
198 199 17
198 238 13
199 159 6
199 198 17
200 160 2
200 201 2
201 200 2
201 202 5
201 241 5
202 201 5
202 203 10
203 202 10
203 204 15
204 203 15
205 206 14
205 245 3
206 205 14
206 207 6
207 206 6
207 208 1
208 207 1
209 249 18
210 170 5
210 211 1
211 210 1
211 212 15
211 251 2
212 172 5
212 211 15
212 213 5
213 212 5
213 214 4
213 253 7
214 213 4
214 215 7
215 214 7
215 216 6
215 255 1
216 176 14
216 215 6
217 218 10
218 178 15
218 217 10
218 219 18
219 218 18
219 220 9
219 259 19
220 180 11
220 219 9
220 221 19
221 220 19
221 222 6
222 221 6
222 223 11
223 222 11
223 224 7
223 263 10
224 184 8
224 223 7
224 225 18
225 224 18
225 265 3
226 186 15
226 227 16
227 226 16
227 228 5
227 267 2
228 188 9
228 227 5
229 230 2
229 269 11
230 190 12
230 229 2
230 231 3
231 230 3
231 232 13
231 271 19
232 192 10
232 231 13
232 233 5
233 232 5
233 234 4
233 273 5
234 194 11
234 233 4
235 275 10
236 196 2
236 237 2
237 236 2
237 238 1
237 277 17
238 198 13
238 237 1
238 239 5
239 238 5
239 279 17
240 241 15
240 280 7
241 201 5
241 240 15
241 242 5
242 241 5
242 243 14
242 282 19
243 242 14
243 244 6
244 243 6
244 245 6
244 284 15
245 205 3
245 244 6
245 246 4
246 245 4
246 286 18
247 248 4
248 247 4
248 249 5
248 288 13
249 209 18
249 248 5
250 251 1
250 290 3
251 211 2
251 250 1
251 252 11
252 251 11
252 292 18
253 213 7
253 254 11
254 253 11
254 255 14
254 294 12
255 215 1
255 254 14
255 256 16
256 255 16
256 257 17
256 296 18
257 256 17
257 258 15
258 257 15
258 259 18
258 298 14
259 219 19
259 258 18
259 260 7
260 259 7
260 261 5
261 260 5
261 262 5
262 261 5
262 302 6
263 223 10
263 264 13
264 263 13
264 304 19
265 225 3
265 266 2
266 265 2
266 267 1
266 306 19
267 227 2
267 266 1
267 268 15
268 267 15
268 269 10
268 308 6
269 229 11
269 268 10
270 271 10
271 231 19
271 270 10
271 272 4
272 271 4
272 273 13
272 312 16
273 233 5
273 272 13
273 274 1
274 273 1
274 275 12
274 314 5
275 235 10
275 274 12
276 277 4
276 316 12
277 237 17
277 276 4
277 278 16
278 277 16
278 318 17
279 239 17
280 240 7
280 281 5
281 280 5
281 282 10
282 242 19
282 281 10
282 283 8
283 282 8
283 284 12
283 323 8
284 244 15
284 283 12
284 285 12
285 284 12
285 286 2
285 325 10
286 246 18
286 285 2
286 287 1
287 286 1
287 288 8
288 248 13
288 287 8
288 289 11
289 288 11
289 290 13
289 329 11
290 250 3
290 289 13
290 291 18
291 290 18
291 292 2
291 331 14
292 252 18
292 291 2
292 293 3
293 292 3
293 294 13
294 254 12
294 293 13
294 295 7
295 294 7
295 296 10
296 256 18
296 295 10
297 298 12
297 337 2
298 258 14
298 297 12
298 299 11
299 298 11
299 339 10
300 301 18
301 300 18
301 302 16
301 341 10
302 262 6
302 301 16
303 304 4
303 343 11
304 264 19
304 303 4
304 305 8
305 304 8
305 306 14
306 266 19
306 305 14
306 307 11
307 306 11
307 308 2
307 347 18
308 268 6
308 307 2
309 310 14
310 309 14
310 311 16
311 310 16
311 351 4
312 272 16
312 313 12
313 312 12
313 314 17
313 353 15
314 274 5
314 313 17
314 315 18
315 314 18
315 355 7
316 276 12
316 317 1
317 316 1
317 318 13
317 357 2
318 278 17
318 317 13
318 319 9
319 318 9
319 359 6
320 321 5
320 360 10
321 320 5
321 322 8
322 321 8
322 323 10
322 362 13
323 283 8
323 322 10
323 324 17
324 323 17
324 325 16
324 364 7
325 285 10
325 324 16
325 326 17
326 325 17
326 327 2
327 326 2
327 328 17
328 327 17
329 289 11
329 330 15
330 329 15
330 331 4
331 291 14
331 330 4
331 332 7
332 331 7
332 333 1
332 372 12
333 332 1
333 334 1
334 333 1
334 335 12
334 374 19
335 334 12
335 336 12
336 335 12
336 337 19
336 376 9
337 297 2
337 336 19
337 338 18
338 337 18
338 378 13
339 299 10
340 341 7
340 380 2
341 301 10
341 340 7
341 342 4
342 341 4
342 343 3
342 382 13
343 303 11
343 342 3
344 345 12
344 384 13
345 344 12
345 346 1
346 345 1
346 347 17
347 307 18
347 346 17
347 348 2
348 347 2
348 349 3
349 348 3
349 350 11
350 349 11
350 351 17
350 390 16
351 311 4
351 350 17
351 352 15
352 351 15
352 353 16
352 392 1
353 313 15
353 352 16
353 354 9
354 353 9
354 355 12
354 394 4
355 315 7
355 354 12
355 356 6
356 355 6
356 357 12
356 396 4
357 317 2
357 356 12
357 358 9
358 357 9
358 359 9
359 319 6
359 358 9
360 320 10
360 361 10
361 360 10
361 401 16
362 322 13
362 363 9
363 362 9
363 364 4
363 403 11
364 324 7
364 363 4
365 366 15
366 365 15
366 367 6
367 366 6
367 368 9
367 407 13
368 367 9
368 369 15
369 368 15
369 370 1
370 369 1
370 371 3
371 370 3
371 372 13
371 411 1
372 332 12
372 371 13
372 373 10
373 372 10
373 374 19
373 413 1
374 334 19
374 373 19
374 375 4
375 374 4
375 376 8
375 415 18
376 336 9
376 375 8
376 377 13
377 376 13
377 378 16
377 417 15
378 338 13
378 377 16
378 379 14
379 378 14
379 419 2
380 340 2
381 421 19
382 342 13
382 383 1
383 382 1
383 384 16
383 423 8
384 344 13
384 383 16
384 385 11
385 384 11
385 386 1
385 425 16
386 385 1
386 387 16
387 386 16
387 388 17
387 427 7
388 387 17
388 389 4
389 388 4
389 390 12
389 429 15
390 350 16
390 389 12
391 392 13
391 431 9
392 352 1
392 391 13
392 393 8
393 392 8
393 394 14
393 433 16
394 354 4
394 393 14
394 395 8
395 394 8
395 396 15
395 435 12
396 356 4
396 395 15
396 397 9
397 396 9
397 398 5
397 437 11
398 397 5
398 399 4
399 398 4
399 439 14
400 401 8
400 440 7
401 361 16
401 400 8
402 403 10
402 442 1
403 363 11
403 402 10
404 444 18
405 406 6
406 405 6
406 407 11
406 446 2
407 367 13
407 406 11
407 408 9
408 407 9
408 409 13
408 448 19
409 408 13
409 410 11
410 409 11
410 411 19
410 450 3
411 371 1
411 410 19
411 412 12
412 411 12
412 413 18
412 452 17
413 373 1
413 412 18
413 414 7
414 413 7
414 415 11
414 454 3
415 375 18
415 414 11
415 416 8
416 415 8
416 417 11
417 377 15
417 416 11
418 419 14
418 458 2
419 379 2
419 418 14
419 420 7
420 419 7
420 421 12
420 460 4
421 381 19
421 420 12
421 422 9
422 421 9
422 423 7
422 462 3
423 383 8
423 422 7
423 424 15
424 423 15
424 425 14
425 385 16
425 424 14
425 426 1
426 425 1
426 427 11
426 466 1
427 387 7
427 426 11
427 428 19
428 427 19
428 429 17
428 468 1
429 389 15
429 428 17
429 430 2
430 429 2
430 431 9
430 470 18
431 391 9
431 430 9
431 432 4
432 431 4
432 433 18
433 393 16
433 432 18
434 435 7
434 474 11
435 395 12
435 434 7
435 436 11
436 435 11
436 437 16
437 397 11
437 436 16
438 439 2
438 478 6
439 399 14
439 438 2
440 400 7
440 441 17
441 440 17
441 442 12
441 481 11
442 402 1
442 441 12
442 443 2
443 442 2
443 444 10
443 483 16
444 404 18
444 443 10
444 445 17
445 444 17
445 446 9
445 485 16
446 406 2
446 445 9
446 447 8
447 446 8
447 448 1
447 487 9
448 408 19
448 447 1
448 449 7
449 448 7
449 450 1
450 410 3
450 449 1
450 451 8
451 450 8
451 452 18
451 491 2
452 412 17
452 451 18
452 453 1
453 452 1
453 454 15
453 493 13
454 414 3
454 453 15
454 455 18
455 454 18
455 456 15
455 495 17
456 455 15
456 457 13
457 456 13
457 458 14
457 497 14
458 418 2
458 457 14
458 459 2
459 458 2
459 460 13
459 499 1
460 420 4
460 459 13
460 461 6
461 460 6
461 462 5
461 501 15
462 422 3
462 461 5
462 463 8
463 462 8
463 464 5
463 503 15
464 463 5
464 465 1
465 464 1
465 466 9
465 505 18
466 426 1
466 465 9
466 467 6
467 466 6
467 468 14
467 507 6
468 428 1
468 467 14
468 469 16
469 468 16
469 470 15
469 509 8
470 430 18
470 469 15
470 471 7
471 470 7
471 472 16
472 471 16
472 473 10
473 472 10
473 474 18
473 513 10
474 434 11
474 473 18
475 476 11
475 515 6
476 475 11
476 477 3
477 476 3
477 478 18
477 517 7
478 438 6
478 477 18
478 479 10
479 478 10
479 519 2
480 481 4
480 520 11
481 441 11
481 480 4
481 482 11
482 481 11
482 483 6
482 522 13
483 443 16
483 482 6
483 484 3
484 483 3
484 485 3
484 524 5
485 445 16
485 484 3
486 487 15
486 526 13
487 447 9
487 486 15
487 488 15
488 487 15
488 528 11
489 490 4
490 489 4
490 491 6
490 530 2
491 451 2
491 490 6
491 492 1
492 491 1
492 493 5
492 532 2
493 453 13
493 492 5
493 494 15
494 493 15
494 495 9
494 534 4
495 455 17
495 494 9
495 496 14
496 495 14
496 497 12
496 536 16
497 457 14
497 496 12
497 498 9
498 497 9
498 499 7
498 538 3
499 459 1
499 498 7
499 500 12
500 499 12
500 501 10
500 540 12
501 461 15
501 500 10
501 502 6
502 501 6
502 503 9
502 542 11
503 463 15
503 502 9
504 505 1
504 544 16
505 465 18
505 504 1
505 506 7
506 505 7
506 507 3
506 546 1
507 467 6
507 506 3
507 508 1
508 507 1
508 509 7
508 548 9
509 469 8
509 508 7
509 510 4
510 509 4
510 511 11
510 550 19
511 510 11
511 512 8
512 511 8
512 552 5
513 473 10
513 514 4
514 513 4
514 515 17
514 554 1
515 475 6
515 514 17
516 517 1
516 556 1
517 477 7
517 516 1
517 518 3
518 517 3
518 519 17
518 558 10
519 479 2
519 518 17
520 480 11
520 521 2
521 520 2
521 522 13
521 561 13
522 482 13
522 521 13
522 523 5
523 522 5
523 524 18
523 563 6
524 484 5
524 523 18
524 525 9
525 524 9
525 565 7
526 486 13
526 527 14
527 526 14
527 528 8
528 488 11
528 527 8
528 529 10
529 528 10
529 530 2
529 569 18
530 490 2
530 529 2
531 532 3
531 571 10
532 492 2
532 531 3
532 533 15
533 532 15
533 534 9
534 494 4
534 533 9
534 535 16
535 534 16
535 536 11
535 575 15
536 496 16
536 535 11
536 537 16
537 536 16
537 538 3
538 498 3
538 537 3
538 539 3
539 538 3
539 579 12
540 500 12
541 542 4
541 581 16
542 502 11
542 541 4
542 543 7
543 542 7
543 544 16
543 583 12
544 504 16
544 543 16
544 545 1
545 544 1
545 546 16
545 585 16
546 506 1
546 545 16
546 547 16
547 546 16
547 548 1
548 508 9
548 547 1
548 549 13
549 548 13
549 550 9
549 589 12
550 510 19
550 549 9
550 551 10
551 550 10
551 552 13
551 591 4
552 512 5
552 551 13
552 553 7
553 552 7
553 554 1
553 593 5
554 514 1
554 553 1
554 555 14
555 554 14
555 556 7
555 595 1
556 516 1
556 555 7
556 557 15
557 556 15
557 558 10
557 597 13
558 518 10
558 557 10
558 559 2
559 558 2
559 599 11
560 561 18
560 600 9
561 521 13
561 560 18
561 562 13
562 561 13
562 563 7
562 602 7
563 523 6
563 562 7
563 564 1
564 563 1
564 565 12
564 604 17
565 525 7
565 564 12
565 566 11
566 565 11
566 567 12
566 606 10
567 566 12
567 568 17
568 567 17
568 608 5
569 529 18
569 570 2
570 569 2
570 610 17
571 531 10
571 572 5
572 571 5
572 612 2
573 574 3
574 573 3
574 575 18
574 614 4
575 535 15
575 574 18
575 576 12
576 575 12
576 577 16
576 616 6
577 576 16
578 579 7
578 618 3
579 539 12
579 578 7
579 580 11
580 579 11
580 581 18
580 620 3
581 541 16
581 580 18
581 582 15
582 581 15
582 583 12
583 543 12
583 582 12
584 585 17
584 624 13
585 545 16
585 584 17
585 586 1
586 585 1
586 626 8
587 588 9
588 587 9
588 589 10
589 549 12
589 588 10
589 590 8
590 589 8
590 591 2
590 630 18
591 551 4
591 590 2
591 592 7
592 591 7
592 593 10
592 632 10
593 553 5
593 592 10
593 594 5
594 593 5
594 595 16
594 634 6
595 555 1
595 594 16
595 596 9
596 595 9
596 597 5
596 636 12
597 557 13
597 596 5
597 598 2
598 597 2
598 599 13
598 638 3
599 559 11
599 598 13
600 560 9
600 601 2
601 600 2
601 602 12
601 641 4
602 562 7
602 601 12
602 603 2
603 602 2
603 604 9
603 643 19
604 564 17
604 603 9
604 605 9
605 604 9
605 645 7
606 566 10
606 607 4
607 606 4
607 608 6
607 647 13
608 568 5
608 607 6
608 609 4
609 608 4
609 610 17
609 649 13
610 570 17
610 609 17
610 611 10
611 610 10
611 612 9
611 651 15
612 572 2
612 611 9
612 613 16
613 612 16
613 614 4
613 653 10
614 574 4
614 613 4
614 615 5
615 614 5
615 616 17
615 655 14
616 576 6
616 615 17
616 617 14
617 616 14
617 618 7
617 657 6
618 578 3
618 617 7
618 619 6
619 618 6
619 620 1
619 659 7
620 580 3
620 619 1
620 621 15
621 620 15
621 622 18
621 661 11
622 621 18
623 624 19
623 663 2
624 584 13
624 623 19
624 625 8
625 624 8
626 586 8
626 627 18
627 626 18
627 628 16
627 667 8
628 627 16
628 629 1
629 628 1
629 630 16
629 669 8
630 590 18
630 629 16
630 631 19
631 630 19
631 671 7
632 592 10
632 633 10
633 632 10
633 673 4
634 594 6
635 636 8
635 675 19
636 596 12
636 635 8
636 637 11
637 636 11
637 638 2
637 677 16
638 598 3
638 637 2
638 639 16
639 638 16
639 679 14
640 641 15
640 680 1
641 601 4
641 640 15
641 642 12
642 641 12
642 643 7
642 682 11
643 603 19
643 642 7
643 644 7
644 643 7
644 645 8
644 684 9
645 605 7
645 644 8
646 647 11
646 686 11
647 607 13
647 646 11
647 648 11
648 647 11
648 649 12
648 688 8
649 609 13
649 648 12
649 650 16
650 649 16
650 651 1
650 690 16
651 611 15
651 650 1
651 652 2
652 651 2
652 653 12
652 692 14
653 613 10
653 652 12
653 654 11
654 653 11
654 655 1
654 694 3
655 615 14
655 654 1
655 656 12
656 655 12
656 657 2
656 696 10
657 617 6
657 656 2
657 658 15
658 657 15
658 659 6
658 698 8
659 619 7
659 658 6
660 661 18
661 621 11
661 660 18
661 662 8
662 661 8
662 663 5
663 623 2
663 662 5
663 664 4
664 663 4
664 665 18
664 704 15
665 664 18
665 666 6
666 665 6
666 667 7
667 627 8
667 666 7
668 669 14
668 708 9
669 629 8
669 668 14
670 671 11
670 710 13
671 631 7
671 670 11
671 672 12
672 671 12
672 673 11
672 712 18
673 633 4
673 672 11
673 674 14
674 673 14
674 675 1
674 714 3
675 635 19
675 674 1
675 676 9
676 675 9
676 677 1
676 716 6
677 637 16
677 676 1
677 678 15
678 677 15
678 679 7
678 718 6
679 639 14
679 678 7
680 640 1
680 681 11
681 680 11
681 682 6
681 721 8
682 642 11
682 681 6
682 683 1
683 682 1
683 684 14
683 723 7
684 644 9
684 683 14
685 686 10
685 725 9
686 646 11
686 685 10
686 687 7
687 686 7
687 688 3
687 727 13
688 648 8
688 687 3
688 689 14
689 688 14
689 690 2
689 729 8
690 650 16
690 689 2
690 691 15
691 690 15
691 692 8
692 652 14
692 691 8
692 693 4
693 692 4
693 694 4
693 733 17
694 654 3
694 693 4
694 695 10
695 694 10
695 696 13
696 656 10
696 695 13
696 697 19
697 696 19
697 737 6
698 658 8
698 699 9
699 698 9
699 700 14
699 739 1
700 699 14
700 701 2
701 700 2
701 741 8
702 703 9
703 702 9
703 704 17
703 743 7
704 664 15
704 703 17
704 705 1
705 704 1
705 706 1
706 705 1
706 707 16
707 706 16
707 708 17
708 668 9
708 707 17
708 709 2
709 708 2
709 710 6
709 749 15
710 670 13
710 709 6
710 711 7
711 710 7
711 712 7
711 751 11
712 672 18
712 711 7
713 753 3
714 674 3
714 715 17
715 714 17
715 716 7
715 755 1
716 676 6
716 715 7
716 717 6
717 716 6
717 718 4
717 757 4
718 678 6
718 717 4
718 719 5
719 718 5
719 759 8
720 721 4
720 760 11
721 681 8
721 720 4
721 722 6
722 721 6
722 723 7
722 762 5
723 683 7
723 722 7
724 725 10
724 764 1
725 685 9
725 724 10
725 726 18
726 725 18
726 727 13
726 766 12
727 687 13
727 726 13
727 728 18
728 727 18
728 729 4
728 768 4
729 689 8
729 728 4
729 730 8
730 729 8
730 731 19
730 770 14
731 730 19
731 732 13
732 731 13
732 733 13
732 772 1
733 693 17
733 732 13
733 734 5
734 733 5
734 735 13
734 774 4
735 734 13
735 736 13
736 735 13
736 737 17
736 776 13
737 697 6
737 736 17
737 738 14
738 737 14
738 739 5
738 778 17
739 699 1
739 738 5
739 740 17
740 739 17
740 780 13
741 701 8
741 742 16
742 741 16
742 743 14
742 782 17
743 703 7
743 742 14
743 744 2
744 743 2
744 784 13
745 746 17
746 745 17
746 786 9
747 748 1
748 747 1
748 749 1
748 788 19
749 709 15
749 748 1
749 750 14
750 749 14
750 751 10
750 790 15
751 711 11
751 750 10
751 752 7
752 751 7
752 753 14
753 713 3
753 752 14
753 754 19
754 753 19
754 755 2
754 794 10
755 715 1
755 754 2
755 756 12
756 755 12
756 757 1
756 796 7
757 717 4
757 756 1
757 758 8
758 757 8
758 759 16
758 798 4
759 719 8
759 758 16
760 720 11
761 762 11
762 722 5
762 761 11
762 763 3
763 762 3
764 724 1
765 766 8
766 726 12
766 765 8
766 767 8
767 766 8
767 768 11
768 728 4
768 767 11
769 770 1
770 730 14
770 769 1
770 771 18
771 770 18
771 772 8
772 732 1
772 771 8
772 773 6
773 772 6
774 734 4
774 775 3
775 774 3
776 736 13
777 778 7
778 738 17
778 777 7
778 779 18
779 778 18
779 780 15
780 740 13
780 779 15
780 781 7
781 780 7
781 782 10
782 742 17
782 781 10
783 784 11
784 744 13
784 783 11
784 785 17
785 784 17
785 786 15
786 746 9
786 785 15
786 787 4
787 786 4
787 788 12
788 748 19
788 787 12
788 789 18
789 788 18
789 790 1
790 750 15
790 789 1
790 791 12
791 790 12
791 792 7
792 791 7
792 793 9
793 792 9
793 794 7
794 754 10
794 793 7
794 795 4
795 794 4
796 756 7
796 797 18
797 796 18
798 758 4
4 250 376 377 419 461 510 595 677 758
5 46 47 129 374 462 466 511 598 757
49 291 333 465 507 596 638 676 717 798
