390 964 1 390 14
1 2 9
2 1 9
2 3 1
3 2 1
3 30 18
4 5 6
5 4 6
5 6 13
6 5 13
6 7 1
7 6 1
7 8 3
7 34 13
8 7 3
8 9 6
9 8 6
9 10 12
10 9 12
10 11 7
11 10 7
11 12 9
11 38 14
12 11 9
12 13 11
13 12 11
13 14 10
13 40 5
14 13 10
14 15 9
15 14 9
15 16 12
15 42 2
16 15 12
16 17 2
17 16 2
17 18 14
17 44 9
18 17 14
18 19 1
19 18 1
19 20 19
20 19 19
21 22 11
21 48 9
22 21 11
22 23 1
23 22 1
23 24 15
24 23 15
24 25 11
25 24 11
25 26 7
26 25 7
26 27 13
27 26 13
27 54 18
28 29 1
29 28 1
29 30 5
29 57 10
30 3 18
30 29 5
30 31 19
31 30 19
32 33 13
33 32 13
33 34 8
33 61 18
34 7 13
34 33 8
34 35 8
35 34 8
35 36 12
35 63 8
36 35 12
36 37 6
37 36 6
37 38 14
37 65 18
38 11 14
38 37 14
38 39 5
39 38 5
39 40 7
39 67 12
40 13 5
40 39 7
40 41 17
41 40 17
41 42 4
41 69 18
42 15 2
42 41 4
42 43 9
43 42 9
43 44 16
43 71 18
44 17 9
44 43 16
44 45 9
45 44 9
45 46 9
45 73 19
46 45 9
46 47 8
47 46 8
47 48 1
47 75 1
48 21 9
48 47 1
48 49 17
49 48 17
49 50 5
49 77 18
50 49 5
50 51 11
51 50 11
51 52 19
52 51 19
52 53 9
53 52 9
53 54 17
54 27 18
54 53 17
54 55 4
55 54 4
55 83 6
56 57 7
56 84 2
57 29 10
57 56 7
57 58 12
58 57 12
58 59 16
58 86 17
59 58 16
59 60 9
60 59 9
60 88 18
61 33 18
61 62 3
62 61 3
62 63 2
62 90 5
63 35 8
63 62 2
64 65 3
64 92 14
65 37 18
65 64 3
65 66 6
66 65 6
66 67 5
66 94 17
67 39 12
67 66 5
67 68 2
68 67 2
68 69 1
68 96 14
69 41 18
69 68 1
69 70 16
70 69 16
70 71 10
70 98 11
71 43 18
71 70 10
71 72 15
72 71 15
72 73 8
72 100 7
73 45 19
73 72 8
73 74 12
74 73 12
74 75 2
75 47 1
75 74 2
75 76 1
76 75 1
76 77 4
76 104 6
77 49 18
77 76 4
77 78 10
78 77 10
78 106 13
79 80 3
80 79 3
80 81 17
80 108 11
81 80 17
81 82 9
82 81 9
82 83 7
82 110 12
83 55 6
83 82 7
84 56 2
85 86 16
86 58 17
86 85 16
86 87 7
87 86 7
87 115 13
88 60 18
88 89 18
89 88 18
89 90 2
89 117 12
90 62 5
90 89 2
90 91 9
91 90 9
91 92 13
91 119 7
92 64 14
92 91 13
92 93 13
93 92 13
93 94 13
93 121 19
94 66 17
94 93 13
94 95 12
95 94 12
95 96 6
95 123 9
96 68 14
96 95 6
96 97 3
97 96 3
97 98 11
97 125 18
98 70 11
98 97 11
99 100 18
99 127 9
100 72 7
100 99 18
100 101 18
101 100 18
101 102 9
101 129 1
102 101 9
102 103 8
103 102 8
103 104 2
103 131 1
104 76 6
104 103 2
104 105 10
105 104 10
105 106 4
105 133 4
106 78 13
106 105 4
106 107 14
107 106 14
107 108 11
107 135 15
108 80 11
108 107 11
108 109 16
109 108 16
109 110 17
109 137 5
110 82 12
110 109 17
110 111 7
111 110 7
111 139 8
112 113 1
112 140 6
113 112 1
113 114 6
114 113 6
114 115 11
114 142 13
115 87 13
115 114 11
116 117 18
116 144 16
117 89 12
117 116 18
117 118 17
118 117 17
118 119 16
118 146 3
119 91 7
119 118 16
119 120 7
120 119 7
120 121 8
120 148 9
121 93 19
121 120 8
121 122 5
122 121 5
122 123 16
122 150 3
123 95 9
123 122 16
124 125 1
124 152 17
125 97 18
125 124 1
125 126 16
126 125 16
126 127 1
127 99 9
127 126 1
127 128 7
128 127 7
128 129 17
128 156 3
129 101 1
129 128 17
129 130 17
130 129 17
131 103 1
131 132 9
132 131 9
132 133 3
132 160 6
133 105 4
133 132 3
133 134 11
134 133 11
134 135 11
134 162 5
135 107 15
135 134 11
135 136 11
136 135 11
136 137 11
137 109 5
137 136 11
137 138 5
138 137 5
138 139 6
138 166 10
139 111 8
139 138 6
140 112 6
140 141 14
141 140 14
142 114 13
142 143 2
143 142 2
143 144 17
143 171 15
144 116 16
144 143 17
144 145 8
145 144 8
145 146 1
145 173 3
146 118 3
146 145 1
146 147 9
147 146 9
147 148 3
148 120 9
148 147 3
148 149 16
149 148 16
149 150 8
149 177 19
150 122 3
150 149 8
150 151 16
151 150 16
151 152 17
151 179 1
152 124 17
152 151 17
152 153 14
153 152 14
153 154 8
153 181 18
154 153 8
154 155 13
155 154 13
155 156 18
155 183 17
156 128 3
156 155 18
157 158 10
157 185 17
158 157 10
158 159 15
159 158 15
159 160 10
159 187 13
160 132 6
160 159 10
160 161 13
161 160 13
161 162 10
161 189 9
162 134 5
162 161 10
163 164 4
163 191 16
164 163 4
164 165 9
165 164 9
165 166 15
165 193 6
166 138 10
166 165 15
166 167 16
167 166 16
167 195 1
168 169 6
168 196 15
169 168 6
169 170 9
170 169 9
170 171 6
170 198 5
171 143 15
171 170 6
171 172 9
172 171 9
172 173 13
172 200 12
173 145 3
173 172 13
174 175 1
174 202 13
175 174 1
175 176 18
176 175 18
176 177 1
177 149 19
177 176 1
177 178 1
178 177 1
178 206 17
179 151 1
179 180 13
180 179 13
180 181 1
181 153 18
181 180 1
182 183 2
182 210 16
183 155 17
183 182 2
184 185 15
184 212 16
185 157 17
185 184 15
185 186 8
186 185 8
186 214 16
187 159 13
187 188 9
188 187 9
188 189 3
189 161 9
189 188 3
189 190 13
190 189 13
190 191 8
190 218 2
191 163 16
191 190 8
191 192 7
192 191 7
192 193 12
193 165 6
193 192 12
193 194 11
194 193 11
194 195 18
194 222 1
195 167 1
195 194 18
196 168 15
196 197 5
197 196 5
197 225 5
198 170 5
198 199 18
199 198 18
199 200 3
199 227 15
200 172 12
200 199 3
200 201 8
201 200 8
201 202 7
201 229 9
202 174 13
202 201 7
203 204 3
203 231 6
204 203 3
204 205 7
205 204 7
205 233 14
206 178 17
206 207 19
207 206 19
207 208 11
207 235 13
208 207 11
208 209 15
209 208 15
209 210 13
209 237 4
210 182 16
210 209 13
210 211 1
211 210 1
211 239 7
212 184 16
212 213 7
213 212 7
213 214 12
213 241 18
214 186 16
214 213 12
214 215 13
215 214 13
215 216 4
216 215 4
216 217 10
217 216 10
217 218 5
217 245 12
218 190 2
218 217 5
218 219 4
219 218 4
219 220 3
219 247 12
220 219 3
220 221 16
221 220 16
221 222 11
221 249 9
222 194 1
222 221 11
222 223 9
223 222 9
223 251 11
224 225 10
224 252 2
225 197 5
225 224 10
225 226 18
226 225 18
226 227 17
226 254 16
227 199 15
227 226 17
227 228 4
228 227 4
228 229 16
228 256 17
229 201 9
229 228 16
229 230 10
230 229 10
230 231 2
230 258 14
231 203 6
231 230 2
231 232 7
232 231 7
232 260 16
233 205 14
233 234 13
234 233 13
234 235 1
234 262 16
235 207 13
235 234 1
235 236 2
236 235 2
236 237 2
236 264 18
237 209 4
237 236 2
237 238 15
238 237 15
238 239 1
238 266 6
239 211 7
239 238 1
239 240 7
240 239 7
240 268 16
241 213 18
241 242 1
242 241 1
242 270 16
243 244 9
244 243 9
244 245 1
244 272 7
245 217 12
245 244 1
245 246 8
246 245 8
246 247 6
246 274 18
247 219 12
247 246 6
247 248 3
248 247 3
248 249 1
248 276 17
249 221 9
249 248 1
249 250 17
250 249 17
250 278 10
251 223 11
252 224 2
252 253 14
253 252 14
253 254 1
254 226 16
254 253 1
254 255 10
255 254 10
256 228 17
256 257 2
257 256 2
257 258 14
258 230 14
258 257 14
258 259 1
259 258 1
259 260 18
259 287 11
260 232 16
260 259 18
260 261 6
261 260 6
261 262 13
261 289 4
262 234 16
262 261 13
263 264 2
263 291 11
264 236 18
264 263 2
264 265 9
265 264 9
265 266 1
265 293 12
266 238 6
266 265 1
266 267 1
267 266 1
267 268 11
268 240 16
268 267 11
268 269 18
269 268 18
269 270 8
269 297 18
270 242 16
270 269 8
270 271 4
271 270 4
271 272 3
271 299 14
272 244 7
272 271 3
272 273 2
273 272 2
273 274 3
273 301 11
274 246 18
274 273 3
274 275 5
275 274 5
275 276 2
276 248 17
276 275 2
276 277 6
277 276 6
277 278 14
277 305 15
278 250 10
278 277 14
278 279 3
279 278 3
279 307 8
280 281 16
280 308 2
281 280 16
281 282 13
282 281 13
282 283 18
282 310 19
283 282 18
283 284 13
284 283 13
284 285 8
285 284 8
286 287 12
286 314 1
287 259 11
287 286 12
287 288 10
288 287 10
288 289 5
288 316 1
289 261 4
289 288 5
289 290 14
290 289 14
290 291 19
290 318 18
291 263 11
291 290 19
291 292 19
292 291 19
292 293 4
293 265 12
293 292 4
293 294 10
294 293 10
294 295 1
294 322 12
295 294 1
295 296 9
296 295 9
296 297 7
296 324 11
297 269 18
297 296 7
297 298 15
298 297 15
299 271 14
299 300 4
300 299 4
301 273 11
301 302 15
302 301 15
302 303 13
302 330 18
303 302 13
303 304 6
304 303 6
304 332 9
305 277 15
305 306 14
306 305 14
306 307 18
306 334 1
307 279 8
307 306 18
308 280 2
309 310 6
309 337 7
310 282 19
310 309 6
310 311 18
311 310 18
311 312 6
311 339 15
312 311 6
312 313 15
313 312 15
313 314 1
313 341 3
314 286 1
314 313 1
314 315 14
315 314 14
315 316 4
315 343 18
316 288 1
316 315 4
316 317 3
317 316 3
317 318 5
317 345 18
318 290 18
318 317 5
318 319 15
319 318 15
319 320 8
319 347 13
320 319 8
320 321 13
321 320 13
321 322 18
321 349 8
322 294 12
322 321 18
322 323 6
323 322 6
323 324 19
323 351 3
324 296 11
324 323 19
324 325 14
325 324 14
325 326 16
325 353 12
326 325 16
326 327 11
327 326 11
327 328 2
327 355 7
328 327 2
328 329 3
329 328 3
329 357 3
330 302 18
330 331 4
331 330 4
331 359 3
332 304 9
332 333 2
333 332 2
333 334 3
333 361 6
334 306 1
334 333 3
334 335 2
335 334 2
335 363 13
336 337 14
336 364 3
337 309 7
337 336 14
337 338 18
338 337 18
338 339 14
338 366 7
339 311 15
339 338 14
339 340 15
340 339 15
340 341 12
340 368 4
341 313 3
341 340 12
341 342 13
342 341 13
342 343 2
342 370 7
343 315 18
343 342 2
343 344 14
344 343 14
344 345 9
344 372 19
345 317 18
345 344 9
345 346 18
346 345 18
347 319 13
347 348 3
348 347 3
348 349 11
348 376 11
349 321 8
349 348 11
349 350 1
350 349 1
350 351 18
350 378 6
351 323 3
351 350 18
351 352 2
352 351 2
352 353 18
352 380 10
353 325 12
353 352 18
353 354 4
354 353 4
354 355 5
354 382 14
355 327 7
355 354 5
355 356 4
356 355 4
356 357 12
357 329 3
357 356 12
357 358 4
358 357 4
358 359 4
358 386 8
359 331 3
359 358 4
359 360 7
360 359 7
360 361 17
360 388 14
361 333 6
361 360 17
362 363 12
362 390 4
363 335 13
363 362 12
364 336 3
364 365 9
365 364 9
365 366 14
366 338 7
366 365 14
366 367 15
367 366 15
367 368 17
368 340 4
368 367 17
368 369 10
369 368 10
370 342 7
370 371 17
371 370 17
371 372 12
372 344 19
372 371 12
373 374 9
374 373 9
374 375 18
375 374 18
375 376 8
376 348 11
376 375 8
376 377 6
377 376 6
377 378 11
378 350 6
378 377 11
378 379 16
379 378 16
379 380 5
380 352 10
380 379 5
380 381 9
381 380 9
382 354 14
382 383 7
383 382 7
384 385 9
385 384 9
385 386 15
386 358 8
386 385 15
386 387 2
387 386 2
388 360 14
388 389 8
389 388 8
389 390 15
390 362 4
390 389 15
11 38 319
17 30 204
31 255 334
46 138 143
48 89 349
50 190 200
54 213 275
55 323 384
87 205 278
103 169 172
140 224 283
146 288 344
157 181 366
222 316 348
