448 1084 1 448 2
1 30 8
2 3 18
3 2 18
3 4 18
4 3 18
4 5 16
5 4 16
5 6 15
5 34 19
6 5 15
6 7 11
7 6 11
7 36 12
8 9 7
9 8 7
9 10 4
10 9 4
10 11 1
11 10 1
11 12 10
12 11 10
12 13 2
13 12 2
13 14 13
14 13 13
14 15 8
15 14 8
15 16 8
15 44 7
16 15 8
16 17 10
17 16 10
17 18 11
17 46 3
18 17 11
18 19 10
19 18 10
19 20 16
19 48 6
20 19 16
20 21 13
21 20 13
21 22 11
22 21 11
22 23 15
23 22 15
23 24 10
23 52 5
24 23 10
24 25 19
25 24 19
25 26 12
25 54 2
26 25 12
26 27 2
27 26 2
27 28 11
27 56 13
28 27 11
28 29 7
29 28 7
29 58 7
30 1 8
30 31 1
31 30 1
31 32 10
31 61 15
32 31 10
32 33 18
33 32 18
33 34 16
33 63 11
34 5 19
34 33 16
34 35 2
35 34 2
35 36 12
35 65 1
36 7 12
36 35 12
36 37 5
37 36 5
37 38 12
37 67 2
38 37 12
38 39 9
39 38 9
39 40 6
39 69 13
40 39 6
40 41 19
41 40 19
41 42 6
41 71 18
42 41 6
42 43 7
43 42 7
43 44 2
43 73 17
44 15 7
44 43 2
44 45 7
45 44 7
45 46 18
45 75 15
46 17 3
46 45 18
46 47 4
47 46 4
47 48 9
47 77 2
48 19 6
48 47 9
48 49 3
49 48 3
49 50 16
50 49 16
50 51 7
51 50 7
51 52 18
52 23 5
52 51 18
52 53 5
53 52 5
53 54 16
54 25 2
54 53 16
54 55 1
55 54 1
55 56 7
56 27 13
56 55 7
56 57 8
57 56 8
57 58 13
57 87 2
58 29 7
58 57 13
58 59 4
59 58 4
59 89 11
60 61 14
60 90 15
61 31 15
61 60 14
61 62 17
62 61 17
62 63 8
62 92 13
63 33 11
63 62 8
63 64 16
64 63 16
64 65 1
64 94 16
65 35 1
65 64 1
65 66 9
66 65 9
66 67 1
66 96 3
67 37 2
67 66 1
68 69 18
68 98 17
69 39 13
69 68 18
69 70 11
70 69 11
70 100 17
71 41 18
71 72 13
72 71 13
72 73 11
72 102 8
73 43 17
73 72 11
73 74 2
74 73 2
74 75 10
75 45 15
75 74 10
76 77 19
76 106 4
77 47 2
77 76 19
77 78 9
78 77 9
78 79 4
78 108 15
79 78 4
79 80 6
80 79 6
80 81 14
81 80 14
81 82 7
82 81 7
82 83 4
82 112 12
83 82 4
83 84 7
84 83 7
84 85 3
84 114 3
85 84 3
85 86 4
86 85 4
86 116 7
87 57 2
87 88 2
88 87 2
88 118 14
89 59 11
90 60 15
90 91 17
91 90 17
91 121 8
92 62 13
92 93 19
93 92 19
93 123 17
94 64 16
94 95 4
95 94 4
95 96 15
95 125 5
96 66 3
96 95 15
96 97 5
97 96 5
97 98 9
97 127 10
98 68 17
98 97 9
98 99 4
99 98 4
99 100 7
99 129 12
100 70 17
100 99 7
100 101 15
101 100 15
101 102 16
102 72 8
102 101 16
102 103 15
103 102 15
103 104 18
103 133 14
104 103 18
104 105 5
105 104 5
105 106 17
105 135 18
106 76 4
106 105 17
106 107 13
107 106 13
107 108 2
107 137 10
108 78 15
108 107 2
108 109 14
109 108 14
109 110 11
109 139 14
110 109 11
110 111 12
111 110 12
111 112 18
112 82 12
112 111 18
113 114 3
113 143 16
114 84 3
114 113 3
114 115 15
115 114 15
115 116 6
115 145 7
116 86 7
116 115 6
116 117 15
117 116 15
117 147 15
118 88 14
118 119 8
119 118 8
119 149 6
120 121 4
120 150 7
121 91 8
121 120 4
121 122 18
122 121 18
122 152 9
123 93 17
123 124 1
124 123 1
124 125 14
125 95 5
125 124 14
125 126 6
126 125 6
126 127 3
127 97 10
127 126 3
127 128 9
128 127 9
128 129 12
128 158 15
129 99 12
129 128 12
129 130 2
130 129 2
130 131 18
130 160 7
131 130 18
131 132 4
132 131 4
132 133 11
132 162 18
133 103 14
133 132 11
133 134 14
134 133 14
134 135 2
134 164 19
135 105 18
135 134 2
135 136 18
136 135 18
136 137 7
136 166 15
137 107 10
137 136 7
137 138 1
138 137 1
138 168 2
139 109 14
139 140 15
140 139 15
140 141 6
140 170 4
141 140 6
141 142 8
142 141 8
142 143 10
142 172 10
143 113 16
143 142 10
143 144 8
144 143 8
144 145 2
144 174 7
145 115 7
145 144 2
145 146 5
146 145 5
146 147 1
146 176 5
147 117 15
147 146 1
147 148 3
148 147 3
148 149 9
148 178 18
149 119 6
149 148 9
150 120 7
150 151 10
151 150 10
151 152 12
151 181 9
152 122 9
152 151 12
152 153 6
153 152 6
153 154 9
153 183 13
154 153 9
154 155 15
155 154 15
155 156 17
155 185 7
156 155 17
156 157 17
157 156 17
157 158 1
157 187 3
158 128 15
158 157 1
158 159 5
159 158 5
159 160 11
160 130 7
160 159 11
160 161 19
161 160 19
162 132 18
163 164 19
163 193 19
164 134 19
164 163 19
164 165 1
165 164 1
165 166 14
165 195 11
166 136 15
166 165 14
166 167 4
167 166 4
167 197 18
168 138 2
168 169 3
169 168 3
169 199 7
170 140 4
170 171 5
171 170 5
171 172 17
171 201 2
172 142 10
172 171 17
172 173 14
173 172 14
173 174 13
173 203 5
174 144 7
174 173 13
174 175 8
175 174 8
175 176 4
175 205 18
176 146 5
176 175 4
176 177 8
177 176 8
177 178 7
178 148 18
178 177 7
179 209 11
180 181 2
181 151 9
181 180 2
181 182 8
182 181 8
182 183 8
182 212 4
183 153 13
183 182 8
183 184 13
184 183 13
184 185 15
184 214 4
185 155 7
185 184 15
185 186 18
186 185 18
186 187 2
186 216 17
187 157 3
187 186 2
187 188 1
188 187 1
188 189 10
188 218 16
189 188 10
189 190 14
190 189 14
190 191 17
191 190 17
191 192 7
192 191 7
193 163 19
193 194 1
194 193 1
194 195 5
194 224 10
195 165 11
195 194 5
195 196 11
196 195 11
196 197 19
196 226 5
197 167 18
197 196 19
197 198 16
198 197 16
198 199 3
198 228 11
199 169 7
199 198 3
199 200 13
200 199 13
200 201 14
200 230 6
201 171 2
201 200 14
201 202 18
202 201 18
202 232 12
203 173 5
203 204 16
204 203 16
204 205 15
204 234 12
205 175 18
205 204 15
205 206 12
206 205 12
206 207 16
206 236 9
207 206 16
207 208 13
208 207 13
208 209 15
208 238 1
209 179 11
209 208 15
210 211 14
211 210 14
211 212 16
212 182 4
212 211 16
213 214 18
213 243 1
214 184 4
214 213 18
214 215 3
215 214 3
215 245 19
216 186 17
216 217 4
217 216 4
217 247 6
218 188 16
218 219 8
219 218 8
219 249 12
220 221 7
221 220 7
221 251 7
222 223 2
223 222 2
223 224 3
223 253 7
224 194 10
224 223 3
224 225 16
225 224 16
225 226 2
225 255 14
226 196 5
226 225 2
227 257 14
228 198 11
228 229 8
229 228 8
229 230 14
230 200 6
230 229 14
230 231 6
231 230 6
231 232 11
231 261 16
232 202 12
232 231 11
232 233 6
233 232 6
233 234 12
233 263 5
234 204 12
234 233 12
234 235 10
235 234 10
235 236 8
236 206 9
236 235 8
236 237 18
237 236 18
237 267 11
238 208 1
238 239 15
239 238 15
239 269 12
240 241 6
240 270 17
241 240 6
241 242 1
242 241 1
242 243 18
242 272 19
243 213 1
243 242 18
243 244 10
244 243 10
244 274 12
245 215 19
245 246 6
246 245 6
246 276 15
247 217 6
247 248 3
248 247 3
248 249 11
249 219 12
249 248 11
250 280 6
251 221 7
251 252 13
252 251 13
252 253 15
252 282 9
253 223 7
253 252 15
253 254 13
254 253 13
255 225 14
255 256 12
256 255 12
256 257 18
256 286 12
257 227 14
257 256 18
257 258 2
258 257 2
258 259 12
259 258 12
259 260 1
260 259 1
260 261 3
260 290 2
261 231 16
261 260 3
261 262 3
262 261 3
262 263 6
262 292 9
263 233 5
263 262 6
263 264 1
264 263 1
264 265 16
264 294 7
265 264 16
265 266 2
266 265 2
266 267 4
266 296 12
267 237 11
267 266 4
268 269 18
268 298 16
269 239 12
269 268 18
270 240 17
271 272 10
271 301 1
272 242 19
272 271 10
272 273 11
273 272 11
273 274 3
273 303 7
274 244 12
274 273 3
274 275 11
275 274 11
275 276 17
275 305 10
276 246 15
276 275 17
276 277 18
277 276 18
277 278 14
277 307 15
278 277 14
278 279 16
279 278 16
279 280 13
280 250 6
280 279 13
280 281 19
281 280 19
282 252 9
282 283 7
283 282 7
283 284 17
283 313 10
284 283 17
284 285 6
285 284 6
285 286 19
285 315 4
286 256 12
286 285 19
286 287 16
287 286 16
287 288 12
287 317 16
288 287 12
288 289 5
289 288 5
290 260 2
290 291 17
291 290 17
291 292 6
291 321 2
292 262 9
292 291 6
293 294 8
293 323 19
294 264 7
294 293 8
294 295 13
295 294 13
295 296 1
295 325 16
296 266 12
296 295 1
297 327 6
298 268 16
298 299 7
299 298 7
299 329 4
300 301 6
300 330 10
301 271 1
301 300 6
301 302 17
302 301 17
302 303 3
303 273 7
303 302 3
304 305 1
304 334 16
305 275 10
305 304 1
305 306 2
306 305 2
306 307 4
306 336 15
307 277 15
307 306 4
307 308 12
308 307 12
308 309 17
309 308 17
309 310 4
310 309 4
310 311 9
310 340 12
311 310 9
311 312 8
312 311 8
312 342 2
313 283 10
313 314 5
314 313 5
314 315 2
315 285 4
315 314 2
315 316 13
316 315 13
316 317 2
316 346 3
317 287 16
317 316 2
317 318 1
318 317 1
318 319 3
318 348 13
319 318 3
320 321 13
320 350 19
321 291 2
321 320 13
321 322 9
322 321 9
322 323 15
322 352 1
323 293 19
323 322 15
324 354 17
325 295 16
325 326 15
326 325 15
326 327 6
326 356 18
327 297 6
327 326 6
327 328 9
328 327 9
328 329 13
328 358 5
329 299 4
329 328 13
330 300 10
331 361 14
332 333 1
333 332 1
333 334 13
333 363 1
334 304 16
334 333 13
334 335 6
335 334 6
335 336 1
335 365 9
336 306 15
336 335 1
337 338 3
337 367 5
338 337 3
338 339 7
339 338 7
339 340 2
340 310 12
340 339 2
340 341 14
341 340 14
341 342 11
341 371 11
342 312 2
342 341 11
342 343 7
343 342 7
343 344 3
343 373 9
344 343 3
344 345 9
345 344 9
345 346 18
345 375 2
346 316 3
346 345 18
346 347 13
347 346 13
347 348 7
347 377 12
348 318 13
348 347 7
348 349 4
349 348 4
349 350 7
350 320 19
350 349 7
351 352 12
352 322 1
352 351 12
352 353 10
353 352 10
353 354 9
353 383 11
354 324 17
354 353 9
354 355 15
355 354 15
355 356 5
356 326 18
356 355 5
356 357 16
357 356 16
357 387 1
358 328 5
358 359 1
359 358 1
359 389 18
360 390 3
361 331 14
361 362 10
362 361 10
362 363 2
363 333 1
363 362 2
363 364 5
364 363 5
364 365 6
364 394 15
365 335 9
365 364 6
365 366 4
366 365 4
366 367 9
366 396 11
367 337 5
367 366 9
367 368 1
368 367 1
368 369 2
368 398 7
369 368 2
369 370 12
370 369 12
370 371 1
370 400 7
371 341 11
371 370 1
371 372 10
372 371 10
372 373 12
372 402 16
373 343 9
373 372 12
373 374 19
374 373 19
374 375 15
374 404 2
375 345 2
375 374 15
375 376 16
376 375 16
376 377 3
376 406 1
377 347 12
377 376 3
377 378 12
378 377 12
379 380 15
380 379 15
380 381 17
380 410 1
381 380 17
382 412 18
383 353 11
383 384 9
384 383 9
384 414 11
385 386 11
386 385 11
386 387 15
386 416 5
387 357 1
387 386 15
387 388 9
388 387 9
388 389 12
388 418 12
389 359 18
389 388 12
390 360 3
390 391 12
391 390 12
391 392 5
391 420 10
392 391 5
392 393 2
393 392 2
393 422 3
394 364 15
394 395 1
395 394 1
395 396 9
395 424 7
396 366 11
396 395 9
396 397 10
397 396 10
397 398 14
397 426 3
398 368 7
398 397 14
398 399 12
399 398 12
399 400 1
399 428 16
400 370 7
400 399 1
400 401 19
401 400 19
401 402 3
401 430 15
402 372 16
402 401 3
402 403 1
403 402 1
403 404 2
403 432 17
404 374 2
404 403 2
404 405 17
405 404 17
405 406 7
405 434 9
406 376 1
406 405 7
406 407 6
407 406 6
407 408 4
407 436 18
408 407 4
408 409 16
409 408 16
409 410 3
409 438 17
410 380 1
410 409 3
410 411 14
411 410 14
411 412 2
411 440 8
412 382 18
412 411 2
412 413 15
413 412 15
413 414 9
413 442 17
414 384 11
414 413 9
415 416 12
415 444 6
416 386 5
416 415 12
416 417 1
417 416 1
417 446 4
418 388 12
418 419 5
419 418 5
419 448 3
420 391 10
420 421 15
421 420 15
422 393 3
422 423 10
423 422 10
423 424 1
424 395 7
424 423 1
424 425 4
425 424 4
425 426 9
426 397 3
426 425 9
426 427 13
427 426 13
427 428 14
428 399 16
428 427 14
428 429 15
429 428 15
429 430 5
430 401 15
430 429 5
430 431 1
431 430 1
431 432 9
432 403 17
432 431 9
433 434 9
434 405 9
434 433 9
434 435 13
435 434 13
435 436 17
436 407 18
436 435 17
436 437 14
437 436 14
437 438 8
438 409 17
438 437 8
438 439 7
439 438 7
439 440 2
440 411 8
440 439 2
440 441 8
441 440 8
441 442 14
442 413 17
442 441 14
443 444 15
444 415 6
444 443 15
444 445 11
445 444 11
445 446 16
446 417 4
446 445 16
446 447 11
447 446 11
448 419 3
142
149
