1248 1637 1 1248 41
1 2 16
1 50 14
2 3 1
3 52 7
4 5 13
5 6 12
6 7 8
7 8 2
7 56 19
8 9 15
9 10 1
9 58 18
10 11 5
11 12 19
11 60 17
12 13 1
13 14 17
14 15 7
15 16 18
15 64 17
16 17 16
17 18 16
17 66 14
18 19 1
19 20 5
19 68 10
20 21 16
21 22 16
21 70 2
22 23 1
23 72 15
24 25 15
25 26 15
25 74 3
26 27 17
27 76 3
28 29 5
29 30 1
29 78 8
30 31 8
31 80 18
32 33 9
33 34 18
33 82 15
34 35 19
35 36 5
35 84 19
36 37 2
37 38 14
37 86 10
38 39 12
39 40 5
41 42 16
42 43 6
43 92 16
44 45 12
45 46 4
45 94 13
46 47 12
47 48 12
47 96 13
48 49 13
49 98 8
50 51 10
51 52 13
51 101 14
52 53 15
53 54 12
53 103 11
54 55 4
55 56 13
55 105 18
56 57 6
57 58 17
57 107 12
58 59 2
59 60 17
59 109 16
60 61 19
61 62 18
61 111 9
63 64 2
63 113 17
65 66 14
65 115 13
66 67 2
67 68 18
67 117 11
68 69 15
69 70 2
69 119 16
70 71 15
71 72 17
71 121 18
72 73 4
73 74 18
73 123 7
75 76 6
75 125 10
76 77 5
77 78 10
77 127 4
78 79 3
79 80 5
79 129 14
80 81 6
81 82 16
81 131 11
82 83 6
83 84 18
84 85 5
85 86 1
85 135 18
86 87 7
87 137 11
88 89 5
89 90 2
89 139 12
90 91 18
91 92 15
91 141 1
92 93 15
93 94 4
93 143 15
94 95 16
95 96 1
95 145 6
97 147 15
98 99 18
99 149 10
100 101 13
100 150 8
101 102 7
102 103 3
102 152 14
103 104 15
104 105 5
104 154 14
105 106 14
106 107 13
106 156 9
107 108 1
108 109 1
108 158 3
109 110 4
110 111 14
110 160 7
111 112 11
112 113 18
112 162 8
113 114 17
114 115 1
114 164 18
115 116 17
116 117 7
116 166 13
118 119 5
118 168 9
120 121 1
120 170 18
121 122 6
122 123 6
123 124 15
124 125 5
124 174 17
125 126 1
126 127 16
126 176 7
127 128 9
128 129 15
128 178 11
129 130 15
130 131 13
130 180 1
131 132 16
132 133 7
132 182 11
133 134 11
134 135 7
134 184 4
135 136 13
136 137 15
136 186 7
137 138 19
138 139 6
138 188 10
139 140 2
140 141 16
140 190 14
141 142 11
142 143 16
142 192 7
144 145 12
144 194 5
146 196 10
147 148 10
148 149 13
148 198 16
150 151 6
151 152 18
152 153 2
153 154 16
153 203 16
154 155 16
155 156 5
155 205 3
156 157 5
157 158 12
157 207 3
158 159 1
159 160 9
159 209 2
160 161 13
161 162 19
161 211 14
162 163 11
163 164 9
163 213 17
165 166 2
165 215 18
167 217 14
168 169 15
169 170 3
169 219 19
170 171 7
171 172 1
171 221 17
173 174 16
173 223 15
174 175 18
175 176 1
175 225 12
176 177 15
177 178 7
177 227 8
178 179 1
179 180 7
179 229 11
180 181 3
181 182 13
181 231 3
182 183 12
183 184 5
183 233 12
184 185 12
185 186 6
185 235 13
186 187 17
187 188 11
187 237 16
188 189 4
189 190 18
189 239 15
190 191 15
191 241 9
192 193 4
193 194 6
193 243 16
195 196 9
195 245 13
196 197 15
197 247 4
198 199 1
199 249 8
200 201 9
200 250 1
201 202 16
202 203 1
202 252 3
203 204 15
204 205 12
204 254 4
205 206 8
206 207 12
206 256 6
207 208 17
208 209 14
208 258 17
209 210 14
210 211 1
210 260 18
211 212 10
212 213 18
212 262 4
213 214 4
214 215 17
214 264 3
215 216 13
216 217 12
216 266 2
217 218 14
218 219 15
218 268 18
219 220 10
220 221 10
220 270 2
221 222 3
222 223 4
222 272 5
223 224 8
224 225 2
224 274 5
225 226 16
226 227 1
226 276 5
227 228 19
228 229 2
228 278 5
229 230 16
230 231 10
230 280 3
231 232 9
232 233 7
232 282 19
233 234 6
234 235 13
234 284 2
235 236 6
236 237 1
236 286 5
238 239 6
238 288 9
239 240 12
240 241 3
240 290 16
241 242 15
242 243 13
242 292 12
243 244 13
244 245 17
244 294 12
245 246 7
246 247 16
246 296 2
247 248 6
248 249 11
248 298 17
250 251 6
251 252 2
251 301 19
252 253 17
253 254 6
253 303 4
254 255 13
255 256 7
255 305 7
257 258 12
257 307 18
258 259 14
259 260 18
259 309 15
260 261 7
261 262 17
261 311 5
262 263 17
263 264 12
263 313 3
264 265 1
265 315 12
266 267 19
267 268 3
267 317 12
268 269 10
269 270 2
270 271 8
271 272 18
271 321 9
272 273 18
273 274 19
273 323 7
274 275 9
275 276 11
275 325 13
276 277 4
277 278 16
277 327 19
278 279 1
279 280 1
279 329 12
280 281 14
281 331 4
282 283 10
283 284 2
283 333 3
284 285 15
285 286 8
285 335 7
286 287 3
287 288 18
287 337 1
288 289 11
289 290 12
289 339 11
290 291 6
291 292 9
291 341 4
292 293 4
293 294 6
293 343 1
294 295 4
295 296 11
295 345 9
296 297 15
297 298 2
297 347 19
298 299 18
299 349 5
300 301 18
300 350 6
301 302 8
302 303 8
302 352 19
303 304 5
304 305 8
304 354 6
305 306 4
306 307 2
308 309 13
308 358 19
309 310 6
310 311 12
310 360 7
311 312 4
312 313 2
312 362 5
313 314 2
314 315 12
314 364 6
315 316 19
316 317 11
316 366 9
317 318 15
318 319 15
319 320 11
320 321 12
320 370 16
322 323 10
322 372 17
323 324 4
324 325 12
324 374 10
325 326 14
326 327 3
326 376 12
327 328 19
328 329 9
328 378 10
329 330 18
330 331 1
330 380 9
331 332 4
332 333 17
332 382 14
334 335 16
334 384 17
335 336 11
336 337 11
337 338 18
338 339 8
338 388 3
339 340 18
340 341 13
340 390 4
341 342 6
343 344 19
344 345 14
344 394 5
345 346 11
346 347 12
346 396 6
347 348 6
348 349 14
348 398 10
350 351 10
351 352 5
351 401 3
352 353 18
353 354 2
354 355 5
355 356 17
355 405 2
356 357 1
357 358 10
357 407 2
358 359 14
359 360 13
360 361 16
361 362 14
361 411 12
362 363 9
363 364 18
363 413 17
364 365 1
365 366 15
366 367 11
367 368 9
367 417 15
369 370 16
369 419 10
370 371 8
371 372 9
371 421 13
373 374 9
373 423 8
374 375 10
375 376 1
375 425 15
376 377 8
377 378 8
377 427 2
378 379 8
379 380 7
381 382 18
381 431 19
383 384 7
383 433 5
385 386 15
385 435 14
386 387 12
387 437 12
388 389 18
389 390 11
389 439 5
390 391 14
391 392 1
391 441 2
392 393 12
393 394 18
394 395 17
395 396 3
395 445 3
396 397 5
397 398 2
397 447 14
398 399 10
400 450 16
401 402 10
402 403 16
403 404 16
404 405 3
404 454 10
405 406 12
406 407 10
406 456 8
407 408 9
408 409 9
408 458 12
409 410 7
410 411 6
410 460 2
411 412 4
412 413 1
412 462 16
413 414 8
414 415 3
414 464 1
415 416 17
416 417 9
416 466 10
417 418 3
418 419 16
420 421 5
420 470 9
421 422 6
422 423 15
422 472 12
423 424 1
424 425 11
425 426 10
426 427 5
426 476 15
427 428 14
428 429 9
428 478 5
429 430 8
430 431 18
430 480 19
431 432 4
432 433 9
432 482 16
433 434 9
434 435 11
434 484 10
435 436 9
436 437 17
436 486 10
437 438 14
438 439 12
438 488 17
439 440 17
440 441 13
440 490 18
441 442 3
442 443 17
442 492 15
443 444 19
444 445 8
444 494 9
445 446 9
446 496 1
447 448 15
448 449 15
448 498 2
450 451 1
451 452 13
451 501 2
452 453 17
453 454 17
453 503 12
454 455 3
455 505 17
456 457 4
457 458 6
457 507 19
458 459 1
459 460 16
459 509 15
460 461 15
461 462 15
461 511 3
462 463 10
463 464 8
463 513 4
464 465 1
465 466 13
465 515 19
466 467 16
467 517 13
468 469 1
469 470 3
469 519 1
470 471 1
471 472 4
471 521 11
472 473 2
473 474 17
473 523 18
475 476 10
475 525 15
476 477 7
477 478 18
477 527 5
478 479 6
479 480 5
479 529 18
480 481 7
481 482 13
481 531 6
482 483 5
483 533 14
484 485 1
485 486 3
486 487 6
487 488 8
487 537 17
488 489 6
489 490 8
489 539 18
490 491 6
491 492 3
491 541 3
492 493 9
493 494 7
493 543 11
494 495 3
495 496 3
495 545 6
496 497 16
497 498 17
497 547 3
498 499 12
499 549 7
500 501 2
500 550 13
501 502 12
502 503 2
502 552 8
504 505 18
504 554 14
505 506 19
506 507 18
506 556 19
507 508 10
508 509 15
508 558 15
509 510 13
510 511 14
510 560 1
511 512 7
512 513 13
512 562 13
513 514 15
514 515 5
514 564 10
516 566 12
517 518 13
518 519 18
518 568 11
519 520 1
520 521 9
520 570 17
522 523 7
523 524 2
524 525 1
524 574 11
525 526 12
526 527 13
526 576 9
527 528 8
528 529 12
528 578 5
530 531 3
530 580 4
531 532 15
532 533 10
534 535 15
534 584 2
535 536 7
536 537 17
536 586 10
538 539 8
538 588 4
539 540 18
540 541 12
540 590 5
542 543 18
542 592 16
543 544 10
544 545 14
544 594 15
545 546 1
546 547 6
546 596 1
547 548 14
548 549 7
548 598 5
550 551 4
551 552 14
551 601 17
552 553 17
553 554 10
553 603 4
554 555 3
555 556 3
555 605 8
556 557 4
557 558 18
557 607 18
558 559 1
559 560 1
559 609 14
560 561 4
561 562 9
561 611 6
562 563 4
563 564 17
565 566 8
566 567 19
567 568 8
567 617 16
569 570 17
569 619 8
570 571 5
571 621 15
572 573 12
573 574 10
573 623 10
574 575 12
575 576 12
575 625 12
576 577 2
577 578 10
578 579 7
579 580 12
579 629 14
580 581 14
581 582 8
581 631 9
582 583 16
583 584 5
584 585 8
585 586 12
586 587 11
587 588 17
587 637 4
588 589 5
589 639 14
590 591 9
591 592 10
591 641 8
592 593 5
593 594 3
593 643 17
595 596 1
595 645 6
596 597 15
597 598 8
597 647 16
598 599 6
599 649 9
600 601 17
600 650 4
601 602 17
602 652 6
603 604 4
604 605 6
604 654 9
605 606 1
606 607 1
606 656 17
607 608 4
608 609 11
609 610 10
610 611 4
610 660 18
612 613 4
612 662 14
613 614 9
614 615 5
614 664 3
615 616 12
616 617 18
616 666 7
617 618 3
618 619 13
619 620 4
620 621 12
620 670 10
621 622 3
622 623 1
622 672 10
624 625 1
624 674 18
625 626 17
626 627 1
626 676 9
627 628 12
628 629 1
628 678 6
629 630 13
630 631 19
630 680 12
631 632 8
632 633 13
632 682 15
633 634 4
634 635 2
634 684 17
635 636 6
636 686 16
637 638 19
638 639 13
638 688 5
639 640 11
640 641 14
640 690 10
641 642 9
642 643 10
642 692 9
643 644 13
644 645 13
644 694 8
645 646 18
646 647 16
646 696 15
647 648 18
648 649 8
648 698 18
650 651 16
651 652 13
651 701 8
652 653 8
653 654 5
653 703 16
654 655 9
655 656 4
655 705 1
656 657 9
657 658 12
657 707 17
658 659 9
659 660 4
659 709 14
661 662 13
661 711 19
662 663 1
663 664 16
664 665 16
665 666 14
665 715 2
666 667 14
667 668 1
667 717 11
668 669 11
669 670 16
669 719 6
671 672 13
672 673 1
673 674 4
673 723 14
674 675 14
675 725 2
677 678 10
677 727 13
678 679 8
679 680 5
679 729 12
680 681 11
681 682 17
681 731 5
682 683 4
683 684 7
684 685 3
685 686 15
685 735 7
686 687 13
687 688 15
687 737 2
688 689 18
689 690 13
689 739 18
690 691 19
691 692 2
691 741 1
692 693 9
693 743 1
694 695 5
695 745 15
696 697 9
697 747 8
698 699 11
699 749 6
700 750 9
701 702 12
702 703 6
702 752 4
703 704 5
704 705 2
704 754 18
705 706 18
706 707 7
706 756 7
707 708 13
708 709 11
708 758 18
709 710 10
710 711 7
710 760 9
711 712 12
712 713 14
712 762 9
713 714 10
714 715 17
714 764 8
715 716 16
716 717 15
716 766 3
717 718 13
718 719 1
718 768 3
719 720 2
720 721 2
720 770 5
722 772 5
724 725 9
724 774 3
725 726 9
726 776 7
727 728 10
728 729 18
728 778 4
729 730 15
730 731 12
730 780 2
731 732 11
732 733 12
732 782 8
733 734 14
734 735 1
734 784 14
735 736 1
736 737 3
736 786 15
737 738 19
738 739 14
738 788 19
739 740 10
740 741 16
740 790 2
741 742 11
742 743 1
742 792 17
743 744 15
744 745 8
744 794 4
745 746 4
746 747 11
746 796 19
747 748 12
748 749 16
748 798 7
750 751 4
751 752 15
751 801 3
752 753 10
753 754 12
753 803 18
755 756 9
755 805 7
756 757 12
757 758 9
757 807 15
758 759 3
759 760 17
760 761 12
761 762 6
762 763 13
763 764 16
763 813 19
764 765 10
765 766 4
765 815 13
766 767 12
767 768 2
767 817 18
768 769 1
769 770 14
769 819 10
770 771 7
771 772 5
771 821 11
772 773 6
773 774 9
773 823 12
774 775 12
775 776 12
775 825 18
777 778 5
777 827 5
778 779 1
779 780 7
779 829 19
781 782 17
781 831 9
782 783 2
783 833 8
784 785 1
785 786 3
785 835 2
786 787 14
787 788 17
787 837 15
788 789 3
789 790 3
789 839 10
790 791 8
791 792 8
791 841 3
792 793 6
793 794 14
793 843 2
794 795 14
795 796 12
795 845 6
796 797 13
797 798 7
797 847 2
798 799 15
800 850 15
801 802 17
802 803 8
803 804 3
804 805 17
804 854 2
805 806 18
806 807 3
806 856 18
807 808 6
808 858 18
809 810 2
810 811 8
810 860 13
812 813 16
812 862 13
814 815 14
814 864 12
816 866 6
817 818 7
818 819 2
818 868 13
819 820 10
820 821 13
820 870 5
821 822 12
822 823 14
822 872 2
823 824 16
824 825 1
824 874 5
825 826 4
826 827 10
826 876 2
827 828 8
828 829 1
828 878 17
829 830 6
830 831 6
830 880 1
831 832 9
832 833 1
832 882 17
833 834 16
834 835 15
834 884 11
835 836 11
836 837 10
836 886 2
837 838 1
838 888 4
839 840 8
840 841 2
840 890 1
841 842 12
842 843 16
842 892 14
843 844 4
844 845 17
844 894 12
845 846 1
846 896 15
847 848 4
848 849 6
848 898 13
850 851 12
851 852 3
851 901 8
852 853 16
853 854 1
853 903 19
854 855 11
855 856 17
855 905 7
856 857 17
857 858 12
857 907 19
858 859 18
859 860 15
859 909 19
860 861 7
861 862 16
861 911 9
862 863 17
863 864 6
863 913 11
864 865 11
865 866 5
865 915 9
867 868 5
867 917 11
868 869 6
869 870 6
869 919 1
870 871 6
871 872 2
871 921 9
872 873 1
873 874 2
873 923 5
874 875 5
875 876 7
875 925 6
876 877 9
877 878 6
877 927 5
878 879 8
879 880 17
879 929 18
880 881 4
881 882 4
881 931 1
882 883 7
883 884 13
883 933 19
884 885 7
885 886 1
885 935 11
886 887 15
887 888 16
887 937 18
889 890 7
889 939 1
891 892 14
891 941 5
892 893 9
893 894 12
893 943 11
894 895 2
895 896 14
895 945 11
896 897 13
897 898 15
898 899 5
900 901 12
900 950 14
901 902 7
902 903 9
902 952 7
903 904 16
904 905 8
904 954 9
905 906 3
906 907 14
906 956 8
907 908 7
908 958 3
910 911 12
910 960 18
911 912 19
912 962 17
913 914 11
914 915 8
914 964 13
915 916 15
916 966 7
917 918 17
918 919 1
918 968 5
920 921 12
922 923 16
922 972 17
923 924 6
924 925 10
924 974 17
925 926 8
926 927 4
926 976 2
927 928 4
928 929 8
928 978 7
929 930 4
930 931 7
930 980 8
931 932 5
932 982 2
933 934 13
934 935 6
934 984 5
935 936 13
936 986 17
938 988 2
939 940 6
940 990 11
941 942 19
942 943 1
942 992 9
943 944 10
944 945 11
944 994 6
945 946 8
946 947 18
946 996 10
947 948 17
948 949 2
950 951 1
951 952 16
951 1001 19
952 953 16
953 954 16
953 1003 13
954 955 5
955 956 18
955 1005 2
956 957 4
957 958 16
957 1007 8
958 959 8
959 1009 10
960 961 7
961 962 15
961 1011 7
962 963 5
963 964 14
963 1013 4
964 965 3
965 966 6
965 1015 18
966 967 2
967 968 18
967 1017 11
968 969 14
969 970 7
969 1019 18
970 971 18
971 972 5
971 1021 13
972 973 7
973 974 18
973 1023 10
974 975 13
975 976 1
975 1025 17
976 977 10
977 978 13
977 1027 12
978 979 1
979 980 18
979 1029 1
980 981 15
981 982 4
981 1031 10
982 983 16
983 984 8
983 1033 5
984 985 1
985 986 1
985 1035 15
986 987 16
987 988 5
987 1037 8
988 989 15
989 1039 14
990 991 12
991 992 19
991 1041 4
992 993 13
993 994 4
993 1043 19
994 995 3
995 996 3
995 1045 16
997 998 9
997 1047 19
998 999 1
999 1049 1
1000 1001 3
1000 1050 9
1002 1003 15
1002 1052 8
1003 1004 11
1004 1005 14
1004 1054 16
1005 1006 15
1006 1007 10
1006 1056 2
1008 1009 10
1008 1058 3
1009 1010 14
1010 1011 10
1010 1060 11
1011 1012 16
1012 1013 3
1012 1062 8
1013 1014 18
1014 1015 17
1014 1064 19
1016 1017 1
1016 1066 18
1017 1018 1
1018 1019 14
1018 1068 2
1019 1020 8
1020 1021 2
1021 1022 6
1022 1023 11
1022 1072 12
1023 1024 7
1024 1025 10
1024 1074 10
1025 1026 12
1026 1027 14
1026 1076 10
1027 1028 2
1028 1078 13
1029 1030 15
1030 1031 10
1031 1032 14
1032 1033 17
1032 1082 6
1033 1034 4
1034 1035 18
1035 1036 17
1036 1037 5
1037 1038 7
1038 1039 9
1039 1040 15
1040 1041 1
1040 1090 7
1041 1042 8
1042 1043 8
1042 1092 16
1043 1044 13
1044 1045 13
1044 1094 19
1045 1046 6
1046 1047 16
1046 1096 15
1048 1049 7
1048 1098 10
1050 1051 13
1051 1052 2
1051 1101 14
1052 1053 3
1053 1054 6
1053 1103 5
1054 1055 2
1055 1056 19
1055 1105 5
1056 1057 5
1058 1059 3
1059 1060 1
1059 1109 9
1060 1061 3
1061 1062 7
1061 1111 7
1062 1063 13
1063 1064 11
1063 1113 18
1064 1065 8
1065 1066 9
1065 1115 16
1066 1067 3
1067 1117 2
1068 1069 18
1069 1070 4
1069 1119 19
1070 1071 8
1071 1072 6
1071 1121 7
1072 1073 18
1073 1074 5
1073 1123 11
1074 1075 2
1075 1076 7
1075 1125 9
1076 1077 5
1077 1127 7
1079 1080 18
1079 1129 8
1080 1081 18
1081 1082 2
1083 1084 11
1083 1133 3
1084 1085 1
1085 1086 2
1085 1135 14
1086 1087 4
1087 1088 4
1088 1089 12
1089 1090 15
1089 1139 19
1091 1141 7
1092 1093 10
1093 1094 2
1093 1143 1
1094 1095 15
1095 1096 13
1096 1097 1
1097 1098 11
1097 1147 18
1098 1099 18
1099 1149 3
1100 1101 8
1100 1150 13
1101 1102 5
1102 1103 17
1102 1152 9
1103 1104 4
1104 1105 5
1104 1154 16
1106 1107 7
1106 1156 17
1107 1108 7
1108 1109 17
1108 1158 10
1109 1110 15
1110 1111 1
1110 1160 16
1112 1113 1
1112 1162 15
1113 1114 10
1114 1115 15
1114 1164 1
1115 1116 10
1116 1117 1
1116 1166 17
1117 1118 14
1118 1119 8
1118 1168 9
1119 1120 6
1120 1170 18
1121 1122 1
1122 1123 10
1122 1172 4
1123 1124 17
1124 1125 11
1124 1174 12
1125 1126 12
1126 1176 7
1127 1128 2
1128 1129 17
1128 1178 4
1129 1130 18
1130 1131 11
1130 1180 11
1131 1132 16
1132 1133 4
1132 1182 11
1133 1134 18
1134 1135 8
1134 1184 11
1135 1136 3
1136 1137 17
1136 1186 12
1137 1138 3
1138 1139 6
1138 1188 7
1139 1140 1
1140 1141 10
1140 1190 15
1141 1142 19
1142 1143 9
1142 1192 7
1143 1144 12
1144 1194 19
1145 1146 16
1146 1147 13
1146 1196 11
1148 1149 15
1148 1198 10
1150 1151 13
1153 1154 4
1153 1202 6
1155 1156 2
1155 1204 18
1156 1157 1
1157 1158 1
1157 1206 11
1158 1159 18
1159 1160 18
1159 1208 4
1160 1161 13
1161 1162 15
1161 1210 15
1162 1163 6
1163 1212 13
1164 1165 6
1165 1166 4
1165 1214 7
1166 1167 11
1167 1168 1
1167 1216 19
1168 1169 18
1169 1170 14
1169 1218 16
1171 1172 11
1171 1220 12
1173 1174 11
1173 1222 10
1174 1175 9
1175 1176 9
1175 1224 9
1176 1177 3
1177 1178 2
1177 1226 9
1179 1180 17
1179 1228 13
1181 1182 14
1181 1230 12
1182 1183 15
1183 1184 18
1183 1232 12
1184 1185 12
1185 1186 1
1185 1234 1
1186 1187 2
1187 1236 8
1188 1189 4
1189 1190 1
1189 1238 13
1190 1191 5
1191 1192 5
1191 1240 8
1192 1193 13
1193 1194 4
1194 1195 6
1195 1196 6
1195 1244 12
1196 1197 7
1197 1198 8
1197 1246 15
1198 1199 10
1199 1248 4
1200 1201 11
1201 1202 6
1202 1203 7
1203 1204 10
1204 1205 11
1205 1206 16
1207 1208 5
1208 1209 4
1209 1210 3
1210 1211 6
1211 1212 14
1213 1214 8
1214 1215 7
1215 1216 14
1216 1217 11
1217 1218 13
1218 1219 11
1219 1220 13
1220 1221 10
1221 1222 18
1222 1223 19
1223 1224 2
1224 1225 15
1225 1226 1
1226 1227 9
1227 1228 4
1228 1229 16
1229 1230 10
1230 1231 6
1231 1232 15
1232 1233 10
1233 1234 18
1234 1235 1
1235 1236 5
1236 1237 3
1237 1238 5
1238 1239 15
1239 1240 14
1240 1241 13
1242 1243 18
1243 1244 9
1244 1245 11
1245 1246 9
1246 1247 18
1247 1248 2
7 261 282 728 795
8 615 648 1101 1131
26 70 255 583 930
29 559 949 1139 1145
39 97 1079 1105 1203
48 312 622 624 1036
64 401 567 674 1013
73 132 226 363 464
74 281 743 1064 1090
83 199 339 607 875
89 103 250 438 534
95 352 1122 1209 1237
105 185 727 979 1113
110 238 807 955 1027
121 231 550 845 850
125 385 424 637 944
134 563 859 982 1104
140 301 428 683 919
150 539 998 1187 1210
157 193 532 888 1213
168 813 815 836 902
169 489 672 1082 1173
186 263 462 1035 1047
189 285 790 831 857
192 247 262 287 520
232 553 752 776 797
244 409 792 821 894
248 456 826 976 1063
258 320 445 610 714
259 397 556 742 945
265 493 515 938 1151
271 391 392 529 1157
276 454 1071 1075 1169
309 634 656 1020 1174
322 800 865 932 977
332 633 673 931 1110
342 613 808 1002 1184
371 654 666 736 778
452 505 533 1030 1072
480 581 621 701 1060
485 543 604 967 1206
