720 900 1 720 3
1 2 5
1 38 12
3 4 15
3 40 16
4 5 8
5 6 15
5 42 12
6 7 15
7 44 17
8 9 10
9 10 14
9 46 5
10 11 3
11 48 1
12 13 6
13 14 2
13 50 11
14 15 7
15 16 5
15 52 2
16 17 11
17 18 4
17 54 16
18 19 5
19 20 9
19 56 6
20 21 3
21 22 6
21 58 17
23 24 15
23 60 10
24 25 18
25 26 9
25 62 12
26 27 8
27 28 16
27 64 18
28 29 3
29 30 9
29 66 11
31 32 5
31 68 8
32 33 7
33 34 5
33 70 14
34 35 19
35 36 3
37 74 13
38 39 1
39 40 18
39 77 7
40 41 4
41 42 17
41 79 17
42 43 2
43 44 2
43 81 18
44 45 14
47 48 2
47 85 7
48 49 4
49 50 2
49 87 8
50 51 18
51 52 4
51 89 5
52 53 16
53 54 12
53 91 3
54 55 4
55 56 16
55 93 12
56 57 13
57 58 12
57 95 9
58 59 3
59 60 10
59 97 15
60 61 2
61 62 11
61 99 10
62 63 2
63 101 2
64 65 12
65 66 9
66 67 5
67 68 1
67 105 12
68 69 2
69 70 13
69 107 14
70 71 8
71 72 8
71 109 14
72 73 13
73 74 16
74 75 15
75 113 10
76 114 16
77 78 15
78 79 4
78 116 4
80 118 5
82 83 6
83 84 5
84 122 10
85 86 6
86 87 17
86 124 3
87 88 15
88 89 11
88 126 10
89 90 13
90 91 1
91 92 18
92 130 8
93 94 13
94 95 4
94 132 8
95 96 18
96 97 1
96 134 2
97 98 2
98 99 15
98 136 9
99 100 5
100 101 8
100 138 12
102 103 8
102 140 4
103 104 14
104 105 18
104 142 6
105 106 6
106 107 7
106 144 15
107 108 7
108 109 15
108 146 18
110 111 9
110 148 19
111 112 14
112 113 6
112 150 6
114 115 10
115 153 18
116 117 4
117 118 6
117 155 12
118 119 12
119 120 10
119 157 11
120 121 16
121 122 11
121 159 11
122 123 11
123 124 7
124 125 18
125 126 6
125 163 2
126 127 5
127 165 14
128 129 18
129 130 1
130 131 8
131 132 12
131 169 17
132 133 18
133 134 9
133 171 15
134 135 7
135 136 14
135 173 1
136 137 10
137 138 1
138 139 16
139 140 7
140 141 8
141 142 4
141 179 3
142 143 14
143 144 11
144 145 10
145 146 8
145 183 15
146 147 7
147 148 10
148 149 14
149 187 7
150 151 12
151 189 6
152 153 3
152 190 7
153 154 16
154 155 2
154 192 2
155 156 8
156 157 17
158 159 1
158 196 15
159 160 7
160 161 14
160 198 13
161 162 5
162 163 12
162 200 7
163 164 4
164 165 6
165 166 6
166 167 1
166 204 16
167 168 19
168 169 6
169 170 4
170 171 17
170 208 7
171 172 8
172 210 13
173 174 2
174 175 3
174 212 6
175 176 4
176 177 11
176 214 2
177 178 2
178 179 17
178 216 17
179 180 16
180 181 18
180 218 11
181 182 12
182 183 3
182 220 11
183 184 16
184 185 10
184 222 10
185 186 2
186 187 4
186 224 8
187 188 5
188 189 9
190 191 11
191 192 14
191 229 8
193 194 12
193 231 6
194 195 1
195 196 6
195 233 5
196 197 5
197 235 3
198 199 3
199 200 11
199 237 11
200 201 2
201 202 4
201 239 18
202 203 7
203 241 8
204 205 6
205 206 3
205 243 4
206 207 10
208 209 18
209 210 11
209 247 6
210 211 10
211 212 17
211 249 12
212 213 13
213 214 9
213 251 3
214 215 1
215 216 11
216 217 6
217 255 4
218 219 7
219 220 1
219 257 14
220 221 10
221 222 1
221 259 1
222 223 10
223 224 6
223 261 1
224 225 14
225 226 7
225 263 7
226 227 1
227 265 9
228 229 17
228 266 4
230 231 19
232 233 15
232 270 19
233 234 2
234 235 5
234 272 18
235 236 1
236 237 11
237 238 5
238 239 5
238 276 13
239 240 12
240 241 16
240 278 11
241 242 12
242 243 14
242 280 2
243 244 11
244 245 15
244 282 9
245 246 2
246 247 2
246 284 1
248 286 19
249 250 13
250 251 16
250 288 17
251 252 4
252 253 12
253 254 2
254 255 2
254 292 18
255 256 10
256 257 9
257 258 1
258 296 19
260 261 16
260 298 15
261 262 14
262 263 17
262 300 8
263 264 1
264 265 5
264 302 16
266 267 1
267 268 16
267 305 12
268 269 7
269 270 13
269 307 8
270 271 1
271 272 6
271 309 6
272 273 1
273 274 8
273 311 2
274 275 4
275 276 2
275 313 13
276 277 12
277 315 15
278 279 4
279 280 9
279 317 9
280 281 6
281 282 9
281 319 17
283 284 14
283 321 5
284 285 11
285 286 12
287 288 18
287 325 8
288 289 6
289 290 11
289 327 10
290 291 14
291 292 1
293 294 2
293 331 1
294 295 18
295 333 3
296 297 10
297 298 18
297 335 14
298 299 11
299 300 3
299 337 2
300 301 1
301 339 16
302 303 16
303 341 15
304 305 12
304 342 10
306 307 5
306 344 6
308 309 14
308 346 11
309 310 7
310 348 19
311 312 9
312 313 7
312 350 11
313 314 4
314 352 9
315 316 16
318 319 18
318 356 7
319 320 11
320 358 4
321 322 16
322 323 15
322 360 11
323 324 14
324 362 9
325 326 14
326 327 12
326 364 1
327 328 15
328 329 15
328 366 18
329 330 13
330 331 16
330 368 5
331 332 11
332 333 18
332 370 13
333 334 12
334 335 14
334 372 4
335 336 16
337 338 5
338 339 6
338 376 17
339 340 7
340 341 10
340 378 4
342 343 11
343 344 9
343 381 12
344 345 2
345 346 11
345 383 8
346 347 15
347 348 11
347 385 9
348 349 17
349 350 13
349 387 1
350 351 9
351 352 9
351 389 17
352 353 11
353 354 4
353 391 16
354 355 9
355 356 18
355 393 8
357 358 12
357 395 14
359 397 9
360 361 4
361 362 10
361 399 19
362 363 5
363 364 6
363 401 13
364 365 5
365 366 12
365 403 19
366 367 1
367 368 1
367 405 16
368 369 2
369 370 17
369 407 8
370 371 4
371 372 10
371 409 1
372 373 7
373 374 13
374 375 10
375 376 12
375 413 18
376 377 1
377 378 14
377 415 9
378 379 14
379 417 12
380 381 11
381 382 17
382 383 1
382 420 18
383 384 11
384 385 5
384 422 15
385 386 8
386 387 10
386 424 11
387 388 5
388 389 17
388 426 6
389 390 8
390 391 14
390 428 16
391 392 9
392 393 2
392 430 8
393 394 14
394 395 10
394 432 12
395 396 8
396 434 16
397 398 18
398 436 7
400 401 9
400 438 3
401 402 13
402 403 9
402 440 11
404 405 11
404 442 14
405 406 5
406 407 6
406 444 8
407 408 15
408 409 2
408 446 7
409 410 15
410 411 15
411 412 6
412 413 17
413 414 15
414 415 3
416 417 5
416 454 18
418 419 6
419 420 1
419 457 15
420 421 10
421 422 9
422 423 3
423 424 1
423 461 11
424 425 15
425 426 1
425 463 7
427 428 2
428 429 4
429 430 14
429 467 12
430 431 17
431 432 17
431 469 1
432 433 9
434 435 7
435 436 17
436 437 12
437 438 5
437 475 4
438 439 12
439 440 18
439 477 11
440 441 10
441 442 4
441 479 7
442 443 9
444 445 2
445 483 15
446 447 5
447 448 6
448 449 13
449 450 18
449 487 6
451 452 5
451 489 6
453 454 7
453 491 17
455 493 16
456 457 16
456 494 15
457 458 14
458 459 2
458 496 3
459 460 1
460 461 1
460 498 15
462 463 1
462 500 11
463 464 1
464 465 6
464 502 3
465 466 13
466 467 7
467 468 3
468 506 2
469 470 10
470 471 12
470 508 13
471 472 6
472 473 5
473 474 7
474 475 16
474 512 16
475 476 1
476 477 1
476 514 2
477 478 1
478 479 18
478 516 17
479 480 18
480 481 10
480 518 19
481 482 10
482 483 7
482 520 2
483 484 6
484 485 13
484 522 15
486 524 7
487 488 3
488 489 5
489 490 9
490 491 17
490 528 17
492 493 10
492 530 13
494 495 8
495 533 7
496 497 2
497 498 14
497 535 17
498 499 1
499 500 16
499 537 9
500 501 16
501 502 18
501 539 19
502 503 11
503 504 5
503 541 7
505 506 3
505 543 5
506 507 11
507 545 15
508 509 9
509 510 19
510 511 8
511 512 7
511 549 11
512 513 9
513 514 10
514 515 3
516 517 2
517 518 16
517 555 5
518 519 13
519 520 11
519 557 3
520 521 1
521 522 19
522 523 17
523 524 5
523 561 9
524 525 19
525 526 13
525 563 15
526 527 8
527 528 15
527 565 4
528 529 4
529 530 12
529 567 6
530 531 11
531 569 10
532 570 2
533 534 18
534 535 3
534 572 4
535 536 13
536 537 15
536 574 15
537 538 2
538 539 13
538 576 9
540 541 3
540 578 15
541 542 17
542 543 3
542 580 19
543 544 17
544 545 5
544 582 7
545 546 19
546 547 3
546 584 4
547 548 9
548 586 1
549 550 17
550 551 5
550 588 9
551 552 16
552 553 10
552 590 3
553 554 15
554 555 2
554 592 6
555 556 2
556 557 3
556 594 11
557 558 18
558 559 12
558 596 7
559 560 7
560 561 18
560 598 12
561 562 17
563 564 16
564 565 13
564 602 16
565 566 5
566 567 7
566 604 13
567 568 8
568 569 13
570 571 18
571 572 7
571 609 10
572 573 18
573 574 1
573 611 2
574 575 7
575 576 8
576 577 6
577 578 7
577 615 12
578 579 14
579 580 2
579 617 7
580 581 12
581 582 4
581 619 3
582 583 1
583 584 14
583 621 5
584 585 16
585 586 9
585 623 12
587 625 7
588 589 1
589 590 3
589 627 7
590 591 15
591 592 12
592 593 6
593 594 14
593 631 11
594 595 1
595 596 4
595 633 7
596 597 3
597 598 7
597 635 13
598 599 4
599 600 12
599 637 19
600 601 6
601 602 6
601 639 15
602 603 17
603 604 2
603 641 17
605 606 4
605 643 4
606 607 10
607 645 4
608 609 16
608 646 12
609 610 8
610 611 14
610 648 1
611 612 18
612 613 12
612 650 18
613 614 10
614 615 12
614 652 5
616 617 15
616 654 17
617 618 3
618 619 11
618 656 3
620 658 15
621 622 5
622 623 3
622 660 5
623 624 15
624 625 17
624 662 15
625 626 15
626 627 5
626 664 7
627 628 4
628 629 6
628 666 3
629 630 1
630 631 1
631 632 17
632 633 8
632 670 2
633 634 4
634 635 4
634 672 10
635 636 14
636 637 10
636 674 8
637 638 8
638 639 1
638 676 9
639 640 15
640 641 16
640 678 16
641 642 7
642 643 5
642 680 14
643 644 11
644 645 2
644 682 13
647 648 11
647 684 1
648 649 1
649 650 9
649 686 2
650 651 8
651 652 1
651 688 13
652 653 1
653 654 13
653 690 6
654 655 15
655 656 2
655 692 16
657 658 8
657 694 16
659 660 2
660 661 5
661 662 18
661 698 13
662 663 4
663 664 2
665 666 1
665 702 11
666 667 16
667 668 11
668 669 17
669 670 19
669 706 5
670 671 5
671 672 17
671 708 19
672 673 5
673 674 18
673 710 7
674 675 15
675 712 17
676 677 4
677 678 17
677 714 5
678 679 1
679 680 11
680 681 3
681 682 11
682 683 1
683 720 4
684 685 17
686 687 10
687 688 5
689 690 11
690 691 9
691 692 7
692 693 17
693 694 15
694 695 6
695 696 9
696 697 16
697 698 7
698 699 6
699 700 7
700 701 14
701 702 1
702 703 9
703 704 19
704 705 1
705 706 3
706 707 16
707 708 3
708 709 16
709 710 13
710 711 11
711 712 7
712 713 17
713 714 12
714 715 10
715 716 16
716 717 16
717 718 1
718 719 16
719 720 18
1 78 116 235 273 352 393 430 469 473 474 475 478 516 598 680 681 682 720
38 39 117 118 119 121 196 272 312 313 355 471 517 555 595 597 676 677 678
77 120 158 159 197 234 311 353 354 431 470 472 477 556 594 596 599 637 683
