1680 2226 1 1680 1307
1 2 13
1 58 2
2 3 4
3 4 2
3 60 16
4 5 3
5 62 13
6 7 8
7 8 11
7 64 13
8 9 9
9 10 13
9 66 14
10 11 2
11 12 10
11 68 11
12 13 12
13 14 6
13 70 2
14 15 11
15 16 1
15 72 8
16 17 11
17 18 12
17 74 18
18 19 4
19 20 19
19 76 6
21 22 15
21 78 7
22 23 1
23 24 1
23 80 15
24 25 14
25 26 17
25 82 13
26 27 1
27 28 14
27 84 16
28 29 12
29 30 3
29 86 19
31 32 10
31 88 17
32 33 10
33 34 5
33 90 2
35 36 6
35 92 3
36 37 10
37 38 18
37 94 10
38 39 9
39 96 13
40 41 1
41 42 3
41 98 10
42 43 13
43 44 1
43 100 18
44 45 8
45 102 19
46 47 9
47 48 13
48 49 13
49 50 13
50 51 14
51 52 3
51 108 5
52 53 8
53 54 3
53 110 1
54 55 15
55 56 15
55 112 14
57 114 1
58 59 10
59 60 17
59 117 10
60 61 18
61 119 15
62 63 8
63 64 12
63 121 5
64 65 6
65 66 11
65 123 6
66 67 1
67 68 17
67 125 10
68 69 17
69 70 5
69 127 17
70 71 2
71 129 6
72 73 15
73 74 3
73 131 6
75 76 12
75 133 9
76 77 5
77 135 13
79 80 5
79 137 2
81 82 7
81 139 4
82 83 9
83 84 17
83 141 12
84 85 9
85 86 19
85 143 7
86 87 14
87 88 1
87 145 8
88 89 8
89 90 18
89 147 17
90 91 16
91 92 4
92 93 1
93 94 15
94 95 17
95 96 10
95 153 17
96 97 14
97 98 12
97 155 17
98 99 1
99 100 1
99 157 2
101 102 16
101 159 8
103 104 1
103 161 4
104 105 13
105 106 14
105 163 14
106 107 2
107 108 1
107 165 3
108 109 3
109 110 11
109 167 16
110 111 3
111 112 15
111 169 13
112 113 5
113 114 11
113 171 7
114 115 14
115 173 9
116 117 9
117 118 3
118 119 5
118 176 17
119 120 8
120 121 6
120 178 17
121 122 4
122 123 1
122 180 4
123 124 13
124 125 5
124 182 13
125 126 11
126 184 14
127 128 10
128 129 13
128 186 1
129 130 7
130 131 18
130 188 10
131 132 12
132 133 5
132 190 14
133 134 7
134 135 19
134 192 10
135 136 14
136 194 1
137 138 18
138 139 1
138 196 16
140 141 4
140 198 1
141 142 7
142 143 1
142 200 19
143 144 5
144 145 2
144 202 15
145 146 1
146 147 18
146 204 2
147 148 18
148 149 7
148 206 10
149 150 5
150 208 14
151 152 14
152 153 13
152 210 9
153 154 2
154 155 16
154 212 11
155 156 12
156 157 12
156 214 5
157 158 12
158 159 3
158 216 1
159 160 7
160 161 10
160 218 3
161 162 9
162 220 17
163 164 13
164 165 15
164 222 13
165 166 14
166 167 15
166 224 10
167 168 1
168 169 17
168 226 7
169 170 9
170 171 10
170 228 9
171 172 15
172 173 9
172 230 7
174 175 5
175 176 13
175 233 15
176 177 17
177 178 7
177 235 14
178 179 1
179 180 14
180 181 5
181 182 17
181 239 12
182 183 10
183 184 16
183 241 14
184 185 13
185 186 8
185 243 9
186 187 16
187 188 3
187 245 6
188 189 16
189 190 14
189 247 18
190 191 11
191 192 8
191 249 13
192 193 10
193 194 11
193 251 8
194 195 8
195 196 11
195 253 1
196 197 14
197 198 3
197 255 13
198 199 13
199 257 19
200 201 6
201 202 14
201 259 16
202 203 8
203 261 4
204 205 19
205 206 11
205 263 11
206 207 16
207 208 9
207 265 16
208 209 9
209 210 8
209 267 10
210 211 13
211 212 18
211 269 13
212 213 6
213 271 8
214 215 7
215 216 1
215 273 2
216 217 17
217 218 13
217 275 15
218 219 17
219 220 6
219 277 6
220 221 7
221 222 7
221 279 3
222 223 15
223 281 14
224 225 6
225 226 2
225 283 4
226 227 14
227 228 3
227 285 17
228 229 8
229 230 5
229 287 12
230 231 7
231 289 18
232 233 5
232 290 10
233 234 11
234 235 5
234 292 11
235 236 1
236 237 18
236 294 17
237 238 12
238 239 10
238 296 8
239 240 3
240 241 14
240 298 19
242 243 10
242 300 5
244 245 14
244 302 8
245 246 11
246 247 5
246 304 14
247 248 16
248 249 9
248 306 5
249 250 10
250 251 10
250 308 18
251 252 16
252 253 8
252 310 13
253 254 14
254 255 11
254 312 17
255 256 5
256 257 4
256 314 6
257 258 2
258 259 7
258 316 8
259 260 15
260 261 2
260 318 15
261 262 16
262 263 2
262 320 6
263 264 11
264 265 18
264 322 12
265 266 17
266 267 1
266 324 10
267 268 1
268 269 3
268 326 19
269 270 8
270 271 12
270 328 12
271 272 1
272 273 17
272 330 14
273 274 17
274 275 9
274 332 19
275 276 14
276 334 9
277 278 4
278 279 9
278 336 3
279 280 9
280 281 12
280 338 14
282 283 9
282 340 2
283 284 19
284 285 9
284 342 16
285 286 15
286 287 14
286 344 11
287 288 7
288 289 8
288 346 14
290 291 7
291 292 8
291 349 14
292 293 11
293 294 17
293 351 12
294 295 1
295 296 16
295 353 5
296 297 12
297 298 10
298 299 7
299 300 7
299 357 11
301 302 7
301 359 12
302 303 9
303 304 18
303 361 8
305 306 9
305 363 17
306 307 16
307 308 9
307 365 3
308 309 14
309 367 6
310 311 18
311 312 3
311 369 18
312 313 17
313 314 16
313 371 7
314 315 14
315 316 6
316 317 12
319 320 16
319 377 7
320 321 10
321 322 1
321 379 16
322 323 13
323 324 3
323 381 5
324 325 7
325 326 13
325 383 3
326 327 6
327 328 11
327 385 18
329 330 11
329 387 17
330 331 4
331 332 10
331 389 2
333 334 13
333 391 12
334 335 3
336 337 7
337 338 7
337 395 13
338 339 10
339 397 7
340 341 11
341 342 5
341 399 7
342 343 14
343 344 15
343 401 8
344 345 6
345 346 1
345 403 15
346 347 16
347 405 14
348 349 1
349 350 2
350 351 3
350 408 13
351 352 8
352 353 8
352 410 4
353 354 10
354 355 13
354 412 7
355 356 8
357 358 2
358 359 16
358 416 12
360 361 5
360 418 15
361 362 1
362 363 1
362 420 15
363 364 9
364 365 10
364 422 5
366 367 8
367 368 6
368 426 10
369 370 6
370 371 5
370 428 7
371 372 7
372 373 1
372 430 12
373 374 13
374 375 2
374 432 16
376 377 6
377 378 18
378 379 5
378 436 17
379 380 16
380 381 1
380 438 10
382 383 9
382 440 15
383 384 3
384 442 5
385 386 10
386 387 15
386 444 13
387 388 8
388 389 5
388 446 3
389 390 9
390 391 17
390 448 10
391 392 12
392 393 8
392 450 1
393 394 7
394 395 12
394 452 9
395 396 1
396 397 15
396 454 12
397 398 18
398 399 2
398 456 2
399 400 19
400 401 19
400 458 14
402 460 11
403 404 7
404 405 14
404 462 2
406 407 17
407 408 10
407 465 6
409 467 18
410 411 9
411 412 19
412 413 17
413 414 1
413 471 16
414 415 16
415 416 7
415 473 7
416 417 2
417 418 7
418 419 4
419 420 14
419 477 7
420 421 15
421 422 19
421 479 9
422 423 17
423 424 4
423 481 1
425 426 11
425 483 12
426 427 16
427 428 6
427 485 12
428 429 8
429 430 5
429 487 2
431 432 3
431 489 3
432 433 13
433 434 1
433 491 11
434 435 13
435 436 9
435 493 16
436 437 11
437 438 18
437 495 4
438 439 6
439 440 11
439 497 5
440 441 14
441 442 9
441 499 7
442 443 4
443 444 8
443 501 9
444 445 4
445 446 17
445 503 6
446 447 7
447 448 2
447 505 10
449 450 11
449 507 10
451 452 3
451 509 17
453 454 19
453 511 10
454 455 16
455 456 14
455 513 19
456 457 11
457 458 19
457 515 19
458 459 2
459 460 14
459 517 19
461 462 1
461 519 17
462 463 2
463 521 19
464 465 2
464 522 13
465 466 4
466 467 16
466 524 3
468 469 18
468 526 19
469 470 19
470 471 15
471 472 12
472 473 2
472 530 2
473 474 16
474 475 15
474 532 2
475 476 5
476 534 16
477 478 12
478 479 7
478 536 9
479 480 2
480 481 2
480 538 6
482 483 6
482 540 11
483 484 11
484 485 8
484 542 6
485 486 6
486 487 12
486 544 8
488 489 7
488 546 13
489 490 5
490 491 4
490 548 13
491 492 9
492 493 2
493 494 17
494 495 7
494 552 13
495 496 2
496 497 1
496 554 2
497 498 7
498 499 15
498 556 14
499 500 17
500 501 18
500 558 8
501 502 19
502 503 17
502 560 17
503 504 6
504 505 8
504 562 13
505 506 6
506 507 6
506 564 4
507 508 2
508 509 12
508 566 17
509 510 15
510 511 5
510 568 7
511 512 5
512 513 4
512 570 1
513 514 10
514 515 13
514 572 12
515 516 13
516 517 3
516 574 2
517 518 7
518 519 18
519 520 6
520 521 3
520 578 19
522 523 1
523 524 4
523 581 13
524 525 3
525 526 6
525 583 13
526 527 11
527 528 12
527 585 2
528 529 10
529 530 9
529 587 18
530 531 11
531 532 3
531 589 11
532 533 19
533 534 15
533 591 7
534 535 6
535 593 13
536 537 3
537 538 9
537 595 14
538 539 16
539 540 2
539 597 1
541 542 6
541 599 15
542 543 8
543 544 2
543 601 11
544 545 15
545 546 13
546 547 4
547 605 3
548 549 1
549 550 2
549 607 19
551 552 3
551 609 2
553 554 2
553 611 12
554 555 17
555 556 18
555 613 13
556 557 11
557 558 9
557 615 17
559 560 4
559 617 11
560 561 3
561 562 14
561 619 17
562 563 1
563 621 15
564 565 13
565 566 18
565 623 18
566 567 9
567 568 2
567 625 14
568 569 11
569 570 16
569 627 3
570 571 6
571 572 14
571 629 15
572 573 14
574 575 4
575 576 8
575 633 9
576 577 19
577 578 2
577 635 10
578 579 6
580 581 18
580 638 3
581 582 7
582 583 14
582 640 15
583 584 9
584 642 13
585 586 3
586 644 4
587 588 5
588 589 12
588 646 13
589 590 4
590 591 18
590 648 6
591 592 12
592 593 6
592 650 7
593 594 5
594 595 6
594 652 11
595 596 7
596 597 2
596 654 19
598 599 3
598 656 13
599 600 13
600 601 4
600 658 15
601 602 9
602 603 5
602 660 8
603 604 11
604 605 6
604 662 16
605 606 15
606 607 15
606 664 19
607 608 13
608 609 4
608 666 18
609 610 1
610 611 15
610 668 18
611 612 10
612 613 10
612 670 11
613 614 10
614 615 5
614 672 4
615 616 5
616 617 13
617 618 12
618 619 12
618 676 7
619 620 11
620 621 16
620 678 11
621 622 2
622 623 3
622 680 8
623 624 13
624 625 2
624 682 14
625 626 11
626 627 15
626 684 7
627 628 8
628 629 7
628 686 15
629 630 4
630 631 18
630 688 8
631 632 8
632 633 17
632 690 12
633 634 13
634 635 5
634 692 3
635 636 11
636 637 3
639 640 5
639 697 16
640 641 2
641 642 18
641 699 11
642 643 6
643 644 13
644 645 9
645 646 3
646 647 11
647 648 1
647 705 6
648 649 12
649 650 1
649 707 2
650 651 11
651 652 18
651 709 3
652 653 6
653 654 18
653 711 17
654 655 9
655 713 16
656 657 15
657 658 11
657 715 17
658 659 12
659 717 6
660 661 4
661 662 13
661 719 12
662 663 11
663 664 18
663 721 10
664 665 8
665 666 6
665 723 4
667 668 10
667 725 8
668 669 15
669 670 7
669 727 1
670 671 6
671 729 17
672 673 14
673 674 17
673 731 16
674 675 3
675 676 15
675 733 10
676 677 10
677 678 15
677 735 13
678 679 14
679 680 10
679 737 18
680 681 7
681 682 8
681 739 19
682 683 12
683 684 16
684 685 2
685 686 12
685 743 15
686 687 1
687 688 1
687 745 2
688 689 10
689 690 12
689 747 12
690 691 7
691 692 12
692 693 7
693 694 7
693 751 3
694 695 1
695 753 2
696 754 3
697 698 8
698 699 9
698 756 4
699 700 7
700 701 12
700 758 13
701 702 10
702 703 13
702 760 16
703 704 16
704 705 2
706 707 11
706 764 6
707 708 5
708 709 5
708 766 17
709 710 1
710 711 10
710 768 13
711 712 7
712 713 12
712 770 6
714 715 17
714 772 18
715 716 14
716 717 15
716 774 19
717 718 17
718 719 4
718 776 6
719 720 8
720 721 11
720 778 6
721 722 17
722 723 5
722 780 15
723 724 19
724 725 10
724 782 12
725 726 7
726 727 18
726 784 5
727 728 8
728 729 15
728 786 6
729 730 1
730 731 7
731 732 3
732 733 18
732 790 1
733 734 2
734 735 5
734 792 18
735 736 12
736 737 19
736 794 8
737 738 7
738 739 2
738 796 9
739 740 7
740 741 11
740 798 9
741 742 12
742 743 16
742 800 17
744 745 12
744 802 3
745 746 1
746 747 1
746 804 6
747 748 19
748 749 19
748 806 1
749 750 9
750 751 6
750 808 16
751 752 16
752 753 16
752 810 1
754 755 5
755 756 2
755 813 3
756 757 5
757 758 1
757 815 16
759 760 13
759 817 18
760 761 11
761 762 9
763 764 7
763 821 2
764 765 2
765 766 9
765 823 15
766 767 11
768 769 1
769 770 7
769 827 6
770 771 10
771 772 16
771 829 13
772 773 12
773 774 1
773 831 10
774 775 5
775 776 11
775 833 19
776 777 8
777 778 12
778 779 9
779 780 10
779 837 8
780 781 10
781 782 11
781 839 19
782 783 18
783 784 16
783 841 14
784 785 6
785 786 1
785 843 4
786 787 9
787 788 2
787 845 8
788 789 17
789 790 6
789 847 5
790 791 1
791 792 2
792 793 10
793 794 17
793 851 2
794 795 2
795 796 5
795 853 5
796 797 7
797 798 16
797 855 4
798 799 10
799 800 10
799 857 10
800 801 11
801 802 14
801 859 16
802 803 14
803 804 18
803 861 13
804 805 7
805 806 8
805 863 19
806 807 17
807 808 5
807 865 6
808 809 2
809 810 7
809 867 11
810 811 10
811 869 17
812 870 9
813 814 1
814 815 16
814 872 13
815 816 13
816 817 16
816 874 4
817 818 13
818 819 1
818 876 3
819 820 3
820 821 17
820 878 3
821 822 11
822 823 9
822 880 10
823 824 12
824 825 11
824 882 18
825 826 5
826 827 1
826 884 19
828 829 1
828 886 16
829 830 7
830 831 11
830 888 13
831 832 11
832 890 10
833 834 4
834 892 3
835 836 9
836 837 8
836 894 19
837 838 17
838 839 13
838 896 2
839 840 1
840 841 13
840 898 17
841 842 14
842 843 4
842 900 7
843 844 15
845 846 18
846 847 7
846 904 12
847 848 15
848 849 1
848 906 10
849 850 10
850 908 10
851 852 15
852 853 17
852 910 1
853 854 6
854 855 13
854 912 10
855 856 6
856 857 2
856 914 13
857 858 7
858 916 19
859 860 10
860 861 8
861 862 11
862 863 14
862 920 3
863 864 12
864 922 6
865 866 13
866 867 10
866 924 16
867 868 9
868 869 12
868 926 14
870 871 7
871 872 16
871 929 7
872 873 3
873 874 7
873 931 17
874 875 1
875 876 7
876 877 15
877 878 9
877 935 3
878 879 9
879 880 11
879 937 10
880 881 8
881 882 11
881 939 16
882 883 10
883 884 4
883 941 1
885 886 13
885 943 8
886 887 4
887 888 6
887 945 2
889 890 13
889 947 15
890 891 10
891 892 12
891 949 5
892 893 6
893 951 18
894 895 2
895 896 8
895 953 17
896 897 14
897 898 11
897 955 5
898 899 3
899 900 15
899 957 17
900 901 7
901 902 1
901 959 7
902 903 15
903 904 5
903 961 5
904 905 14
905 906 10
905 963 7
906 907 16
907 908 16
907 965 8
908 909 14
909 910 17
909 967 14
911 912 4
911 969 8
912 913 12
913 914 11
913 971 18
914 915 5
915 916 11
915 973 13
916 917 2
917 918 13
917 975 11
918 919 6
919 920 16
919 977 10
920 921 14
921 922 2
921 979 12
922 923 8
923 924 6
923 981 11
925 926 1
925 983 1
926 927 17
927 985 8
928 929 13
928 986 12
929 930 11
930 931 15
930 988 14
931 932 7
932 933 9
932 990 6
933 934 17
934 935 13
934 992 7
936 937 18
936 994 17
937 938 9
938 939 12
938 996 16
939 940 13
940 998 3
941 942 2
942 943 13
942 1000 1
943 944 17
944 945 18
944 1002 13
946 947 6
947 948 15
948 949 14
948 1006 13
949 950 6
950 951 18
950 1008 4
951 952 14
952 953 1
953 954 9
954 955 13
954 1012 7
955 956 13
956 957 2
956 1014 8
958 959 15
958 1016 4
959 960 18
960 961 10
961 962 15
962 963 1
963 964 5
964 965 10
964 1022 19
965 966 13
966 967 10
966 1024 1
967 968 6
968 969 16
968 1026 13
969 970 11
970 971 6
970 1028 17
971 972 3
972 973 7
972 1030 10
973 974 17
974 975 4
974 1032 9
975 976 5
976 977 10
976 1034 17
977 978 13
978 979 8
978 1036 9
979 980 14
980 1038 9
981 982 1
982 983 8
982 1040 5
983 984 2
984 1042 10
986 987 1
987 988 9
987 1045 2
988 989 9
989 990 9
989 1047 2
990 991 17
991 992 15
991 1049 13
992 993 5
993 994 17
993 1051 9
994 995 9
995 996 10
995 1053 6
996 997 2
997 1055 12
998 999 8
999 1000 12
999 1057 17
1000 1001 1
1001 1002 8
1001 1059 6
1002 1003 19
1003 1004 13
1003 1061 13
1004 1005 17
1005 1006 1
1005 1063 12
1006 1007 1
1007 1008 10
1007 1065 16
1008 1009 9
1009 1010 19
1009 1067 9
1010 1011 13
1011 1012 7
1011 1069 6
1012 1013 10
1013 1014 12
1013 1071 1
1014 1015 18
1015 1016 13
1015 1073 7
1016 1017 9
1017 1018 18
1017 1075 8
1018 1019 18
1019 1020 18
1019 1077 16
1020 1021 17
1021 1022 6
1022 1023 3
1023 1024 15
1024 1025 13
1025 1026 13
1025 1083 7
1026 1027 17
1027 1028 9
1027 1085 16
1028 1029 1
1030 1031 14
1031 1032 6
1031 1089 2
1032 1033 9
1033 1034 4
1033 1091 3
1034 1035 4
1035 1036 3
1035 1093 10
1036 1037 1
1037 1038 15
1038 1039 10
1039 1040 18
1039 1097 2
1040 1041 12
1041 1042 14
1041 1099 8
1042 1043 12
1043 1101 5
1044 1045 2
1044 1102 3
1045 1046 3
1046 1047 17
1047 1048 7
1049 1050 3
1050 1051 11
1050 1108 18
1052 1053 11
1052 1110 16
1053 1054 5
1054 1055 14
1054 1112 2
1055 1056 16
1056 1057 4
1056 1114 18
1058 1059 17
1058 1116 11
1059 1060 17
1060 1061 16
1060 1118 19
1061 1062 18
1062 1120 5
1063 1064 11
1064 1065 16
1064 1122 11
1065 1066 17
1066 1067 13
1066 1124 6
1068 1069 18
1069 1070 3
1070 1071 8
1070 1128 15
1072 1073 6
1073 1074 12
1074 1075 3
1074 1132 10
1075 1076 6
1076 1077 17
1077 1078 14
1078 1079 17
1078 1136 10
1079 1080 17
1080 1081 17
1080 1138 6
1081 1082 12
1082 1083 12
1082 1140 16
1083 1084 7
1084 1085 18
1085 1086 8
1086 1087 2
1086 1144 9
1087 1088 18
1088 1089 6
1088 1146 15
1089 1090 1
1090 1091 18
1090 1148 7
1091 1092 10
1092 1093 13
1092 1150 2
1093 1094 4
1094 1095 5
1094 1152 16
1095 1096 13
1096 1097 6
1097 1098 3
1098 1156 5
1099 1100 6
1100 1101 3
1100 1158 7
1102 1103 14
1103 1104 12
1103 1161 17
1105 1106 7
1105 1163 3
1106 1107 1
1107 1108 19
1107 1165 8
1109 1110 9
1109 1167 18
1110 1111 5
1111 1169 11
1112 1113 16
1113 1114 4
1113 1171 15
1114 1115 1
1115 1116 1
1115 1173 9
1116 1117 5
1117 1118 1
1117 1175 17
1119 1120 4
1119 1177 6
1121 1122 5
1121 1179 12
1122 1123 7
1123 1124 6
1123 1181 13
1125 1126 6
1126 1127 17
1127 1128 11
1127 1185 19
1128 1129 18
1129 1130 8
1129 1187 8
1130 1131 13
1131 1132 3
1131 1189 9
1133 1134 1
1133 1191 13
1134 1135 12
1135 1193 8
1136 1137 6
1137 1138 10
1137 1195 15
1138 1139 14
1139 1140 9
1139 1197 11
1140 1141 11
1141 1142 9
1142 1143 6
1143 1144 9
1143 1201 4
1144 1145 5
1145 1146 10
1145 1203 13
1146 1147 1
1147 1148 18
1147 1205 7
1148 1149 3
1149 1150 14
1149 1207 4
1150 1151 15
1151 1152 1
1151 1209 4
1153 1154 18
1153 1211 7
1154 1155 3
1155 1156 9
1155 1213 1
1156 1157 16
1157 1158 11
1157 1215 19
1158 1159 2
1159 1217 6
1160 1161 1
1160 1218 11
1161 1162 18
1162 1163 8
1162 1220 17
1163 1164 8
1164 1222 9
1165 1166 16
1166 1167 8
1166 1224 3
1167 1168 12
1168 1169 14
1168 1226 8
1169 1170 14
1170 1171 3
1170 1228 7
1171 1172 2
1172 1173 2
1173 1174 18
1174 1175 4
1174 1232 13
1176 1177 16
1176 1234 2
1177 1178 4
1178 1179 16
1178 1236 9
1179 1180 7
1180 1181 8
1181 1182 15
1182 1183 15
1182 1240 17
1183 1184 4
1184 1185 7
1184 1242 2
1185 1186 12
1186 1187 5
1186 1244 9
1187 1188 2
1188 1189 4
1188 1246 3
1189 1190 13
1190 1248 14
1192 1193 5
1192 1250 13
1193 1194 12
1194 1195 11
1194 1252 18
1195 1196 13
1196 1197 11
1196 1254 10
1197 1198 12
1198 1199 18
1198 1256 14
1199 1200 7
1200 1201 5
1200 1258 6
1201 1202 4
1202 1203 5
1202 1260 10
1203 1204 7
1204 1205 19
1204 1262 11
1205 1206 3
1206 1207 7
1206 1264 1
1207 1208 10
1208 1209 12
1208 1266 17
1209 1210 14
1210 1211 2
1211 1212 10
1212 1213 5
1212 1270 11
1213 1214 15
1214 1215 19
1214 1272 18
1215 1216 17
1216 1217 2
1216 1274 3
1218 1219 15
1219 1220 6
1219 1277 17
1220 1221 15
1221 1222 7
1221 1279 10
1222 1223 13
1223 1224 5
1223 1281 1
1224 1225 4
1225 1226 5
1225 1283 12
1226 1227 8
1227 1228 6
1227 1285 15
1228 1229 14
1229 1230 17
1229 1287 15
1230 1231 16
1231 1232 1
1231 1289 2
1232 1233 4
1233 1234 16
1233 1291 10
1234 1235 17
1235 1236 1
1235 1293 12
1236 1237 7
1237 1295 2
1238 1239 14
1239 1240 3
1239 1297 8
1240 1241 7
1241 1242 2
1241 1299 1
1243 1244 18
1243 1301 12
1244 1245 12
1245 1246 17
1245 1303 7
1247 1248 9
1247 1305 7
1248 1249 18
1249 1250 15
1249 1307 17
1250 1251 6
1251 1252 6
1251 1309 6
1252 1253 15
1253 1254 16
1253 1311 8
1254 1255 1
1255 1256 18
1255 1313 10
1256 1257 12
1257 1258 3
1257 1315 1
1258 1259 2
1259 1260 16
1259 1317 7
1260 1261 2
1261 1262 6
1262 1263 7
1263 1264 9
1263 1321 11
1265 1323 3
1266 1267 18
1267 1268 16
1267 1325 16
1268 1269 7
1269 1327 11
1270 1271 6
1271 1272 4
1271 1329 2
1272 1273 3
1273 1274 15
1273 1331 3
1274 1275 18
1276 1277 5
1276 1334 13
1277 1278 11
1278 1279 19
1278 1336 14
1279 1280 12
1280 1281 3
1280 1338 15
1281 1282 18
1282 1283 3
1282 1340 19
1283 1284 11
1284 1285 13
1284 1342 16
1285 1286 9
1286 1287 10
1286 1344 10
1287 1288 5
1288 1289 1
1288 1346 12
1289 1290 2
1290 1348 18
1291 1292 16
1292 1293 15
1292 1350 8
1293 1294 9
1294 1295 8
1294 1352 2
1295 1296 15
1296 1297 9
1296 1354 12
1297 1298 15
1298 1299 4
1298 1356 6
1299 1300 14
1300 1301 6
1300 1358 18
1301 1302 1
1302 1303 11
1302 1360 19
1303 1304 13
1304 1305 5
1304 1362 19
1305 1306 15
1306 1307 17
1306 1364 16
1308 1309 12
1310 1311 4
1310 1368 1
1311 1312 8
1312 1313 8
1312 1370 14
1313 1314 16
1314 1372 3
1315 1316 7
1316 1317 15
1316 1374 2
1317 1318 6
1318 1319 9
1318 1376 4
1319 1320 3
1320 1321 6
1320 1378 6
1321 1322 12
1322 1323 13
1322 1380 12
1323 1324 13
1324 1325 14
1324 1382 18
1325 1326 12
1326 1327 16
1326 1384 19
1327 1328 16
1328 1329 8
1328 1386 9
1329 1330 15
1330 1331 2
1330 1388 15
1331 1332 12
1332 1333 12
1332 1390 17
1334 1335 9
1335 1393 17
1336 1337 9
1337 1338 11
1337 1395 13
1338 1339 12
1339 1340 9
1340 1341 17
1341 1342 6
1341 1399 15
1342 1343 4
1343 1344 5
1343 1401 9
1344 1345 13
1345 1346 6
1345 1403 14
1347 1348 7
1347 1405 2
1348 1349 14
1349 1350 1
1349 1407 18
1350 1351 5
1351 1352 15
1351 1409 11
1352 1353 5
1353 1354 1
1353 1411 3
1355 1356 5
1355 1413 14
1357 1358 15
1358 1359 18
1359 1360 10
1359 1417 11
1360 1361 1
1361 1362 1
1361 1419 11
1362 1363 9
1363 1364 2
1364 1365 18
1365 1366 12
1365 1423 8
1366 1367 16
1367 1368 4
1367 1425 19
1368 1369 5
1369 1370 7
1369 1427 8
1370 1371 13
1371 1372 6
1371 1429 15
1372 1373 8
1373 1374 7
1373 1431 16
1374 1375 6
1375 1433 10
1376 1377 1
1377 1378 7
1377 1435 18
1378 1379 13
1379 1380 18
1379 1437 16
1380 1381 6
1381 1382 18
1382 1383 5
1383 1384 15
1383 1441 1
1384 1385 9
1385 1386 7
1385 1443 13
1386 1387 16
1387 1388 12
1387 1445 3
1388 1389 17
1389 1390 19
1389 1447 6
1390 1391 4
1391 1449 7
1392 1393 8
1392 1450 2
1393 1394 3
1394 1395 17
1394 1452 10
1395 1396 13
1396 1397 13
1397 1398 4
1398 1399 6
1398 1456 4
1399 1400 3
1400 1458 12
1401 1402 9
1402 1403 2
1402 1460 15
1403 1404 16
1404 1405 7
1404 1462 15
1405 1406 19
1406 1407 5
1406 1464 7
1407 1408 8
1408 1409 9
1408 1466 2
1409 1410 14
1410 1411 10
1410 1468 11
1412 1470 12
1413 1414 3
1414 1415 9
1414 1472 7
1415 1416 12
1416 1417 9
1416 1474 16
1417 1418 1
1418 1419 9
1418 1476 13
1419 1420 10
1420 1421 1
1420 1478 2
1421 1422 4
1422 1423 19
1422 1480 15
1423 1424 4
1424 1425 16
1424 1482 9
1425 1426 15
1426 1427 6
1426 1484 5
1427 1428 10
1428 1429 4
1428 1486 9
1429 1430 17
1430 1488 8
1431 1432 18
1432 1433 2
1432 1490 19
1433 1434 16
1434 1435 12
1434 1492 19
1435 1436 14
1436 1437 9
1436 1494 14
1437 1438 11
1438 1439 17
1438 1496 15
1439 1440 18
1440 1441 8
1440 1498 4
1441 1442 11
1442 1443 17
1442 1500 13
1443 1444 15
1444 1445 13
1444 1502 11
1445 1446 18
1446 1447 1
1446 1504 12
1447 1448 3
1448 1449 9
1448 1506 12
1450 1451 8
1451 1452 9
1451 1509 3
1452 1453 10
1453 1454 12
1453 1511 19
1454 1455 14
1455 1456 8
1455 1513 3
1456 1457 14
1457 1458 5
1457 1515 8
1458 1459 4
1459 1460 15
1459 1517 1
1460 1461 2
1461 1462 13
1461 1519 4
1462 1463 5
1463 1464 14
1463 1521 5
1464 1465 17
1465 1466 7
1465 1523 10
1466 1467 3
1467 1468 5
1467 1525 9
1468 1469 13
1469 1470 6
1469 1527 19
1471 1472 16
1471 1529 6
1472 1473 4
1473 1474 8
1473 1531 16
1474 1475 16
1475 1476 7
1475 1533 3
1476 1477 9
1477 1478 11
1477 1535 11
1478 1479 11
1479 1480 14
1479 1537 19
1480 1481 4
1481 1482 8
1481 1539 16
1482 1483 9
1483 1541 16
1484 1485 14
1485 1486 7
1486 1487 11
1487 1488 9
1487 1545 3
1488 1489 12
1489 1490 3
1489 1547 18
1490 1491 1
1491 1492 11
1491 1549 6
1492 1493 4
1493 1494 3
1493 1551 9
1494 1495 3
1495 1553 11
1497 1498 6
1497 1555 2
1498 1499 7
1499 1500 11
1500 1501 10
1501 1502 1
1501 1559 7
1502 1503 4
1503 1504 5
1505 1506 16
1505 1563 5
1506 1507 1
1507 1565 15
1508 1509 16
1508 1566 16
1509 1510 17
1510 1511 8
1510 1568 10
1512 1513 11
1512 1570 5
1513 1514 9
1514 1515 5
1514 1572 10
1515 1516 1
1516 1517 14
1516 1574 13
1517 1518 7
1518 1519 16
1518 1576 18
1519 1520 3
1520 1521 8
1521 1522 6
1522 1523 4
1522 1580 5
1523 1524 9
1524 1525 4
1525 1526 10
1526 1527 8
1526 1584 6
1527 1528 12
1528 1529 17
1528 1586 8
1529 1530 12
1530 1588 11
1531 1532 10
1532 1533 7
1532 1590 10
1533 1534 7
1534 1535 3
1534 1592 6
1535 1536 4
1536 1537 5
1536 1594 16
1537 1538 14
1538 1539 13
1538 1596 6
1539 1540 15
1540 1541 5
1540 1598 8
1541 1542 15
1542 1543 17
1542 1600 13
1544 1545 15
1544 1602 13
1545 1546 17
1546 1604 7
1547 1548 12
1548 1606 4
1550 1551 9
1550 1608 5
1551 1552 17
1552 1553 17
1552 1610 12
1553 1554 16
1554 1555 19
1554 1612 17
1555 1556 13
1556 1557 3
1556 1614 18
1557 1558 3
1558 1559 11
1558 1616 17
1559 1560 7
1560 1561 3
1560 1618 9
1561 1562 16
1562 1563 15
1562 1620 13
1563 1564 5
1564 1565 18
1564 1622 1
1566 1567 8
1567 1568 18
1567 1624 4
1568 1569 4
1569 1570 17
1569 1626 5
1570 1571 9
1571 1572 13
1571 1628 7
1572 1573 1
1573 1574 7
1573 1630 3
1574 1575 4
1575 1576 16
1575 1632 18
1576 1577 19
1577 1578 11
1577 1634 12
1578 1579 6
1579 1580 9
1579 1636 9
1580 1581 1
1581 1582 10
1581 1638 8
1582 1583 12
1583 1584 8
1583 1640 7
1584 1585 11
1585 1586 18
1585 1642 18
1586 1587 2
1587 1588 17
1587 1644 6
1588 1589 16
1589 1590 12
1589 1646 7
1590 1591 13
1591 1648 7
1592 1593 5
1593 1650 13
1594 1595 18
1595 1596 1
1595 1652 5
1597 1598 2
1597 1654 13
1599 1600 8
1599 1656 1
1600 1601 11
1601 1602 11
1601 1658 18
1602 1603 10
1603 1604 4
1603 1660 9
1604 1605 5
1605 1606 3
1605 1662 10
1606 1607 6
1607 1608 9
1608 1609 4
1609 1666 3
1610 1611 16
1613 1614 6
1613 1670 8
1614 1615 15
1615 1616 5
1615 1672 3
1616 1617 11
1617 1618 6
1617 1674 11
1618 1619 11
1619 1620 9
1619 1676 6
1620 1621 1
1621 1622 5
1621 1678 16
1623 1680 6
1624 1625 2
1625 1626 1
1626 1627 1
1627 1628 10
1628 1629 17
1629 1630 13
1631 1632 1
1632 1633 9
1634 1635 15
1635 1636 1
1636 1637 7
1637 1638 16
1638 1639 1
1639 1640 10
1640 1641 15
1641 1642 13
1642 1643 15
1643 1644 2
1644 1645 2
1645 1646 7
1646 1647 13
1647 1648 14
1648 1649 4
1649 1650 9
1650 1651 1
1651 1652 1
1653 1654 19
1654 1655 16
1655 1656 11
1656 1657 6
1658 1659 9
1659 1660 1
1660 1661 1
1661 1662 4
1662 1663 13
1663 1664 5
1664 1665 1
1665 1666 9
1666 1667 18
1668 1669 14
1669 1670 18
1670 1671 17
1671 1672 5
1672 1673 5
1673 1674 2
1674 1675 6
1675 1676 17
1676 1677 17
1677 1678 17
1678 1679 2
1679 1680 4
3
4
5
6
8
9
10
11
12
22
24
25
27
28
29
30
32
33
34
35
36
37
38
40
41
42
43
44
45
46
47
48
49
50
51
52
53
54
55
57
60
61
62
63
64
71
72
73
74
75
78
79
80
82
83
84
85
86
87
88
89
90
91
92
93
94
95
97
98
99
101
102
104
105
106
107
109
110
111
112
113
114
115
124
126
127
129
130
132
133
134
137
138
139
140
141
142
144
145
146
147
148
149
151
152
153
154
155
156
158
159
160
162
163
164
165
166
167
168
169
170
171
172
174
175
176
177
179
180
182
183
185
186
187
188
190
191
192
193
196
198
199
201
202
204
207
208
209
210
211
212
213
214
215
216
217
218
219
220
221
222
223
224
225
227
229
230
231
232
234
235
237
238
239
240
241
242
243
244
246
249
250
251
252
263
265
266
267
268
269
270
271
272
273
274
275
276
277
278
280
282
283
284
285
287
288
289
290
291
292
293
294
295
296
298
299
300
301
302
303
304
305
307
308
309
311
312
314
316
317
319
326
328
329
330
331
332
333
334
335
336
337
339
340
342
343
344
345
346
347
348
350
352
354
356
359
360
361
362
363
364
365
367
368
369
370
371
372
373
374
375
377
378
379
380
381
382
385
386
387
388
389
390
391
392
393
394
396
397
398
399
401
402
403
404
405
406
408
409
410
412
413
414
415
416
417
418
420
421
422
424
425
426
427
428
430
432
433
434
435
436
437
439
440
441
446
447
448
449
450
452
453
454
456
457
458
459
460
461
462
463
464
465
466
467
468
471
472
473
474
475
476
477
478
479
480
481
482
484
485
486
487
489
490
491
492
493
494
495
496
497
498
499
501
505
506
507
508
509
510
511
512
513
514
515
516
517
518
519
521
522
525
526
527
528
529
530
532
533
534
535
536
537
539
540
542
543
544
545
546
547
548
549
550
551
552
553
554
555
556
557
558
559
560
565
567
568
569
570
571
572
574
575
576
577
578
579
580
581
582
583
585
587
588
589
591
592
593
594
595
596
597
598
599
600
602
603
604
605
606
607
609
610
611
612
613
614
615
618
619
620
627
628
629
631
633
634
635
636
637
638
639
640
641
642
643
645
646
647
648
649
650
652
653
654
655
656
657
658
659
660
661
663
664
665
666
667
668
669
670
671
672
673
674
675
676
679
680
681
682
683
688
689
690
691
693
694
695
696
698
699
702
704
705
706
707
709
710
711
712
713
714
715
716
717
718
719
720
721
723
724
725
726
727
729
730
731
732
733
734
736
737
738
739
740
741
742
743
744
747
748
749
750
751
754
755
756
757
758
759
763
764
765
766
767
768
770
772
773
774
775
777
778
780
781
782
783
784
785
786
787
789
790
791
792
793
794
795
796
797
800
803
806
807
808
809
810
811
813
814
815
816
817
818
819
820
821
822
823
824
826
827
828
830
831
832
833
834
835
836
837
838
839
840
842
843
845
846
847
848
849
850
851
852
853
854
855
856
857
858
859
860
861
862
865
866
867
868
869
870
871
872
873
875
876
878
879
881
885
886
887
888
889
891
892
893
894
895
896
898
899
900
901
902
903
904
905
906
907
908
910
911
912
913
914
915
916
917
918
924
928
930
931
932
933
935
936
937
938
939
940
941
942
944
945
946
947
948
949
950
953
954
955
957
958
959
960
962
963
964
966
967
968
969
972
974
975
976
977
978
980
983
984
986
987
988
989
990
992
993
994
995
997
998
1000
1001
1002
1003
1004
1005
1006
1007
1008
1009
1010
1011
1013
1014
1015
1017
1019
1020
1022
1023
1024
1026
1028
1029
1031
1032
1033
1034
1035
1037
1038
1039
1042
1043
1044
1045
1046
1047
1048
1049
1050
1051
1052
1054
1056
1057
1058
1059
1060
1061
1062
1063
1064
1065
1066
1067
1069
1070
1071
1072
1073
1074
1075
1076
1079
1080
1081
1082
1083
1084
1085
1086
1087
1088
1089
1090
1091
1092
1093
1094
1095
1096
1097
1098
1101
1102
1103
1105
1106
1107
1108
1109
1111
1113
1114
1115
1116
1117
1118
1119
1120
1121
1123
1124
1125
1126
1127
1128
1129
1131
1133
1134
1135
1137
1138
1139
1140
1141
1142
1143
1144
1147
1149
1151
1152
1153
1155
1156
1157
1160
1161
1162
1163
1164
1165
1167
1168
1169
1170
1172
1173
1174
1175
1176
1177
1179
1180
1181
1182
1183
1184
1185
1186
1187
1188
1189
1190
1191
1192
1193
1194
1196
1197
1198
1199
1201
1202
1204
1205
1206
1207
1208
1209
1210
1211
1212
1213
1214
1215
1218
1219
1220
1221
1222
1223
1224
1225
1226
1227
1228
1229
1230
1232
1233
1234
1235
1236
1237
1238
1239
1241
1242
1243
1244
1246
1247
1248
1249
1250
1251
1252
1253
1254
1255
1256
1257
1258
1260
1261
1262
1263
1264
1265
1266
1267
1270
1272
1275
1277
1278
1279
1280
1283
1284
1285
1286
1287
1288
1289
1291
1292
1293
1294
1295
1296
1297
1300
1302
1303
1304
1305
1307
1308
1310
1311
1312
1314
1315
1316
1317
1318
1320
1321
1322
1323
1324
1325
1327
1328
1332
1333
1334
1335
1337
1339
1340
1342
1344
1346
1347
1348
1350
1351
1352
1353
1355
1356
1357
1358
1360
1361
1362
1363
1365
1366
1367
1368
1369
1370
1371
1373
1374
1375
1376
1377
1378
1380
1381
1382
1383
1384
1385
1386
1387
1390
1391
1392
1393
1394
1395
1396
1397
1399
1400
1403
1404
1405
1406
1407
1408
1410
1411
1412
1414
1415
1416
1417
1418
1419
1420
1421
1422
1423
1424
1425
1426
1427
1428
1429
1430
1431
1432
1433
1434
1435
1436
1438
1441
1442
1445
1446
1449
1451
1452
1453
1454
1455
1456
1457
1458
1461
1463
1464
1465
1466
1467
1468
1469
1470
1471
1473
1475
1476
1477
1479
1480
1481
1483
1484
1486
1487
1488
1490
1491
1493
1494
1495
1496
1497
1498
1500
1502
1503
1504
1507
1508
1509
1512
1513
1514
1515
1516
1517
1518
1520
1521
1522
1523
1524
1525
1526
1527
1528
1529
1531
1532
1533
1534
1535
1536
1537
1539
1540
1541
1542
1543
1544
1545
1546
1549
1550
1552
1554
1555
1556
1557
1558
1559
1560
1561
1562
1565
1566
1568
1569
1570
1571
1572
1574
1575
1576
1577
1579
1580
1582
1583
1584
1585
1586
1587
1588
1589
1590
1592
1596
1597
1598
1599
1601
1602
1603
1604
1605
1607
1608
1609
1610
1611
1612
1613
1614
1615
1616
1618
1619
1620
1623
1624
1625
1626
1627
1628
1629
1630
1632
1633
1635
1636
1638
1639
1640
1641
1642
1643
1644
1645
1646
1647
1648
1649
1650
1651
1652
1653
1654
1655
1657
1658
1659
1660
1664
1665
1666
1667
1668
1669
1670
1671
1672
1673
1675
1676
1677
