880 1163 1 880 10
1 2 17
1 42 15
2 3 8
3 4 3
3 44 12
5 6 6
5 46 8
6 7 7
7 8 16
7 48 7
8 9 7
9 10 4
9 50 2
10 11 1
11 12 14
11 52 15
13 14 10
13 54 19
14 15 2
15 16 11
15 56 15
16 17 15
17 18 8
17 58 11
18 19 12
19 20 1
19 60 7
20 21 15
21 22 6
21 62 19
22 23 17
23 24 1
23 64 7
24 25 15
25 26 14
26 27 7
27 28 12
28 29 7
29 30 10
29 70 1
30 31 12
31 32 17
31 72 9
32 33 9
33 34 1
33 74 3
34 35 13
35 36 10
35 76 14
36 37 11
37 38 1
37 78 14
39 40 2
40 41 12
41 82 4
42 43 8
43 44 13
43 85 14
44 45 18
45 46 14
45 87 17
47 89 16
48 49 5
49 50 18
49 91 9
51 52 1
51 93 3
52 53 2
53 54 7
53 95 12
54 55 3
55 56 4
55 97 18
56 57 15
57 58 4
57 99 6
58 59 4
59 60 15
59 101 16
60 61 16
61 62 8
61 103 12
62 63 7
63 64 14
63 105 9
64 65 7
65 66 9
65 107 12
66 67 4
67 68 11
67 109 5
68 69 13
69 70 10
69 111 13
70 71 18
71 72 1
71 113 16
73 74 6
73 115 14
74 75 2
75 76 9
75 117 7
76 77 9
77 78 16
77 119 6
78 79 6
79 80 4
80 81 18
81 82 11
81 123 10
82 83 2
83 125 5
84 85 1
84 126 6
85 86 8
86 87 9
86 128 6
87 88 10
88 89 17
88 130 12
89 90 5
90 91 5
90 132 16
91 92 3
92 93 10
92 134 2
93 94 2
94 95 2
94 136 11
95 96 1
96 97 1
96 138 19
97 98 17
98 99 7
98 140 16
99 100 6
100 101 3
100 142 17
101 102 4
102 103 19
102 144 9
103 104 6
104 105 2
104 146 8
105 106 18
106 107 18
106 148 16
107 108 1
108 150 6
109 110 6
110 111 5
110 152 4
111 112 5
112 113 12
112 154 17
113 114 12
114 115 19
114 156 10
115 116 8
116 117 17
116 158 11
117 118 5
118 119 16
118 160 5
119 120 7
120 162 1
121 122 16
122 123 11
122 164 11
123 124 12
124 166 8
126 127 11
127 128 16
127 169 10
128 129 7
129 130 15
129 171 4
130 131 3
131 132 7
131 173 17
132 133 18
133 134 10
133 175 1
134 135 8
135 136 2
136 137 6
137 138 12
137 179 3
138 139 13
139 140 8
139 181 19
140 141 13
141 183 19
142 143 6
143 144 4
143 185 11
144 145 14
145 146 10
145 187 7
146 147 3
147 148 11
147 189 6
148 149 7
149 150 4
149 191 4
151 152 1
151 193 5
152 153 3
153 195 14
154 155 1
155 156 18
155 197 5
157 158 18
157 199 18
158 159 11
159 201 6
160 161 1
161 162 1
161 203 5
163 164 5
163 205 10
164 165 6
165 166 18
166 167 2
167 209 13
168 169 11
168 210 6
169 170 16
170 171 12
170 212 7
171 172 1
172 173 10
172 214 9
173 174 6
174 175 13
174 216 11
175 176 1
176 177 1
176 218 10
177 178 4
178 179 17
179 180 2
180 181 1
180 222 7
181 182 9
182 183 9
182 224 13
183 184 16
184 185 13
184 226 5
185 186 12
186 187 11
186 228 15
187 188 4
188 189 8
188 230 11
189 190 6
190 232 9
191 192 12
192 193 12
192 234 1
193 194 9
194 195 14
194 236 12
196 197 17
196 238 19
197 198 15
198 199 5
198 240 4
199 200 16
200 201 6
200 242 1
201 202 19
202 203 16
202 244 4
203 204 17
204 246 11
205 206 17
206 207 6
206 248 15
207 208 3
208 209 15
208 250 1
210 211 18
211 212 7
211 253 5
212 213 3
213 214 1
213 255 17
214 215 15
215 216 7
215 257 12
216 217 9
217 218 7
217 259 15
218 219 8
219 220 6
219 261 12
220 221 5
221 222 18
221 263 4
222 223 11
224 225 12
225 226 17
225 267 15
226 227 9
227 228 1
227 269 12
228 229 3
229 230 12
229 271 13
230 231 4
231 232 10
231 273 7
233 234 18
233 275 10
234 235 12
235 236 17
235 277 8
237 238 10
237 279 7
238 239 8
239 240 6
239 281 9
240 241 19
241 242 13
241 283 3
242 243 16
243 244 15
243 285 15
244 245 12
245 246 15
245 287 5
246 247 6
247 248 4
247 289 12
248 249 6
249 250 7
249 291 12
250 251 8
251 293 8
252 253 1
252 294 17
253 254 6
254 255 15
254 296 6
255 256 8
256 257 8
256 298 12
257 258 6
258 300 1
259 260 17
260 261 9
260 302 5
261 262 5
262 263 2
262 304 2
263 264 4
264 265 8
264 306 1
265 266 19
266 267 4
266 308 13
267 268 19
268 269 11
268 310 12
269 270 14
270 271 5
270 312 9
271 272 10
272 273 14
272 314 6
273 274 3
274 275 7
274 316 4
275 276 7
276 277 9
277 278 1
278 279 4
278 320 5
279 280 13
280 322 4
281 282 9
282 283 15
282 324 5
284 285 13
284 326 10
285 286 15
286 287 11
286 328 1
287 288 1
288 289 12
288 330 1
289 290 1
290 291 4
290 332 9
291 292 1
292 293 2
292 334 14
294 295 14
295 337 18
296 297 18
297 298 1
297 339 16
298 299 1
299 300 14
299 341 12
300 301 12
301 302 16
302 303 2
303 304 1
303 345 11
304 305 16
305 306 10
305 347 11
306 307 14
307 308 13
308 309 5
310 311 1
311 353 10
312 313 1
313 314 12
313 355 18
314 315 18
315 357 4
316 317 14
317 318 11
318 319 5
319 320 16
319 361 1
320 321 9
321 322 7
321 363 9
322 323 12
323 324 6
323 365 4
324 325 8
325 326 1
325 367 7
326 327 13
327 369 18
328 329 10
329 330 14
329 371 9
330 331 13
331 332 1
331 373 11
332 333 4
333 334 10
333 375 18
335 377 11
336 337 6
336 378 13
338 339 10
338 380 5
339 340 8
340 341 12
340 382 9
341 342 8
342 384 18
343 344 13
344 345 10
344 386 18
345 346 6
346 347 4
346 388 6
347 348 14
348 349 16
348 390 5
349 350 16
350 351 2
350 392 14
352 353 11
352 394 11
353 354 3
354 355 6
354 396 10
355 356 16
356 357 17
356 398 2
357 358 12
358 359 17
358 400 8
359 360 10
360 361 5
360 402 16
361 362 11
362 363 12
362 404 8
363 364 4
364 406 3
365 366 2
366 367 6
366 408 7
367 368 8
368 369 6
368 410 18
369 370 9
370 371 9
370 412 16
371 372 7
372 373 17
372 414 14
373 374 6
374 375 6
374 416 12
375 376 13
376 377 5
376 418 9
378 379 17
379 380 1
380 381 16
381 382 9
382 383 4
383 425 4
384 385 7
385 386 12
385 427 4
386 387 12
387 388 4
387 429 10
388 389 16
389 390 14
389 431 1
390 391 5
391 392 14
391 433 3
392 393 12
393 394 10
393 435 12
394 395 4
395 396 13
395 437 5
396 397 17
397 398 13
397 439 6
398 399 6
399 400 15
399 441 11
400 401 4
401 402 3
401 443 12
402 403 3
403 404 3
403 445 19
404 405 11
405 406 14
405 447 5
406 407 17
407 408 18
407 449 13
408 409 18
409 410 5
409 451 8
410 411 2
411 412 13
411 453 17
412 413 13
413 414 1
413 455 16
414 415 1
415 416 7
415 457 2
416 417 10
417 418 5
417 459 6
418 419 16
419 461 12
420 421 4
420 462 8
422 423 1
422 464 1
424 425 15
424 466 8
426 427 4
426 468 10
427 428 8
428 429 6
428 470 18
430 431 14
430 472 10
431 432 16
432 433 10
432 474 11
433 434 8
434 435 3
435 436 5
436 478 19
437 438 10
438 439 9
438 480 7
439 440 12
440 441 6
440 482 4
441 442 17
442 443 14
443 444 15
444 445 17
444 486 7
445 446 5
446 447 15
446 488 2
447 448 14
448 449 12
448 490 13
449 450 1
450 451 7
450 492 6
451 452 8
452 453 8
452 494 18
453 454 5
454 455 3
454 496 19
455 456 17
456 457 15
456 498 14
457 458 15
458 459 9
458 500 12
459 460 8
460 461 9
460 502 8
462 463 4
463 464 10
463 505 6
464 465 1
465 466 17
465 507 9
466 467 3
467 468 14
467 509 12
469 470 14
470 471 3
471 472 2
471 513 14
472 473 2
473 474 8
473 515 11
474 475 15
475 476 17
475 517 1
476 477 11
477 478 10
477 519 11
478 479 17
479 480 1
479 521 6
480 481 4
481 482 3
482 483 15
483 484 10
483 525 15
484 485 6
485 527 5
487 488 12
487 529 8
488 489 11
489 490 11
489 531 9
490 491 18
491 533 13
492 493 3
493 494 1
493 535 2
495 496 10
495 537 17
496 497 13
497 498 2
497 539 12
498 499 15
499 500 10
499 541 4
500 501 15
501 543 9
502 503 8
503 545 16
504 505 4
504 546 6
505 506 16
506 548 11
508 509 12
508 550 7
509 510 2
510 511 15
511 512 4
512 513 6
512 554 7
513 514 15
514 556 8
515 516 16
516 558 16
517 518 3
518 519 14
518 560 16
520 521 19
520 562 10
521 522 15
522 523 11
522 564 4
523 524 9
524 525 15
524 566 6
525 526 18
526 527 6
526 568 8
527 528 2
528 529 11
528 570 16
529 530 1
530 531 1
530 572 11
531 532 8
532 574 14
533 534 5
534 535 7
534 576 11
535 536 4
536 537 3
536 578 2
537 538 14
538 539 16
540 541 6
540 582 1
541 542 1
542 543 7
542 584 18
543 544 3
544 545 10
544 586 14
546 547 5
547 548 18
547 589 2
548 549 11
549 550 9
549 591 8
550 551 13
551 552 5
551 593 7
552 553 11
553 554 4
553 595 13
554 555 11
555 556 8
555 597 12
556 557 13
557 558 6
557 599 18
558 559 1
559 560 3
559 601 8
560 561 1
561 562 8
561 603 4
562 563 1
563 564 15
563 605 10
564 565 14
565 566 12
565 607 8
566 567 14
567 609 18
568 569 3
569 570 7
569 611 3
570 571 13
571 572 14
571 613 1
572 573 16
573 615 8
574 575 10
575 576 3
575 617 8
576 577 12
577 578 11
577 619 3
579 580 6
579 621 10
580 581 1
581 582 4
581 623 5
582 583 1
583 584 8
583 625 12
585 586 9
585 627 10
586 587 3
587 629 7
588 589 9
588 630 7
589 590 16
590 591 6
590 632 10
591 592 3
592 593 11
592 634 14
593 594 15
594 595 7
594 636 6
595 596 1
596 597 4
596 638 10
598 599 17
598 640 3
599 600 13
600 601 16
600 642 4
601 602 12
602 603 2
602 644 1
603 604 10
604 605 5
604 646 18
605 606 9
606 607 5
606 648 10
607 608 11
608 609 12
608 650 1
609 610 15
610 611 11
610 652 7
611 612 14
612 654 11
613 614 1
614 615 10
614 656 4
615 616 14
616 617 12
616 658 16
617 618 15
618 619 5
618 660 2
619 620 7
620 621 12
620 662 13
621 622 13
622 623 5
624 666 1
625 626 18
626 627 14
627 628 18
628 629 8
628 670 8
630 631 18
631 632 4
632 633 17
633 634 1
633 675 14
634 635 11
635 636 1
635 677 11
636 637 2
637 638 10
637 679 1
638 639 14
639 681 16
640 641 13
641 642 7
641 683 8
642 643 9
643 644 6
643 685 11
645 646 6
645 687 12
646 647 12
647 648 5
647 689 4
648 649 6
649 650 6
649 691 10
651 652 1
651 693 10
652 653 15
653 654 4
653 695 10
654 655 4
655 656 1
655 697 12
656 657 4
657 658 12
657 699 6
658 659 9
659 660 7
659 701 11
660 661 7
661 662 10
661 703 16
662 663 7
663 664 4
663 705 12
664 665 9
665 666 3
665 707 17
666 667 5
667 668 18
667 709 10
668 669 19
669 670 12
670 671 19
671 713 10
672 673 4
672 714 9
673 674 13
674 675 11
675 676 18
676 677 6
676 718 10
677 678 12
678 679 12
678 720 19
679 680 7
680 681 3
680 722 13
681 682 17
682 683 19
682 724 9
683 684 11
684 726 13
685 686 17
686 687 2
686 728 7
687 688 15
688 689 4
688 730 3
689 690 13
690 691 14
690 732 1
691 692 17
692 693 18
692 734 12
693 694 1
694 695 1
694 736 5
695 696 9
696 697 7
696 738 13
697 698 17
698 699 11
698 740 11
699 700 10
700 742 11
701 702 10
702 703 3
702 744 14
703 704 10
704 705 6
704 746 9
705 706 12
706 707 2
706 748 17
707 708 17
708 709 16
708 750 6
709 710 5
710 711 13
710 752 4
711 712 2
712 713 16
712 754 5
714 715 18
715 757 13
716 717 8
717 718 2
717 759 9
718 719 15
720 721 2
721 722 18
721 763 13
722 723 7
723 724 10
723 765 7
724 725 10
726 727 1
727 728 10
727 769 11
728 729 17
729 730 1
729 771 4
731 732 6
731 773 13
732 733 8
733 734 3
733 775 1
734 735 7
735 736 8
735 777 2
736 737 11
737 738 19
737 779 16
738 739 15
739 740 1
739 781 15
740 741 17
741 742 8
741 783 9
742 743 1
743 785 5
744 745 4
745 746 15
745 787 3
746 747 7
747 748 10
747 789 14
748 749 18
749 750 3
749 791 1
750 751 12
751 793 10
752 753 3
753 754 9
753 795 4
754 755 15
756 757 7
756 798 6
757 758 6
758 759 17
758 800 12
759 760 6
760 761 12
760 802 10
761 762 4
762 763 8
762 804 4
763 764 3
764 765 1
764 806 2
765 766 1
766 767 8
766 808 6
768 769 9
768 810 4
769 770 17
770 812 19
771 772 18
772 773 13
772 814 1
773 774 9
774 775 12
774 816 18
775 776 4
776 777 16
776 818 10
777 778 8
778 779 6
778 820 2
779 780 1
780 781 4
780 822 11
781 782 15
782 783 1
782 824 4
783 784 11
784 785 5
784 826 1
785 786 1
786 787 12
786 828 17
787 788 3
788 789 12
788 830 11
789 790 16
790 832 4
791 792 14
792 793 16
792 834 14
793 794 7
794 795 11
794 836 3
795 796 14
796 797 17
796 838 9
798 799 1
799 800 12
799 840 11
800 801 16
801 802 8
801 842 8
802 803 8
803 804 14
803 844 18
805 806 1
805 846 15
806 807 1
807 808 1
807 848 5
808 809 14
809 810 17
809 850 9
810 811 5
811 812 13
811 852 11
812 813 2
813 814 6
813 854 13
814 815 1
815 816 9
815 856 3
816 817 12
817 818 6
817 858 6
818 819 15
819 820 9
819 860 11
820 821 18
821 822 16
821 862 5
823 824 4
823 864 14
824 825 12
825 826 15
825 866 10
826 827 2
827 828 2
827 868 3
828 829 12
829 830 17
829 870 6
830 831 12
831 872 13
833 874 19
834 835 16
835 836 9
835 876 12
836 837 7
837 838 6
837 878 8
838 839 7
839 880 15
840 841 4
841 842 19
842 843 1
843 844 1
844 845 11
845 846 11
846 847 13
848 849 6
849 850 8
850 851 4
851 852 4
853 854 11
854 855 2
855 856 8
856 857 7
857 858 12
858 859 16
859 860 15
860 861 2
861 862 8
862 863 2
863 864 6
865 866 5
866 867 1
867 868 18
868 869 5
869 870 16
870 871 1
871 872 1
872 873 15
873 874 9
875 876 12
876 877 12
878 879 11
1
44
95
230
273
448
490
534
667
753
