198 470 1 198 3
1 2 4
1 20 17
2 1 4
2 3 8
3 2 8
3 4 12
3 22 7
4 3 12
4 5 7
5 4 7
5 6 8
5 24 16
6 5 8
6 7 17
7 6 17
7 8 13
7 26 3
8 7 13
9 10 2
9 28 12
10 9 2
11 12 14
11 30 11
12 11 14
12 13 4
13 12 4
13 14 5
13 32 11
14 13 5
14 15 10
15 14 10
15 34 8
16 17 5
17 16 5
17 18 5
17 36 3
18 17 5
18 19 12
19 18 12
19 38 6
20 1 17
20 21 16
21 20 16
21 41 7
22 3 7
22 23 6
23 22 6
23 24 3
24 5 16
24 23 3
25 26 4
25 45 16
26 7 3
26 25 4
27 28 2
27 47 4
28 9 12
28 27 2
28 29 18
29 28 18
29 30 5
29 49 4
30 11 11
30 29 5
30 31 5
31 30 5
31 32 4
31 51 1
32 13 11
32 31 4
32 33 10
33 32 10
33 34 4
34 15 8
34 33 4
34 35 15
35 34 15
35 55 4
36 17 3
36 37 1
37 36 1
37 38 14
37 57 9
38 19 6
38 37 14
38 39 14
39 38 14
39 59 18
40 41 16
40 60 12
41 21 7
41 40 16
41 42 13
42 41 13
42 62 2
43 44 13
44 43 13
44 45 9
44 64 5
45 25 16
45 44 9
46 47 15
47 27 4
47 46 15
48 68 10
49 29 4
49 50 13
50 49 13
50 51 11
50 70 10
51 31 1
51 50 11
51 52 15
52 51 15
52 53 14
52 72 3
53 52 14
53 54 9
54 53 9
54 55 8
54 74 3
55 35 4
55 54 8
55 56 5
56 55 5
56 57 4
56 76 15
57 37 9
57 56 4
57 58 16
58 57 16
58 59 17
58 78 3
59 39 18
59 58 17
60 40 12
60 61 14
61 60 14
61 62 13
61 81 10
62 42 2
62 61 13
62 63 8
63 62 8
63 64 18
64 44 5
64 63 18
64 65 14
65 64 14
65 66 6
65 85 10
66 65 6
66 67 10
67 66 10
67 68 2
68 48 10
68 67 2
68 69 13
69 68 13
69 70 11
69 89 6
70 50 10
70 69 11
71 72 18
71 91 2
72 52 3
72 71 18
72 73 17
73 72 17
73 74 6
74 54 3
74 73 6
74 75 3
75 74 3
75 76 6
75 95 9
76 56 15
76 75 6
76 77 6
77 76 6
77 78 14
77 97 2
78 58 3
78 77 14
78 79 3
79 78 3
79 99 9
80 81 18
80 100 15
81 61 10
81 80 18
81 82 13
82 81 13
82 83 17
82 102 2
83 82 17
84 85 13
85 65 10
85 84 13
85 86 9
86 85 9
86 87 7
86 106 2
87 86 7
88 108 17
89 69 6
89 90 18
90 89 18
90 91 16
90 110 4
91 71 2
91 90 16
91 92 10
92 91 10
92 112 16
93 94 14
94 93 14
94 95 15
94 114 6
95 75 9
95 94 15
95 96 3
96 95 3
96 116 10
97 77 2
97 98 2
98 97 2
98 99 17
98 118 14
99 79 9
99 98 17
100 80 15
100 101 7
101 100 7
101 102 11
101 121 19
102 82 2
102 101 11
102 103 11
103 102 11
103 104 7
103 123 17
104 103 7
104 105 2
105 104 2
105 125 16
106 86 2
106 107 6
107 106 6
107 108 13
107 127 17
108 88 17
108 107 13
109 110 1
109 129 11
110 90 4
110 109 1
110 111 7
111 110 7
111 112 12
111 131 3
112 92 16
112 111 12
112 113 14
113 112 14
113 114 16
113 133 13
114 94 6
114 113 16
114 115 10
115 114 10
115 116 18
115 135 17
116 96 10
116 115 18
117 118 16
117 137 3
118 98 14
118 117 16
118 119 9
119 118 9
119 139 3
120 121 8
120 140 1
121 101 19
121 120 8
121 122 1
122 121 1
122 142 2
123 103 17
123 124 7
124 123 7
124 125 13
124 144 13
125 105 16
125 124 13
126 127 2
126 146 3
127 107 17
127 126 2
127 128 14
128 127 14
128 129 16
128 148 13
129 109 11
129 128 16
129 130 13
130 129 13
131 111 3
131 132 5
132 131 5
132 133 7
132 152 13
133 113 13
133 132 7
133 134 13
134 133 13
134 135 7
134 154 13
135 115 17
135 134 7
135 136 4
136 135 4
136 137 19
136 156 8
137 117 3
137 136 19
137 138 16
138 137 16
138 139 4
138 158 8
139 119 3
139 138 4
140 120 1
140 141 9
141 140 9
141 142 8
141 161 5
142 122 2
142 141 8
143 144 7
143 163 18
144 124 13
144 143 7
144 145 11
145 144 11
145 146 14
145 165 13
146 126 3
146 145 14
147 148 18
147 167 8
148 128 13
148 147 18
149 150 15
149 169 13
150 149 15
150 151 1
151 150 1
151 152 6
151 171 3
152 132 13
152 151 6
152 153 5
153 152 5
153 154 5
153 173 7
154 134 13
154 153 5
154 155 10
155 154 10
155 156 19
155 175 1
156 136 8
156 155 19
156 157 17
157 156 17
157 158 6
157 177 13
158 138 8
158 157 6
159 179 11
160 161 13
160 180 7
161 141 5
161 160 13
161 162 6
162 161 6
162 163 3
162 182 2
163 143 18
163 162 3
163 164 9
164 163 9
164 165 6
165 145 13
165 164 6
166 167 15
166 186 8
167 147 8
167 166 15
167 168 16
168 167 16
168 169 7
168 188 7
169 149 13
169 168 7
169 170 14
170 169 14
171 151 3
171 172 15
172 171 15
172 173 7
172 192 16
173 153 7
173 172 7
173 174 6
174 173 6
174 194 14
175 155 1
175 176 12
176 175 12
176 196 5
177 157 13
177 178 16
178 177 16
178 179 5
178 198 4
179 159 11
179 178 5
180 160 7
181 182 17
182 162 2
182 181 17
182 183 15
183 182 15
184 185 16
185 184 16
185 186 13
186 166 8
186 185 13
186 187 6
187 186 6
187 188 3
188 168 7
188 187 3
188 189 8
189 188 8
189 190 9
190 189 9
190 191 15
191 190 15
191 192 14
192 172 16
192 191 14
192 193 15
193 192 15
193 194 6
194 174 14
194 193 6
194 195 13
195 194 13
195 196 12
196 176 5
196 195 12
196 197 15
197 196 15
197 198 10
198 178 4
198 197 10
1 66 68 131
21 67 110 155
62 64 132 196
