798 1976 1 798 3
1 2 1
1 40 1
2 1 1
2 3 1
3 2 1
3 4 1
4 3 1
4 5 1
5 4 1
5 44 1
6 7 1
7 6 1
7 8 1
7 46 1
8 7 1
8 9 1
9 8 1
9 10 1
9 48 1
10 9 1
10 11 1
11 10 1
11 12 1
11 50 1
12 11 1
12 13 1
13 12 1
13 52 1
14 15 1
15 14 1
15 16 1
15 54 1
16 15 1
16 17 1
17 16 1
17 18 1
17 56 1
18 17 1
18 19 1
19 18 1
19 58 1
20 21 1
21 20 1
21 22 1
21 60 1
22 21 1
22 23 1
23 22 1
23 24 1
24 23 1
24 25 1
25 24 1
25 26 1
25 64 1
26 25 1
27 28 1
27 66 1
28 27 1
28 29 1
29 28 1
29 30 1
29 68 1
30 29 1
30 31 1
31 30 1
31 32 1
31 70 1
32 31 1
32 33 1
33 32 1
33 34 1
33 72 1
34 33 1
34 35 1
35 34 1
35 36 1
35 74 1
36 35 1
37 38 1
37 76 1
38 37 1
38 39 1
39 38 1
40 1 1
40 41 1
41 40 1
41 42 1
41 81 1
42 41 1
42 43 1
43 42 1
43 83 1
44 5 1
44 45 1
45 44 1
45 46 1
45 85 1
46 7 1
46 45 1
46 47 1
47 46 1
47 48 1
47 87 1
48 9 1
48 47 1
48 49 1
49 48 1
49 50 1
49 89 1
50 11 1
50 49 1
50 51 1
51 50 1
51 52 1
51 91 1
52 13 1
52 51 1
52 53 1
53 52 1
53 54 1
53 93 1
54 15 1
54 53 1
54 55 1
55 54 1
55 56 1
55 95 1
56 17 1
56 55 1
56 57 1
57 56 1
57 58 1
57 97 1
58 19 1
58 57 1
58 59 1
59 58 1
59 60 1
59 99 1
60 21 1
60 59 1
60 61 1
61 60 1
61 62 1
61 101 1
62 61 1
62 63 1
63 62 1
63 64 1
64 25 1
64 63 1
64 65 1
65 64 1
65 66 1
65 105 1
66 27 1
66 65 1
66 67 1
67 66 1
67 68 1
67 107 1
68 29 1
68 67 1
69 70 1
69 109 1
70 31 1
70 69 1
70 71 1
71 70 1
71 72 1
71 111 1
72 33 1
72 71 1
72 73 1
73 72 1
73 113 1
74 35 1
74 75 1
75 74 1
75 76 1
75 115 1
76 37 1
76 75 1
76 77 1
77 76 1
77 78 1
77 117 1
78 77 1
78 79 1
79 78 1
79 119 1
80 120 1
81 41 1
81 82 1
82 81 1
82 83 1
82 122 1
83 43 1
83 82 1
83 84 1
84 83 1
84 124 1
85 45 1
86 126 1
87 47 1
88 89 1
88 128 1
89 49 1
89 88 1
89 90 1
90 89 1
90 91 1
91 51 1
91 90 1
91 92 1
92 91 1
92 93 1
92 132 1
93 53 1
93 92 1
93 94 1
94 93 1
94 95 1
94 134 1
95 55 1
95 94 1
95 96 1
96 95 1
96 97 1
96 136 1
97 57 1
97 96 1
97 98 1
98 97 1
98 99 1
99 59 1
99 98 1
99 100 1
100 99 1
100 101 1
100 140 1
101 61 1
101 100 1
101 102 1
102 101 1
102 142 1
103 104 1
104 103 1
104 105 1
104 144 1
105 65 1
105 104 1
105 106 1
106 105 1
106 107 1
106 146 1
107 67 1
107 106 1
107 108 1
108 107 1
108 109 1
108 148 1
109 69 1
109 108 1
109 110 1
110 109 1
110 111 1
110 150 1
111 71 1
111 110 1
111 112 1
112 111 1
112 152 1
113 73 1
113 114 1
114 113 1
114 115 1
114 154 1
115 75 1
115 114 1
115 116 1
116 115 1
116 156 1
117 77 1
118 119 1
118 158 1
119 79 1
119 118 1
120 80 1
120 121 1
121 120 1
121 122 1
121 161 1
122 82 1
122 121 1
122 123 1
123 122 1
123 163 1
124 84 1
124 125 1
125 124 1
125 126 1
125 165 1
126 86 1
126 125 1
126 127 1
127 126 1
127 128 1
127 167 1
128 88 1
128 127 1
128 129 1
129 128 1
129 130 1
129 169 1
130 129 1
130 131 1
131 130 1
131 132 1
131 171 1
132 92 1
132 131 1
132 133 1
133 132 1
134 94 1
135 136 1
135 175 1
136 96 1
136 135 1
136 137 1
137 136 1
137 177 1
138 139 1
139 138 1
139 140 1
139 179 1
140 100 1
140 139 1
140 141 1
141 140 1
141 181 1
142 102 1
142 143 1
143 142 1
143 144 1
143 183 1
144 104 1
144 143 1
144 145 1
145 144 1
145 185 1
146 106 1
146 147 1
147 146 1
147 187 1
148 108 1
148 149 1
149 148 1
149 189 1
150 110 1
150 151 1
151 150 1
151 152 1
151 191 1
152 112 1
152 151 1
152 153 1
153 152 1
153 154 1
154 114 1
154 153 1
154 155 1
155 154 1
155 195 1
156 116 1
156 157 1
157 156 1
157 158 1
157 197 1
158 118 1
158 157 1
158 159 1
159 158 1
159 199 1
160 161 1
160 200 1
161 121 1
161 160 1
161 162 1
162 161 1
162 163 1
163 123 1
163 162 1
163 164 1
164 163 1
164 165 1
165 125 1
165 164 1
165 166 1
166 165 1
167 127 1
167 168 1
168 167 1
169 129 1
169 170 1
170 169 1
170 171 1
170 210 1
171 131 1
171 170 1
171 172 1
172 171 1
172 173 1
172 212 1
173 172 1
173 174 1
174 173 1
174 175 1
175 135 1
175 174 1
176 177 1
176 216 1
177 137 1
177 176 1
177 178 1
178 177 1
178 179 1
178 218 1
179 139 1
179 178 1
179 180 1
180 179 1
180 181 1
180 220 1
181 141 1
181 180 1
181 182 1
182 181 1
183 143 1
183 184 1
184 183 1
184 224 1
185 145 1
185 186 1
186 185 1
186 187 1
186 226 1
187 147 1
187 186 1
187 188 1
188 187 1
188 189 1
188 228 1
189 149 1
189 188 1
189 190 1
190 189 1
190 230 1
191 151 1
191 192 1
192 191 1
192 193 1
192 232 1
193 192 1
193 194 1
194 193 1
194 195 1
194 234 1
195 155 1
195 194 1
195 196 1
196 195 1
196 197 1
196 236 1
197 157 1
197 196 1
197 198 1
198 197 1
198 199 1
198 238 1
199 159 1
199 198 1
200 160 1
200 201 1
201 200 1
201 202 1
201 241 1
202 201 1
202 203 1
203 202 1
203 204 1
204 203 1
205 206 1
205 245 1
206 205 1
206 207 1
207 206 1
207 208 1
208 207 1
209 249 1
210 170 1
210 211 1
211 210 1
211 212 1
211 251 1
212 172 1
212 211 1
212 213 1
213 212 1
213 214 1
213 253 1
214 213 1
214 215 1
215 214 1
215 216 1
215 255 1
216 176 1
216 215 1
217 218 1
218 178 1
218 217 1
218 219 1
219 218 1
219 220 1
219 259 1
220 180 1
220 219 1
220 221 1
221 220 1
221 222 1
222 221 1
222 223 1
223 222 1
223 224 1
223 263 1
224 184 1
224 223 1
224 225 1
225 224 1
225 265 1
226 186 1
226 227 1
227 226 1
227 228 1
227 267 1
228 188 1
228 227 1
229 230 1
229 269 1
230 190 1
230 229 1
230 231 1
231 230 1
231 232 1
231 271 1
232 192 1
232 231 1
232 233 1
233 232 1
233 234 1
233 273 1
234 194 1
234 233 1
235 275 1
236 196 1
236 237 1
237 236 1
237 238 1
237 277 1
238 198 1
238 237 1
238 239 1
239 238 1
239 279 1
240 241 1
240 280 1
241 201 1
241 240 1
241 242 1
242 241 1
242 243 1
242 282 1
243 242 1
243 244 1
244 243 1
244 245 1
244 284 1
245 205 1
245 244 1
245 246 1
246 245 1
246 286 1
247 248 1
248 247 1
248 249 1
248 288 1
249 209 1
249 248 1
250 251 1
250 290 1
251 211 1
251 250 1
251 252 1
252 251 1
252 292 1
253 213 1
253 254 1
254 253 1
254 255 1
254 294 1
255 215 1
255 254 1
255 256 1
256 255 1
256 257 1
256 296 1
257 256 1
257 258 1
258 257 1
258 259 1
258 298 1
259 219 1
259 258 1
259 260 1
260 259 1
260 261 1
261 260 1
261 262 1
262 261 1
262 302 1
263 223 1
263 264 1
264 263 1
264 304 1
265 225 1
265 266 1
266 265 1
266 267 1
266 306 1
267 227 1
267 266 1
267 268 1
268 267 1
268 269 1
268 308 1
269 229 1
269 268 1
270 271 1
271 231 1
271 270 1
271 272 1
272 271 1
272 273 1
272 312 1
273 233 1
273 272 1
273 274 1
274 273 1
274 275 1
274 314 1
275 235 1
275 274 1
276 277 1
276 316 1
277 237 1
277 276 1
277 278 1
278 277 1
278 318 1
279 239 1
280 240 1
280 281 1
281 280 1
281 282 1
282 242 1
282 281 1
282 283 1
283 282 1
283 284 1
283 323 1
284 244 1
284 283 1
284 285 1
285 284 1
285 286 1
285 325 1
286 246 1
286 285 1
286 287 1
287 286 1
287 288 1
288 248 1
288 287 1
288 289 1
289 288 1
289 290 1
289 329 1
290 250 1
290 289 1
290 291 1
291 290 1
291 292 1
291 331 1
292 252 1
292 291 1
292 293 1
293 292 1
293 294 1
294 254 1
294 293 1
294 295 1
295 294 1
295 296 1
296 256 1
296 295 1
297 298 1
297 337 1
298 258 1
298 297 1
298 299 1
299 298 1
299 339 1
300 301 1
301 300 1
301 302 1
301 341 1
302 262 1
302 301 1
303 304 1
303 343 1
304 264 1
304 303 1
304 305 1
305 304 1
305 306 1
306 266 1
306 305 1
306 307 1
307 306 1
307 308 1
307 347 1
308 268 1
308 307 1
309 310 1
310 309 1
310 311 1
311 310 1
311 351 1
312 272 1
312 313 1
313 312 1
313 314 1
313 353 1
314 274 1
314 313 1
314 315 1
315 314 1
315 355 1
316 276 1
316 317 1
317 316 1
317 318 1
317 357 1
318 278 1
318 317 1
318 319 1
319 318 1
319 359 1
320 321 1
320 360 1
321 320 1
321 322 1
322 321 1
322 323 1
322 362 1
323 283 1
323 322 1
323 324 1
324 323 1
324 325 1
324 364 1
325 285 1
325 324 1
325 326 1
326 325 1
326 327 1
327 326 1
327 328 1
328 327 1
329 289 1
329 330 1
330 329 1
330 331 1
331 291 1
331 330 1
331 332 1
332 331 1
332 333 1
332 372 1
333 332 1
333 334 1
334 333 1
334 335 1
334 374 1
335 334 1
335 336 1
336 335 1
336 337 1
336 376 1
337 297 1
337 336 1
337 338 1
338 337 1
338 378 1
339 299 1
340 341 1
340 380 1
341 301 1
341 340 1
341 342 1
342 341 1
342 343 1
342 382 1
343 303 1
343 342 1
344 345 1
344 384 1
345 344 1
345 346 1
346 345 1
346 347 1
347 307 1
347 346 1
347 348 1
348 347 1
348 349 1
349 348 1
349 350 1
350 349 1
350 351 1
350 390 1
351 311 1
351 350 1
351 352 1
352 351 1
352 353 1
352 392 1
353 313 1
353 352 1
353 354 1
354 353 1
354 355 1
354 394 1
355 315 1
355 354 1
355 356 1
356 355 1
356 357 1
356 396 1
357 317 1
357 356 1
357 358 1
358 357 1
358 359 1
359 319 1
359 358 1
360 320 1
360 361 1
361 360 1
361 401 1
362 322 1
362 363 1
363 362 1
363 364 1
363 403 1
364 324 1
364 363 1
365 366 1
366 365 1
366 367 1
367 366 1
367 368 1
367 407 1
368 367 1
368 369 1
369 368 1
369 370 1
370 369 1
370 371 1
371 370 1
371 372 1
371 411 1
372 332 1
372 371 1
372 373 1
373 372 1
373 374 1
373 413 1
374 334 1
374 373 1
374 375 1
375 374 1
375 376 1
375 415 1
376 336 1
376 375 1
376 377 1
377 376 1
377 378 1
377 417 1
378 338 1
378 377 1
378 379 1
379 378 1
379 419 1
380 340 1
381 421 1
382 342 1
382 383 1
383 382 1
383 384 1
383 423 1
384 344 1
384 383 1
384 385 1
385 384 1
385 386 1
385 425 1
386 385 1
386 387 1
387 386 1
387 388 1
387 427 1
388 387 1
388 389 1
389 388 1
389 390 1
389 429 1
390 350 1
390 389 1
391 392 1
391 431 1
392 352 1
392 391 1
392 393 1
393 392 1
393 394 1
393 433 1
394 354 1
394 393 1
394 395 1
395 394 1
395 396 1
395 435 1
396 356 1
396 395 1
396 397 1
397 396 1
397 398 1
397 437 1
398 397 1
398 399 1
399 398 1
399 439 1
400 401 1
400 440 1
401 361 1
401 400 1
402 403 1
402 442 1
403 363 1
403 402 1
404 444 1
405 406 1
406 405 1
406 407 1
406 446 1
407 367 1
407 406 1
407 408 1
408 407 1
408 409 1
408 448 1
409 408 1
409 410 1
410 409 1
410 411 1
410 450 1
411 371 1
411 410 1
411 412 1
412 411 1
412 413 1
412 452 1
413 373 1
413 412 1
413 414 1
414 413 1
414 415 1
414 454 1
415 375 1
415 414 1
415 416 1
416 415 1
416 417 1
417 377 1
417 416 1
418 419 1
418 458 1
419 379 1
419 418 1
419 420 1
420 419 1
420 421 1
420 460 1
421 381 1
421 420 1
421 422 1
422 421 1
422 423 1
422 462 1
423 383 1
423 422 1
423 424 1
424 423 1
424 425 1
425 385 1
425 424 1
425 426 1
426 425 1
426 427 1
426 466 1
427 387 1
427 426 1
427 428 1
428 427 1
428 429 1
428 468 1
429 389 1
429 428 1
429 430 1
430 429 1
430 431 1
430 470 1
431 391 1
431 430 1
431 432 1
432 431 1
432 433 1
433 393 1
433 432 1
434 435 1
434 474 1
435 395 1
435 434 1
435 436 1
436 435 1
436 437 1
437 397 1
437 436 1
438 439 1
438 478 1
439 399 1
439 438 1
440 400 1
440 441 1
441 440 1
441 442 1
441 481 1
442 402 1
442 441 1
442 443 1
443 442 1
443 444 1
443 483 1
444 404 1
444 443 1
444 445 1
445 444 1
445 446 1
445 485 1
446 406 1
446 445 1
446 447 1
447 446 1
447 448 1
447 487 1
448 408 1
448 447 1
448 449 1
449 448 1
449 450 1
450 410 1
450 449 1
450 451 1
451 450 1
451 452 1
451 491 1
452 412 1
452 451 1
452 453 1
453 452 1
453 454 1
453 493 1
454 414 1
454 453 1
454 455 1
455 454 1
455 456 1
455 495 1
456 455 1
456 457 1
457 456 1
457 458 1
457 497 1
458 418 1
458 457 1
458 459 1
459 458 1
459 460 1
459 499 1
460 420 1
460 459 1
460 461 1
461 460 1
461 462 1
461 501 1
462 422 1
462 461 1
462 463 1
463 462 1
463 464 1
463 503 1
464 463 1
464 465 1
465 464 1
465 466 1
465 505 1
466 426 1
466 465 1
466 467 1
467 466 1
467 468 1
467 507 1
468 428 1
468 467 1
468 469 1
469 468 1
469 470 1
469 509 1
470 430 1
470 469 1
470 471 1
471 470 1
471 472 1
472 471 1
472 473 1
473 472 1
473 474 1
473 513 1
474 434 1
474 473 1
475 476 1
475 515 1
476 475 1
476 477 1
477 476 1
477 478 1
477 517 1
478 438 1
478 477 1
478 479 1
479 478 1
479 519 1
480 481 1
480 520 1
481 441 1
481 480 1
481 482 1
482 481 1
482 483 1
482 522 1
483 443 1
483 482 1
483 484 1
484 483 1
484 485 1
484 524 1
485 445 1
485 484 1
486 487 1
486 526 1
487 447 1
487 486 1
487 488 1
488 487 1
488 528 1
489 490 1
490 489 1
490 491 1
490 530 1
491 451 1
491 490 1
491 492 1
492 491 1
492 493 1
492 532 1
493 453 1
493 492 1
493 494 1
494 493 1
494 495 1
494 534 1
495 455 1
495 494 1
495 496 1
496 495 1
496 497 1
496 536 1
497 457 1
497 496 1
497 498 1
498 497 1
498 499 1
498 538 1
499 459 1
499 498 1
499 500 1
500 499 1
500 501 1
500 540 1
501 461 1
501 500 1
501 502 1
502 501 1
502 503 1
502 542 1
503 463 1
503 502 1
504 505 1
504 544 1
505 465 1
505 504 1
505 506 1
506 505 1
506 507 1
506 546 1
507 467 1
507 506 1
507 508 1
508 507 1
508 509 1
508 548 1
509 469 1
509 508 1
509 510 1
510 509 1
510 511 1
510 550 1
511 510 1
511 512 1
512 511 1
512 552 1
513 473 1
513 514 1
514 513 1
514 515 1
514 554 1
515 475 1
515 514 1
516 517 1
516 556 1
517 477 1
517 516 1
517 518 1
518 517 1
518 519 1
518 558 1
519 479 1
519 518 1
520 480 1
520 521 1
521 520 1
521 522 1
521 561 1
522 482 1
522 521 1
522 523 1
523 522 1
523 524 1
523 563 1
524 484 1
524 523 1
524 525 1
525 524 1
525 565 1
526 486 1
526 527 1
527 526 1
527 528 1
528 488 1
528 527 1
528 529 1
529 528 1
529 530 1
529 569 1
530 490 1
530 529 1
531 532 1
531 571 1
532 492 1
532 531 1
532 533 1
533 532 1
533 534 1
534 494 1
534 533 1
534 535 1
535 534 1
535 536 1
535 575 1
536 496 1
536 535 1
536 537 1
537 536 1
537 538 1
538 498 1
538 537 1
538 539 1
539 538 1
539 579 1
540 500 1
541 542 1
541 581 1
542 502 1
542 541 1
542 543 1
543 542 1
543 544 1
543 583 1
544 504 1
544 543 1
544 545 1
545 544 1
545 546 1
545 585 1
546 506 1
546 545 1
546 547 1
547 546 1
547 548 1
548 508 1
548 547 1
548 549 1
549 548 1
549 550 1
549 589 1
550 510 1
550 549 1
550 551 1
551 550 1
551 552 1
551 591 1
552 512 1
552 551 1
552 553 1
553 552 1
553 554 1
553 593 1
554 514 1
554 553 1
554 555 1
555 554 1
555 556 1
555 595 1
556 516 1
556 555 1
556 557 1
557 556 1
557 558 1
557 597 1
558 518 1
558 557 1
558 559 1
559 558 1
559 599 1
560 561 1
560 600 1
561 521 1
561 560 1
561 562 1
562 561 1
562 563 1
562 602 1
563 523 1
563 562 1
563 564 1
564 563 1
564 565 1
564 604 1
565 525 1
565 564 1
565 566 1
566 565 1
566 567 1
566 606 1
567 566 1
567 568 1
568 567 1
568 608 1
569 529 1
569 570 1
570 569 1
570 610 1
571 531 1
571 572 1
572 571 1
572 612 1
573 574 1
574 573 1
574 575 1
574 614 1
575 535 1
575 574 1
575 576 1
576 575 1
576 577 1
576 616 1
577 576 1
578 579 1
578 618 1
579 539 1
579 578 1
579 580 1
580 579 1
580 581 1
580 620 1
581 541 1
581 580 1
581 582 1
582 581 1
582 583 1
583 543 1
583 582 1
584 585 1
584 624 1
585 545 1
585 584 1
585 586 1
586 585 1
586 626 1
587 588 1
588 587 1
588 589 1
589 549 1
589 588 1
589 590 1
590 589 1
590 591 1
590 630 1
591 551 1
591 590 1
591 592 1
592 591 1
592 593 1
592 632 1
593 553 1
593 592 1
593 594 1
594 593 1
594 595 1
594 634 1
595 555 1
595 594 1
595 596 1
596 595 1
596 597 1
596 636 1
597 557 1
597 596 1
597 598 1
598 597 1
598 599 1
598 638 1
599 559 1
599 598 1
600 560 1
600 601 1
601 600 1
601 602 1
601 641 1
602 562 1
602 601 1
602 603 1
603 602 1
603 604 1
603 643 1
604 564 1
604 603 1
604 605 1
605 604 1
605 645 1
606 566 1
606 607 1
607 606 1
607 608 1
607 647 1
608 568 1
608 607 1
608 609 1
609 608 1
609 610 1
609 649 1
610 570 1
610 609 1
610 611 1
611 610 1
611 612 1
611 651 1
612 572 1
612 611 1
612 613 1
613 612 1
613 614 1
613 653 1
614 574 1
614 613 1
614 615 1
615 614 1
615 616 1
615 655 1
616 576 1
616 615 1
616 617 1
617 616 1
617 618 1
617 657 1
618 578 1
618 617 1
618 619 1
619 618 1
619 620 1
619 659 1
620 580 1
620 619 1
620 621 1
621 620 1
621 622 1
621 661 1
622 621 1
623 624 1
623 663 1
624 584 1
624 623 1
624 625 1
625 624 1
626 586 1
626 627 1
627 626 1
627 628 1
627 667 1
628 627 1
628 629 1
629 628 1
629 630 1
629 669 1
630 590 1
630 629 1
630 631 1
631 630 1
631 671 1
632 592 1
632 633 1
633 632 1
633 673 1
634 594 1
635 636 1
635 675 1
636 596 1
636 635 1
636 637 1
637 636 1
637 638 1
637 677 1
638 598 1
638 637 1
638 639 1
639 638 1
639 679 1
640 641 1
640 680 1
641 601 1
641 640 1
641 642 1
642 641 1
642 643 1
642 682 1
643 603 1
643 642 1
643 644 1
644 643 1
644 645 1
644 684 1
645 605 1
645 644 1
646 647 1
646 686 1
647 607 1
647 646 1
647 648 1
648 647 1
648 649 1
648 688 1
649 609 1
649 648 1
649 650 1
650 649 1
650 651 1
650 690 1
651 611 1
651 650 1
651 652 1
652 651 1
652 653 1
652 692 1
653 613 1
653 652 1
653 654 1
654 653 1
654 655 1
654 694 1
655 615 1
655 654 1
655 656 1
656 655 1
656 657 1
656 696 1
657 617 1
657 656 1
657 658 1
658 657 1
658 659 1
658 698 1
659 619 1
659 658 1
660 661 1
661 621 1
661 660 1
661 662 1
662 661 1
662 663 1
663 623 1
663 662 1
663 664 1
664 663 1
664 665 1
664 704 1
665 664 1
665 666 1
666 665 1
666 667 1
667 627 1
667 666 1
668 669 1
668 708 1
669 629 1
669 668 1
670 671 1
670 710 1
671 631 1
671 670 1
671 672 1
672 671 1
672 673 1
672 712 1
673 633 1
673 672 1
673 674 1
674 673 1
674 675 1
674 714 1
675 635 1
675 674 1
675 676 1
676 675 1
676 677 1
676 716 1
677 637 1
677 676 1
677 678 1
678 677 1
678 679 1
678 718 1
679 639 1
679 678 1
680 640 1
680 681 1
681 680 1
681 682 1
681 721 1
682 642 1
682 681 1
682 683 1
683 682 1
683 684 1
683 723 1
684 644 1
684 683 1
685 686 1
685 725 1
686 646 1
686 685 1
686 687 1
687 686 1
687 688 1
687 727 1
688 648 1
688 687 1
688 689 1
689 688 1
689 690 1
689 729 1
690 650 1
690 689 1
690 691 1
691 690 1
691 692 1
692 652 1
692 691 1
692 693 1
693 692 1
693 694 1
693 733 1
694 654 1
694 693 1
694 695 1
695 694 1
695 696 1
696 656 1
696 695 1
696 697 1
697 696 1
697 737 1
698 658 1
698 699 1
699 698 1
699 700 1
699 739 1
700 699 1
700 701 1
701 700 1
701 741 1
702 703 1
703 702 1
703 704 1
703 743 1
704 664 1
704 703 1
704 705 1
705 704 1
705 706 1
706 705 1
706 707 1
707 706 1
707 708 1
708 668 1
708 707 1
708 709 1
709 708 1
709 710 1
709 749 1
710 670 1
710 709 1
710 711 1
711 710 1
711 712 1
711 751 1
712 672 1
712 711 1
713 753 1
714 674 1
714 715 1
715 714 1
715 716 1
715 755 1
716 676 1
716 715 1
716 717 1
717 716 1
717 718 1
717 757 1
718 678 1
718 717 1
718 719 1
719 718 1
719 759 1
720 721 1
720 760 1
721 681 1
721 720 1
721 722 1
722 721 1
722 723 1
722 762 1
723 683 1
723 722 1
724 725 1
724 764 1
725 685 1
725 724 1
725 726 1
726 725 1
726 727 1
726 766 1
727 687 1
727 726 1
727 728 1
728 727 1
728 729 1
728 768 1
729 689 1
729 728 1
729 730 1
730 729 1
730 731 1
730 770 1
731 730 1
731 732 1
732 731 1
732 733 1
732 772 1
733 693 1
733 732 1
733 734 1
734 733 1
734 735 1
734 774 1
735 734 1
735 736 1
736 735 1
736 737 1
736 776 1
737 697 1
737 736 1
737 738 1
738 737 1
738 739 1
738 778 1
739 699 1
739 738 1
739 740 1
740 739 1
740 780 1
741 701 1
741 742 1
742 741 1
742 743 1
742 782 1
743 703 1
743 742 1
743 744 1
744 743 1
744 784 1
745 746 1
746 745 1
746 786 1
747 748 1
748 747 1
748 749 1
748 788 1
749 709 1
749 748 1
749 750 1
750 749 1
750 751 1
750 790 1
751 711 1
751 750 1
751 752 1
752 751 1
752 753 1
753 713 1
753 752 1
753 754 1
754 753 1
754 755 1
754 794 1
755 715 1
755 754 1
755 756 1
756 755 1
756 757 1
756 796 1
757 717 1
757 756 1
757 758 1
758 757 1
758 759 1
758 798 1
759 719 1
759 758 1
760 720 1
761 762 1
762 722 1
762 761 1
762 763 1
763 762 1
764 724 1
765 766 1
766 726 1
766 765 1
766 767 1
767 766 1
767 768 1
768 728 1
768 767 1
769 770 1
770 730 1
770 769 1
770 771 1
771 770 1
771 772 1
772 732 1
772 771 1
772 773 1
773 772 1
774 734 1
774 775 1
775 774 1
776 736 1
777 778 1
778 738 1
778 777 1
778 779 1
779 778 1
779 780 1
780 740 1
780 779 1
780 781 1
781 780 1
781 782 1
782 742 1
782 781 1
783 784 1
784 744 1
784 783 1
784 785 1
785 784 1
785 786 1
786 746 1
786 785 1
786 787 1
787 786 1
787 788 1
788 748 1
788 787 1
788 789 1
789 788 1
789 790 1
790 750 1
790 789 1
790 791 1
791 790 1
791 792 1
792 791 1
792 793 1
793 792 1
793 794 1
794 754 1
794 793 1
794 795 1
795 794 1
796 756 1
796 797 1
797 796 1
798 758 1
1 4 136 177 259 384 428 550 716 798
2 3 44 46 50 53 137 178 262 468
45 48 51 55 96 219 427 551 632 675
