30 72 1 30 3
1 2 1
1 8 1
2 1 1
2 3 1
3 2 1
3 4 1
3 10 1
4 3 1
4 5 1
5 4 1
5 6 1
5 12 1
6 5 1
6 7 1
7 6 1
7 14 1
8 1 1
8 9 1
9 8 1
9 17 1
10 3 1
10 11 1
11 10 1
11 12 1
11 19 1
12 5 1
12 11 1
12 13 1
13 12 1
13 21 1
14 7 1
14 15 1
15 14 1
15 23 1
16 17 1
16 24 1
17 9 1
17 16 1
17 18 1
18 17 1
18 19 1
18 26 1
19 11 1
19 18 1
19 20 1
20 19 1
20 21 1
20 28 1
21 13 1
21 20 1
21 22 1
22 21 1
22 23 1
22 30 1
23 15 1
23 22 1
24 16 1
24 25 1
25 24 1
25 26 1
26 18 1
26 25 1
26 27 1
27 26 1
27 28 1
28 20 1
28 27 1
28 29 1
29 28 1
29 30 1
30 22 1
30 29 1
2 30
3 22
4 13
