646 812 1 646 198
1 2 10
1 36 9
2 3 16
3 4 2
3 38 12
4 5 9
5 40 1
6 7 17
7 8 14
7 42 16
8 9 16
9 10 3
9 44 10
10 11 15
11 12 4
11 46 1
12 13 16
13 14 14
13 48 12
15 16 9
16 17 15
17 52 8
18 19 4
19 20 14
19 54 12
20 21 13
21 56 14
22 23 16
23 24 5
23 58 8
24 25 5
25 26 11
25 60 9
26 27 2
27 28 14
28 29 16
29 30 8
30 31 8
31 66 6
32 33 11
33 34 2
33 68 12
34 35 3
35 70 16
36 37 7
37 38 9
37 73 11
38 39 9
39 40 3
39 75 13
41 42 7
41 77 2
42 43 3
43 44 11
43 79 5
44 45 17
45 46 5
45 81 9
46 47 4
47 48 11
47 83 15
48 49 11
49 50 10
49 85 15
50 51 15
51 52 10
51 87 13
52 53 3
53 54 8
53 89 15
54 55 3
55 56 3
55 91 4
56 57 15
57 58 5
58 59 11
59 60 2
60 61 17
61 62 9
62 63 1
63 64 6
63 99 12
64 65 6
65 66 11
65 101 5
66 67 14
67 68 9
67 103 7
68 69 1
69 70 6
69 105 7
70 71 3
71 107 7
72 73 11
72 108 3
73 74 13
75 76 9
76 112 12
77 78 15
78 79 5
78 114 19
79 80 13
80 116 4
81 82 1
82 83 8
83 84 19
84 120 13
85 86 9
86 87 11
86 122 16
87 88 18
88 89 14
88 124 3
89 90 10
90 126 19
91 92 8
92 93 17
92 128 4
94 95 15
94 130 2
95 96 1
96 97 18
97 98 10
98 99 15
98 134 12
100 101 1
100 136 13
101 102 18
102 103 19
102 138 16
103 104 17
104 105 14
104 140 4
106 107 15
106 142 6
108 109 8
109 110 8
109 145 2
110 111 2
111 112 1
112 113 8
113 149 6
114 115 12
115 116 18
116 117 9
117 118 11
117 153 15
118 119 2
119 120 19
120 121 8
121 122 9
121 157 9
122 123 18
123 124 2
123 159 10
124 125 12
125 126 16
126 127 6
127 128 13
127 163 17
128 129 3
129 130 17
129 165 13
130 131 17
131 132 7
131 167 18
133 134 15
133 169 4
134 135 2
135 136 9
135 171 16
136 137 8
137 138 6
137 173 17
139 140 5
139 175 1
140 141 2
141 142 14
141 177 15
142 143 13
144 145 1
144 180 3
145 146 18
146 147 19
147 148 7
148 149 6
148 184 2
149 150 16
150 151 11
150 186 17
152 153 10
152 188 18
153 154 1
154 155 15
154 190 5
155 156 12
156 192 4
157 158 4
158 159 13
158 194 17
159 160 18
160 161 2
160 196 13
161 162 12
162 163 8
162 198 3
163 164 8
164 165 15
164 200 17
165 166 8
166 202 19
167 168 2
168 169 13
168 204 3
169 170 1
170 171 13
170 206 15
171 172 4
172 173 2
173 174 11
174 175 17
175 176 18
176 177 11
176 212 11
177 178 12
178 179 11
178 214 11
180 181 14
181 182 7
181 217 19
182 183 16
183 184 5
183 219 11
185 186 1
185 221 11
186 187 7
187 188 8
187 223 18
188 189 18
189 190 4
189 225 5
190 191 18
191 192 16
191 227 3
192 193 8
194 195 6
195 196 10
195 231 7
196 197 9
197 198 14
197 233 10
198 199 9
199 200 2
199 235 8
200 201 15
201 202 16
201 237 15
202 203 12
203 204 5
203 239 12
204 205 1
205 206 17
205 241 10
206 207 13
207 208 8
207 243 1
208 209 17
209 210 18
209 245 19
210 211 14
211 247 19
212 213 2
213 214 16
213 249 1
214 215 6
215 251 7
216 217 10
216 252 7
218 219 10
218 254 13
219 220 12
220 221 13
220 256 1
221 222 11
222 223 6
222 258 19
223 224 14
224 225 9
225 226 18
226 227 8
226 262 13
227 228 2
228 229 6
228 264 13
229 230 9
230 231 17
230 266 12
231 232 16
232 233 4
234 235 10
234 270 13
235 236 12
236 237 3
236 272 15
238 239 18
238 274 6
239 240 10
240 241 6
240 276 8
241 242 2
242 243 1
242 278 8
243 244 18
244 280 4
246 247 16
246 282 13
247 248 11
248 249 6
248 284 6
249 250 3
250 251 11
250 286 5
252 253 8
253 254 1
253 289 15
254 255 12
255 256 10
255 291 18
256 257 14
257 293 10
258 259 7
259 260 13
259 295 18
260 261 12
261 262 7
261 297 11
262 263 2
263 264 3
263 299 8
264 265 1
265 266 14
265 301 16
266 267 1
267 268 13
267 303 5
268 269 18
269 305 4
270 271 9
271 272 3
271 307 1
272 273 16
273 274 4
273 309 18
274 275 18
275 276 1
275 311 15
276 277 8
277 278 11
278 279 13
279 280 12
279 315 18
280 281 7
281 282 18
282 283 3
283 284 9
283 319 16
284 285 6
285 286 6
285 321 18
286 287 7
287 323 16
288 289 5
288 324 11
289 290 18
290 291 14
290 326 8
291 292 4
292 293 14
292 328 19
293 294 14
294 330 1
295 296 13
296 332 14
297 298 18
298 299 1
298 334 13
299 300 1
300 301 2
300 336 8
301 302 4
302 303 11
302 338 8
303 304 17
304 305 5
304 340 13
305 306 3
306 307 16
307 308 11
308 309 4
308 344 13
309 310 16
310 311 11
310 346 6
311 312 16
312 313 13
312 348 16
313 314 9
314 315 6
314 350 7
316 317 1
316 352 18
317 318 16
318 354 18
319 320 16
320 356 13
321 322 15
322 323 10
322 358 4
324 325 13
325 326 17
325 361 13
326 327 5
327 328 8
328 329 17
329 330 17
329 365 16
331 332 3
331 367 8
332 333 8
333 334 17
333 369 4
334 335 14
335 336 1
335 371 3
336 337 1
337 338 4
337 373 3
338 339 13
339 340 13
339 375 9
341 342 8
341 377 11
342 343 14
343 344 8
344 345 14
345 346 6
345 381 9
346 347 5
347 348 4
347 383 18
348 349 14
349 350 2
350 351 8
351 352 1
351 387 1
352 353 9
353 354 4
353 389 7
354 355 9
356 357 12
357 358 17
357 393 16
358 359 6
359 395 9
360 361 3
360 396 9
362 363 2
362 398 8
363 364 15
364 365 1
365 366 15
366 402 6
367 368 7
368 369 2
368 404 13
369 370 5
370 371 16
370 406 6
372 373 10
372 408 15
373 374 8
374 375 2
375 376 19
376 377 12
376 412 3
377 378 15
378 379 1
378 414 3
379 380 16
380 381 7
380 416 4
381 382 9
382 383 18
382 418 3
383 384 17
384 385 18
385 386 15
387 388 5
388 389 1
388 424 7
389 390 12
390 391 4
390 426 2
391 392 11
393 394 18
394 395 11
394 430 6
397 398 6
397 433 7
398 399 17
399 400 17
399 435 16
400 401 3
401 402 16
402 403 7
403 404 1
403 439 7
404 405 17
405 406 9
405 441 3
406 407 19
407 408 19
407 443 15
408 409 5
409 410 5
409 445 15
410 411 9
411 412 10
412 413 17
413 414 6
413 449 17
414 415 17
415 416 1
415 451 6
416 417 5
417 418 18
418 419 10
419 420 9
421 422 18
422 423 1
423 424 2
423 459 16
424 425 18
425 426 11
425 461 17
426 427 17
427 428 16
428 429 11
429 430 2
429 465 13
431 467 9
432 433 6
432 468 7
433 434 18
434 435 18
434 470 8
435 436 4
436 437 8
437 438 9
438 439 10
438 474 3
439 440 4
440 476 5
441 442 14
442 443 4
443 444 7
444 445 17
444 480 8
445 446 3
446 447 1
447 448 17
448 449 19
448 484 12
449 450 10
450 451 16
450 486 18
452 453 2
452 488 3
453 454 1
454 455 2
455 456 1
456 492 6
457 458 6
458 459 6
458 494 18
459 460 19
460 496 6
461 462 2
462 463 6
462 498 5
463 464 3
464 465 13
464 500 16
465 466 17
466 467 6
466 502 4
469 470 1
469 505 3
470 471 6
471 472 10
471 507 18
472 473 18
473 474 12
473 509 14
474 475 3
475 476 12
476 477 15
477 478 11
477 513 7
478 479 5
479 480 5
479 515 11
480 481 13
481 482 6
483 484 4
483 519 8
484 485 5
485 486 2
485 521 3
486 487 13
487 488 8
488 489 9
489 490 8
489 525 9
490 491 15
491 492 2
491 527 19
493 494 6
493 529 13
494 495 10
495 496 19
496 497 8
497 498 7
497 533 7
498 499 11
499 500 10
499 535 10
500 501 11
501 502 9
501 537 19
502 503 2
503 539 17
504 505 4
505 506 13
506 507 2
506 542 12
507 508 5
508 509 9
508 544 16
509 510 19
510 511 9
510 546 17
511 512 4
512 548 1
513 514 6
514 550 10
515 516 15
516 517 3
516 552 13
517 518 7
518 519 3
518 554 3
519 520 17
520 521 6
521 522 10
522 523 16
523 524 1
524 525 17
524 560 16
525 526 7
526 527 11
526 562 14
527 528 6
528 529 7
528 564 19
529 530 16
530 566 2
531 532 5
532 533 9
532 568 8
534 535 1
535 536 1
536 537 5
538 539 1
538 574 12
540 541 3
541 542 3
541 577 17
542 543 16
543 544 10
543 579 10
544 545 15
545 546 1
545 581 17
546 547 3
547 548 2
547 583 11
549 550 4
551 552 1
551 587 19
553 554 1
553 589 2
554 555 1
555 556 12
555 591 7
556 557 6
557 558 4
557 593 10
559 560 9
559 595 12
560 561 13
561 562 5
561 597 8
562 563 5
563 564 18
563 599 17
564 565 1
565 566 13
565 601 12
566 567 9
567 568 7
567 603 17
568 569 1
569 570 13
569 605 17
570 571 11
571 607 15
572 573 4
573 574 2
573 609 9
574 575 1
575 611 7
576 577 18
576 612 6
577 578 10
578 579 7
579 580 16
580 581 13
580 616 6
581 582 15
582 583 1
582 618 2
583 584 2
584 585 1
584 620 17
585 586 17
586 587 16
586 622 9
587 588 4
588 589 14
588 624 11
589 590 9
590 591 4
591 592 7
592 593 12
592 628 16
593 594 17
594 595 9
594 630 6
595 596 7
596 597 18
596 632 15
597 598 11
598 599 10
598 634 15
599 600 17
600 601 7
600 636 6
602 638 15
603 604 17
604 605 17
604 640 6
605 606 9
606 607 10
606 642 9
607 608 7
608 609 8
608 644 14
609 610 19
610 611 7
610 646 7
612 613 4
613 614 12
614 615 5
615 616 12
616 617 11
617 618 15
618 619 16
619 620 6
620 621 10
621 622 11
622 623 18
623 624 16
624 625 7
626 627 1
627 628 15
628 629 16
629 630 9
630 631 6
631 632 6
632 633 17
633 634 6
634 635 9
635 636 9
637 638 2
638 639 9
639 640 9
640 641 9
641 642 2
642 643 1
643 644 11
644 645 5
1 102 382
3 18 152
4 307 379
5 394 631
6 271 328
7 327 414
8 172 238
9 313 461
11 305 547
12 57 124
13 92 555
15 199 546
16 93 248
17 369 479
19 240 284
21 101 160
22 55 457
23 299 563
24 219 258
25 143 565
26 37 489
27 311 388
28 218 331
29 230 552
30 51 274
31 378 440
32 189 616
33 269 324
34 490 629
35 50 566
36 106 406
38 139 455
39 243 318
40 203 412
41 157 294
42 80 300
43 220 259
45 61 127
46 97 343
47 497 503
48 214 367
49 115 534
52 129 263
53 122 237
54 232 366
56 399 467
58 241 326
60 411 636
62 276 537
63 421 494
64 141 418
65 118 291
68 81 570
69 134 217
70 577 580
71 120 186
73 137 628
74 265 336
75 288 583
76 151 376
78 358 470
79 95 354
82 145 400
84 372 422
85 133 548
86 333 643
87 227 350
88 161 646
89 194 302
90 178 306
91 182 425
94 325 447
96 380 529
99 206 560
100 109 111
103 321 407
104 553 633
105 441 585
107 236 260
108 207 417
110 429 450
112 359 445
113 116 398
114 266 476
117 610 620
119 201 460
121 353 606
123 516 551
126 140 618
130 403 599
132 200 320
135 384 523
138 190 282
144 268 413
146 148 408
149 531 591
150 304 588
153 193 279
155 301 540
156 188 542
158 446 615
159 363 390
162 437 524
163 391 484
164 383 602
165 205 638
166 270 464
167 389 449
168 249 521
169 426 545
170 292 597
171 202 535
173 174 377
175 221 310
176 568 607
180 289 561
181 416 639
183 347 522
184 360 609
185 191 508
187 229 285
192 246 513
195 419 477
196 261 507
197 228 612
198 404 444
208 374 491
209 549 578
210 212 617
211 430 434
215 356 536
216 608 623
222 339 567
223 293 435
224 401 592
225 463 593
226 323 483
235 385 462
239 405 465
242 595 619
244 362 451
247 525 603
250 487 499
251 641 645
252 554 564
253 254 330
256 481 587
257 337 586
262 277 557
264 466 558
267 355 532
272 298 410
273 278 505
275 349 458
281 332 543
283 396 456
286 541 544
287 559 575
290 486 533
295 317 348
296 397 598
297 341 530
303 439 475
308 581 640
309 453 582
312 345 642
314 386 409
315 373 601
316 480 527
319 478 495
322 420 512
329 392 622
334 493 632
335 459 488
338 352 584
340 357 442
342 550 634
346 393 473
351 423 496
365 504 630
368 375 573
371 518 576
381 471 637
387 402 502
395 514 569
424 431 626
428 539 604
433 468 469
436 472 611
452 621 624
454 506 571
482 500 509
485 510 520
492 562 625
498 528 644
501 526 572
511 605 635
590 594 613
