336 405 1 336 14
1 2 14
2 3 4
3 4 19
3 28 13
4 5 9
5 6 5
5 30 16
6 7 2
7 8 6
8 9 14
9 10 18
9 34 19
10 11 10
11 36 4
12 13 13
13 38 10
14 15 2
15 16 1
15 40 4
16 17 9
17 42 6
18 19 17
19 20 11
19 44 2
20 21 1
21 22 3
21 46 3
23 24 13
23 48 8
24 25 17
25 50 12
26 27 10
27 28 8
27 53 1
28 29 18
29 30 4
29 55 2
31 32 11
31 57 9
32 33 8
33 34 7
33 59 8
34 35 3
35 36 17
35 61 9
37 38 13
38 39 11
39 40 14
39 65 18
40 41 3
43 44 8
43 69 8
44 45 15
46 47 16
47 48 15
47 73 12
48 49 9
49 50 12
49 75 18
50 51 2
52 53 3
52 78 18
53 54 3
54 80 12
55 56 10
56 57 1
56 82 16
57 58 18
58 59 14
58 84 1
59 60 8
60 61 8
60 86 17
62 88 3
63 64 7
64 65 13
65 66 12
66 67 8
66 92 5
68 69 16
68 94 1
69 70 5
70 71 6
70 96 8
71 72 11
72 73 10
72 98 3
73 74 14
74 75 11
74 100 17
76 77 3
76 102 15
79 105 16
81 82 16
82 83 14
83 84 2
83 109 4
85 86 4
85 111 17
86 87 7
87 88 2
88 89 18
89 90 6
89 115 9
90 91 6
91 117 4
92 93 1
93 94 18
94 95 19
95 96 8
95 121 2
96 97 3
97 98 1
97 123 19
98 99 14
99 100 5
99 125 2
100 101 16
101 102 17
101 127 1
102 103 11
103 129 13
104 105 12
104 130 9
105 106 6
106 107 3
106 132 2
107 108 8
108 109 5
108 134 6
109 110 19
110 111 1
110 136 8
111 112 4
112 113 14
112 138 7
114 115 10
114 140 7
115 116 8
116 117 1
116 142 8
117 118 2
118 119 2
118 144 3
119 120 15
120 121 9
122 123 14
123 124 15
124 125 15
124 150 18
125 126 2
126 127 11
126 152 18
127 128 1
128 154 12
130 131 1
131 132 7
132 133 4
133 134 10
133 159 12
134 135 5
135 136 12
135 161 13
136 137 1
137 138 9
137 163 7
138 139 13
139 140 1
139 165 3
140 141 14
141 142 3
141 167 3
142 143 8
143 144 10
143 169 16
144 145 1
145 171 15
146 147 19
147 148 12
147 173 16
149 150 18
149 175 14
150 151 8
151 152 13
151 177 13
152 153 7
153 154 17
153 179 1
154 155 18
155 181 5
156 157 5
156 182 4
157 158 8
158 159 7
158 184 1
159 160 1
160 186 14
161 162 11
162 163 1
162 188 8
163 164 18
164 165 1
164 190 18
165 166 15
166 167 13
166 192 10
167 168 2
168 169 2
168 194 2
169 170 9
170 196 1
171 172 10
172 173 3
172 198 5
173 174 15
174 175 5
175 176 15
176 177 1
176 202 10
177 178 12
179 180 18
180 181 13
180 206 10
182 183 11
183 184 3
183 209 17
184 185 15
185 186 13
185 211 4
186 187 1
187 188 17
187 213 18
188 189 13
189 190 2
189 215 9
190 191 14
191 192 7
191 217 4
192 193 17
193 194 10
193 219 13
195 221 10
196 197 1
197 198 12
197 223 8
198 199 2
199 225 14
200 201 6
201 202 1
201 227 14
202 203 15
203 204 18
204 205 11
205 206 14
205 231 4
206 207 11
207 233 2
208 209 14
209 210 12
210 236 10
212 213 9
212 238 17
213 214 8
214 215 13
215 216 14
216 217 1
216 242 5
217 218 17
218 219 2
218 244 10
220 246 8
221 222 17
222 223 1
222 248 7
224 225 17
224 250 14
225 226 2
226 227 6
226 252 12
227 228 17
228 229 16
229 230 6
230 231 9
230 256 18
232 258 6
234 235 6
235 236 6
235 261 10
236 237 6
237 238 8
237 263 8
238 239 9
239 240 2
239 265 7
241 242 2
241 267 8
242 243 1
243 244 4
243 269 5
244 245 15
245 246 12
245 271 18
246 247 9
247 248 5
247 273 15
249 250 5
249 275 9
250 251 3
251 277 4
252 253 6
253 254 17
253 279 17
254 255 2
255 256 8
255 281 14
256 257 8
257 258 12
258 259 17
259 285 18
260 261 13
260 286 16
261 262 3
262 263 18
262 288 19
263 264 3
264 265 3
264 290 11
265 266 1
266 267 14
268 269 17
268 294 16
269 270 2
270 271 7
271 272 2
272 273 11
272 298 17
273 274 16
274 275 15
274 300 4
275 276 7
276 277 14
276 302 5
277 278 15
278 279 13
278 304 18
279 280 12
280 281 15
281 282 18
282 283 4
282 308 3
283 284 14
284 310 10
286 287 16
287 288 5
287 312 4
288 289 9
289 290 5
290 291 5
291 292 12
291 316 10
293 294 1
293 318 10
294 295 1
295 296 8
295 320 5
297 298 6
297 322 14
299 300 7
299 324 17
300 301 2
301 302 16
301 326 5
302 303 4
303 304 6
303 328 13
304 305 17
305 306 12
306 307 3
307 308 5
307 332 7
308 309 9
309 310 9
309 334 7
310 311 8
311 336 18
312 313 13
313 314 18
314 315 16
315 316 4
316 317 16
317 318 5
319 320 9
320 321 17
321 322 1
322 323 1
325 326 16
326 327 2
327 328 6
329 330 5
330 331 1
331 332 17
332 333 11
333 334 10
334 335 3
335 336 8
1 28
2 29
3 112
55 169
56 308
58 225
83 170
84 109
111 282
138 141
140 226
167 199
168 198
254 309
