70 152 1 70 8
1 2 1
1 12 1
2 1 1
2 3 1
3 2 1
3 4 1
3 14 1
4 3 1
4 5 1
5 4 1
5 16 1
6 7 1
7 6 1
7 8 1
7 18 1
8 7 1
8 9 1
9 8 1
9 10 1
9 20 1
10 9 1
10 11 1
11 10 1
12 1 1
13 14 1
13 25 1
14 3 1
14 13 1
14 15 1
15 14 1
15 16 1
15 27 1
16 5 1
16 15 1
16 17 1
17 16 1
17 18 1
17 29 1
18 7 1
18 17 1
18 19 1
19 18 1
19 20 1
19 31 1
20 9 1
20 19 1
20 21 1
21 20 1
22 23 1
23 22 1
23 35 1
24 25 1
24 36 1
25 13 1
25 24 1
25 26 1
26 25 1
26 27 1
27 15 1
27 26 1
27 28 1
28 27 1
28 29 1
28 40 1
29 17 1
29 28 1
29 30 1
30 29 1
30 42 1
31 19 1
32 33 1
32 44 1
33 32 1
33 34 1
34 33 1
34 35 1
34 46 1
35 23 1
35 34 1
36 24 1
36 37 1
37 36 1
37 38 1
37 49 1
38 37 1
39 40 1
39 51 1
40 28 1
40 39 1
41 42 1
41 53 1
42 30 1
42 41 1
42 43 1
43 42 1
43 55 1
44 32 1
44 45 1
45 44 1
45 57 1
46 34 1
46 47 1
47 46 1
48 49 1
48 60 1
49 37 1
49 48 1
49 50 1
50 49 1
51 39 1
51 52 1
52 51 1
52 53 1
52 64 1
53 41 1
53 52 1
54 66 1
55 43 1
55 56 1
56 55 1
56 57 1
56 68 1
57 45 1
57 56 1
57 58 1
58 57 1
58 59 1
58 70 1
59 58 1
60 48 1
60 61 1
61 60 1
61 62 1
62 61 1
62 63 1
63 62 1
63 64 1
64 52 1
64 63 1
64 65 1
65 64 1
65 66 1
66 54 1
66 65 1
66 67 1
67 66 1
67 68 1
68 56 1
68 67 1
68 69 1
69 68 1
70 58 1
2
3
5
17
55
56
57
58
