1798 2378 1 1798 259
1 2 16
1 60 7
2 3 15
3 4 10
3 62 2
4 5 2
5 6 1
5 64 15
7 8 15
7 66 17
8 9 5
9 10 11
9 68 7
10 11 16
11 12 13
11 70 2
12 13 13
13 14 9
13 72 6
14 15 13
15 16 15
15 74 11
16 17 17
17 18 16
17 76 15
18 19 17
19 20 8
19 78 16
20 21 17
21 22 15
22 23 3
23 24 17
23 82 4
24 25 2
25 26 4
25 84 2
26 27 1
27 28 17
27 86 17
28 29 12
29 30 17
29 88 8
30 31 8
31 32 8
31 90 1
32 33 15
33 34 5
33 92 13
34 35 11
35 94 11
36 37 6
37 38 11
37 96 6
38 39 12
39 40 6
39 98 18
40 41 9
41 42 18
41 100 6
42 43 16
43 44 9
43 102 10
44 45 11
45 104 8
46 47 9
47 48 17
47 106 9
48 49 3
49 50 1
50 51 6
51 52 11
51 110 10
52 53 4
53 112 5
54 55 1
55 114 9
56 57 3
57 58 6
57 116 2
59 118 6
60 61 8
61 62 4
61 121 7
62 63 10
63 64 14
63 123 12
64 65 15
65 66 18
67 68 1
67 127 6
68 69 4
69 70 9
69 129 12
70 71 8
71 72 9
71 131 2
72 73 17
73 74 13
73 133 4
74 75 2
75 76 9
75 135 1
76 77 17
77 78 1
77 137 18
78 79 11
79 80 5
79 139 19
80 81 19
81 141 16
82 83 5
83 84 2
83 143 1
84 85 13
85 86 2
85 145 2
86 87 9
87 88 16
87 147 7
88 89 16
89 90 6
89 149 1
90 91 1
91 92 14
91 151 16
92 93 11
93 94 17
93 153 17
94 95 14
95 96 10
97 98 19
97 157 18
98 99 1
99 100 14
99 159 9
100 101 14
101 102 16
101 161 18
102 103 1
103 104 11
103 163 3
105 165 18
106 107 19
107 108 2
107 167 13
108 109 15
109 110 19
110 111 1
111 112 7
111 171 4
112 113 8
113 173 4
114 115 12
115 116 2
115 175 4
116 117 13
117 118 15
117 177 19
118 119 18
119 179 6
120 180 1
121 122 3
122 182 18
123 124 16
124 125 10
124 184 15
125 126 14
126 127 12
126 186 3
127 128 11
128 129 3
129 130 13
130 131 17
130 190 10
131 132 14
132 133 14
132 192 4
133 134 15
134 135 1
135 136 10
136 137 8
136 196 3
137 138 12
138 139 1
138 198 7
139 140 16
140 200 11
141 142 11
142 143 16
142 202 9
143 144 12
144 204 2
145 146 12
146 147 11
146 206 19
147 148 18
148 149 6
148 208 9
149 150 15
150 151 8
150 210 18
151 152 11
152 153 9
152 212 14
154 155 18
154 214 19
155 156 18
156 157 14
156 216 6
158 159 16
158 218 16
159 160 15
160 161 18
160 220 18
161 162 19
162 163 1
162 222 2
163 164 11
164 224 3
165 166 1
166 167 19
167 168 2
168 169 11
170 171 3
170 230 16
171 172 15
172 173 16
172 232 16
173 174 4
174 175 9
174 234 19
175 176 15
176 177 17
176 236 9
177 178 2
178 179 12
178 238 13
180 181 4
181 182 15
181 241 15
182 183 13
183 184 1
183 243 4
184 185 4
185 186 7
185 245 9
186 187 17
187 188 10
187 247 15
188 189 1
189 190 6
189 249 5
191 192 14
192 193 1
193 194 4
193 253 17
194 195 6
195 196 5
195 255 13
196 197 6
197 198 6
197 257 14
198 199 19
199 200 17
199 259 18
200 201 9
201 202 15
201 261 14
202 203 12
203 204 12
203 263 16
204 205 1
205 265 18
206 207 8
207 208 3
207 267 19
208 209 2
209 210 1
209 269 18
210 211 13
211 212 8
211 271 6
212 213 4
213 214 12
213 273 19
214 215 4
215 216 5
215 275 9
216 217 7
217 218 8
217 277 12
218 219 5
219 220 3
219 279 1
220 221 8
221 281 16
222 223 1
223 224 4
223 283 1
224 225 5
225 226 9
225 285 8
226 227 12
227 228 11
227 287 7
228 229 9
229 230 11
229 289 18
230 231 18
231 232 11
231 291 5
233 234 8
233 293 9
234 235 6
235 236 3
235 295 18
236 237 17
237 238 12
238 239 2
239 299 2
240 241 1
240 300 12
241 242 17
242 243 18
242 302 2
243 244 18
244 304 8
245 246 17
246 247 2
246 306 9
247 248 8
248 249 9
248 308 7
249 250 15
250 251 9
250 310 7
252 312 10
253 254 10
254 255 10
254 314 11
255 256 13
256 257 18
256 316 9
257 258 3
258 259 11
258 318 14
259 260 17
260 261 6
260 320 4
261 262 14
262 263 10
262 322 18
263 264 14
264 265 11
264 324 2
266 267 15
266 326 7
267 268 2
268 269 10
268 328 19
269 270 3
270 271 10
270 330 15
271 272 3
272 273 15
272 332 5
273 274 9
274 275 14
276 277 3
276 336 16
277 278 7
278 279 12
278 338 11
279 280 14
280 281 19
280 340 1
281 282 3
282 283 17
282 342 14
284 285 2
284 344 7
285 286 17
286 287 15
286 346 4
287 288 7
288 289 12
288 348 1
289 290 1
290 291 15
290 350 19
291 292 1
292 293 5
292 352 19
293 294 9
294 295 19
294 354 1
296 356 4
297 298 15
298 299 12
298 358 14
300 301 1
301 302 13
302 303 4
303 304 2
303 363 5
304 305 18
305 306 11
306 307 9
307 308 7
309 310 4
309 369 18
311 312 4
311 371 5
313 314 15
313 373 1
314 315 7
315 375 6
316 317 3
317 377 1
318 319 1
319 320 11
319 379 1
320 321 5
321 322 9
321 381 1
322 323 10
323 324 4
323 383 19
324 325 7
325 326 17
325 385 8
326 327 3
327 328 17
327 387 3
328 329 5
329 330 9
330 331 2
331 332 8
332 333 13
333 334 15
333 393 5
334 335 7
335 336 15
335 395 14
336 337 1
337 338 2
337 397 7
338 339 14
339 340 15
339 399 4
340 341 18
341 342 19
341 401 16
342 343 9
343 344 14
343 403 18
344 345 14
345 346 1
345 405 19
346 347 4
347 348 7
347 407 3
348 349 6
349 350 5
349 409 1
350 351 18
351 352 17
351 411 9
352 353 12
353 354 1
353 413 14
354 355 7
355 356 18
355 415 8
356 357 8
357 358 17
357 417 9
359 419 2
360 420 7
361 362 13
362 363 4
362 422 5
363 364 2
364 365 15
364 424 2
365 366 11
366 367 2
366 426 9
367 368 1
368 369 10
368 428 3
369 370 5
370 371 13
370 430 19
371 372 18
372 373 17
372 432 9
374 375 6
374 434 11
376 377 10
376 436 7
377 378 17
378 379 16
378 438 1
379 380 9
380 381 18
380 440 19
381 382 5
382 383 18
382 442 8
383 384 6
384 444 10
385 386 11
386 387 3
386 446 19
388 389 10
388 448 4
389 390 5
390 391 17
392 393 7
392 452 9
393 394 7
394 395 12
394 454 3
395 396 13
396 397 1
396 456 10
397 398 2
398 399 12
398 458 14
399 400 6
400 401 18
400 460 14
401 402 4
402 403 17
402 462 3
403 404 8
404 405 19
404 464 4
405 406 11
406 407 17
406 466 12
407 408 17
409 410 8
410 411 14
410 470 17
411 412 1
412 413 2
412 472 9
413 414 12
414 415 14
416 417 5
416 476 17
417 418 6
418 419 19
418 478 4
420 421 12
421 422 10
421 481 15
422 423 6
423 424 15
423 483 17
424 425 1
425 426 3
425 485 5
426 427 9
427 428 13
427 487 12
428 429 4
429 430 18
429 489 6
430 431 3
431 432 9
431 491 6
432 433 17
433 434 4
433 493 13
434 435 6
435 436 18
435 495 9
436 437 8
437 438 14
437 497 13
438 439 7
439 440 2
439 499 10
440 441 11
441 442 17
441 501 6
442 443 12
443 444 5
443 503 8
445 446 9
445 505 11
446 447 12
448 449 18
449 450 11
449 509 3
450 451 7
452 453 13
453 454 18
453 513 18
454 455 3
455 456 16
455 515 13
456 457 5
457 458 7
458 459 9
459 519 14
460 461 13
461 462 14
461 521 18
462 463 12
463 464 15
463 523 6
464 465 6
465 466 17
465 525 1
466 467 19
467 468 9
467 527 3
468 469 4
469 470 12
469 529 4
470 471 2
471 531 3
472 473 17
473 474 11
473 533 4
474 475 12
476 477 8
477 478 14
478 479 13
479 539 5
480 481 8
480 540 14
481 482 7
482 483 6
482 542 3
483 484 2
484 485 10
485 486 19
486 487 17
487 488 5
488 489 12
488 548 10
489 490 8
490 491 5
490 550 15
491 492 2
492 493 4
492 552 12
493 494 6
494 495 18
494 554 4
495 496 5
496 497 3
496 556 7
497 498 5
498 499 14
498 558 1
499 500 1
500 501 8
500 560 12
501 502 1
502 503 1
502 562 4
503 504 14
504 505 11
505 506 1
506 507 17
506 566 1
507 508 17
508 509 5
508 568 10
510 511 5
511 512 4
512 572 17
513 514 14
514 574 14
515 516 14
516 517 14
516 576 9
517 518 2
518 519 2
518 578 9
519 520 5
520 521 8
520 580 1
521 522 5
522 523 11
522 582 13
523 524 14
524 525 15
524 584 7
525 526 7
526 527 15
526 586 7
527 528 9
528 529 15
528 588 6
529 530 15
530 531 15
530 590 18
531 532 1
532 533 8
532 592 15
533 534 16
534 594 18
535 536 18
536 537 9
536 596 5
537 538 16
538 539 16
538 598 19
540 541 2
541 542 17
541 601 4
543 544 12
543 603 14
544 545 10
545 546 8
545 605 18
546 547 2
547 607 2
548 549 18
549 550 2
550 551 9
551 552 5
551 611 2
552 553 5
553 554 11
553 613 12
554 555 18
555 556 16
555 615 14
556 557 1
557 558 12
557 617 15
558 559 9
559 560 7
559 619 10
560 561 11
561 562 11
562 563 2
563 564 11
563 623 7
564 565 18
565 625 18
566 567 9
567 568 9
567 627 11
568 569 17
569 629 18
570 571 15
571 572 9
571 631 10
572 573 17
573 574 7
573 633 2
574 575 1
575 576 12
575 635 3
576 577 14
577 578 5
577 637 6
578 579 18
579 580 4
579 639 14
580 581 14
581 582 11
581 641 9
582 583 11
583 584 14
583 643 7
584 585 15
585 586 9
585 645 12
586 587 19
587 588 16
589 590 4
589 649 12
590 591 11
591 592 11
591 651 17
592 593 18
593 594 11
593 653 13
595 655 18
596 597 12
597 598 14
597 657 17
598 599 5
600 601 18
601 602 2
602 603 12
602 662 1
603 604 1
604 605 14
604 664 5
605 606 1
606 607 17
606 666 7
607 608 14
608 609 17
608 668 12
609 610 18
610 611 5
610 670 2
611 612 15
612 613 11
612 672 11
613 614 17
614 615 8
614 674 7
615 616 7
616 617 18
616 676 7
617 618 1
618 619 1
618 678 5
619 620 7
620 621 12
620 680 6
621 622 1
622 623 11
622 682 17
623 624 7
624 625 16
624 684 10
626 627 15
626 686 19
627 628 8
628 629 16
628 688 15
629 630 1
630 690 17
631 632 10
632 633 7
632 692 12
633 634 4
634 635 3
634 694 9
635 636 9
636 637 18
636 696 10
637 638 14
638 639 9
638 698 3
639 640 2
640 641 10
640 700 13
641 642 19
642 643 11
643 644 1
644 645 5
644 704 2
645 646 2
646 647 16
646 706 9
647 648 15
648 649 9
648 708 2
649 650 19
650 651 6
650 710 6
651 652 1
652 653 6
652 712 2
653 654 15
654 655 2
654 714 8
655 656 8
656 657 1
656 716 19
657 658 15
658 659 1
658 718 19
660 661 10
661 662 14
661 721 14
662 663 18
663 664 7
663 723 1
664 665 2
665 666 2
666 667 10
667 668 13
667 727 18
668 669 4
669 670 6
669 729 11
670 671 10
671 672 1
671 731 14
672 673 17
673 674 16
673 733 16
674 675 2
675 676 11
675 735 4
677 678 4
677 737 3
678 679 4
679 680 11
679 739 11
680 681 4
681 682 5
681 741 1
683 684 13
683 743 19
684 685 10
685 686 14
685 745 6
686 687 4
687 688 11
687 747 19
688 689 7
689 690 5
689 749 17
690 691 15
691 751 5
693 694 4
693 753 1
695 696 17
695 755 13
696 697 11
697 698 17
697 757 2
698 699 7
699 700 17
699 759 6
700 701 10
701 702 16
701 761 9
702 703 5
703 704 1
703 763 14
704 705 18
705 706 7
705 765 18
706 707 15
707 708 17
708 709 7
709 769 5
710 711 6
711 712 15
711 771 17
712 713 1
713 714 8
713 773 7
714 715 4
715 716 1
715 775 1
716 717 16
717 718 16
717 777 6
718 719 13
719 779 5
720 721 6
720 780 19
721 722 17
722 723 14
722 782 9
723 724 5
724 725 4
724 784 5
725 726 8
726 727 16
727 728 12
728 729 2
728 788 13
729 730 1
730 731 2
730 790 13
731 732 16
732 733 9
732 792 19
733 734 11
734 794 15
735 736 3
736 737 15
737 738 5
738 739 17
739 740 12
740 741 3
740 800 18
741 742 8
742 743 4
742 802 2
744 745 3
744 804 15
745 746 12
746 747 4
746 806 19
747 748 18
748 749 8
748 808 12
749 750 4
750 751 19
750 810 8
751 752 6
752 753 9
752 812 8
753 754 4
754 755 8
754 814 7
755 756 10
756 757 9
756 816 3
757 758 7
758 759 7
758 818 19
759 760 15
760 761 18
760 820 12
762 763 3
762 822 17
763 764 18
764 765 4
764 824 11
765 766 9
766 767 12
766 826 18
767 768 7
768 769 1
769 770 6
770 771 10
770 830 8
771 772 9
772 773 13
773 774 2
774 775 1
774 834 19
775 776 13
776 836 4
777 778 12
778 779 11
778 838 2
780 781 8
781 782 7
781 841 14
782 783 6
783 784 13
783 843 13
784 785 1
785 786 15
785 845 13
787 788 1
787 847 7
788 789 17
789 790 5
789 849 12
790 791 14
791 792 7
791 851 17
792 793 3
793 794 4
793 853 2
794 795 16
795 796 15
795 855 3
796 797 13
797 798 1
797 857 13
798 799 8
799 800 13
799 859 14
800 801 11
801 802 2
801 861 18
802 803 1
803 804 8
803 863 15
804 805 9
805 806 12
805 865 15
806 807 10
807 808 8
807 867 11
808 809 3
809 810 16
809 869 18
810 811 11
811 871 1
812 813 1
813 814 18
813 873 2
815 816 18
815 875 1
816 817 11
817 877 6
818 819 16
819 820 14
819 879 2
820 821 14
821 822 19
821 881 9
822 823 13
823 824 11
823 883 16
824 825 12
825 826 18
825 885 7
826 827 13
827 828 13
828 829 5
829 830 6
830 831 11
831 832 13
831 891 12
832 833 4
833 893 2
834 835 14
835 836 16
835 895 15
836 837 2
837 838 17
837 897 6
838 839 14
839 899 14
840 841 12
840 900 8
841 842 18
842 843 13
842 902 10
843 844 13
844 845 13
844 904 14
845 846 11
846 847 6
846 906 11
847 848 1
848 849 5
848 908 17
849 850 13
850 851 9
850 910 5
851 852 14
852 853 2
852 912 2
853 854 16
854 855 1
854 914 18
855 856 12
856 857 19
856 916 19
858 859 18
858 918 6
859 860 5
860 861 18
860 920 11
861 862 13
862 863 7
862 922 12
864 865 1
864 924 4
865 866 10
866 867 2
866 926 1
867 868 5
868 869 10
868 928 8
869 870 8
870 871 18
870 930 6
871 872 13
872 873 1
872 932 5
873 874 11
874 875 18
874 934 3
875 876 15
876 877 1
876 936 6
877 878 10
878 879 5
878 938 18
879 880 16
880 881 10
880 940 17
881 882 14
882 942 14
883 884 6
884 885 7
884 944 9
885 886 15
886 887 6
886 946 3
887 888 18
888 889 11
888 948 1
889 890 15
890 891 15
890 950 6
891 892 3
892 952 9
893 894 11
894 895 19
894 954 4
895 896 16
896 897 16
896 956 3
897 898 4
898 899 15
898 958 14
900 901 4
901 902 10
901 961 19
902 903 14
904 905 13
905 906 11
905 965 8
906 907 7
908 909 7
909 910 17
909 969 16
910 911 10
911 912 8
911 971 15
912 913 4
913 914 4
913 973 1
914 915 17
915 916 5
915 975 9
916 917 3
917 918 9
917 977 1
918 919 17
919 920 8
919 979 18
920 921 5
921 922 7
921 981 7
922 923 5
923 924 2
923 983 2
925 985 16
927 928 17
927 987 2
928 929 17
929 930 8
929 989 7
930 931 6
931 932 17
931 991 17
932 933 12
933 934 18
933 993 17
934 935 1
935 936 10
936 937 17
937 938 12
937 997 9
938 939 15
939 940 2
939 999 6
940 941 1
941 942 17
941 1001 15
943 944 11
943 1003 3
944 945 4
945 946 1
945 1005 3
946 947 18
947 948 6
947 1007 12
948 949 6
949 950 13
949 1009 17
950 951 14
951 952 11
951 1011 13
952 953 6
953 1013 11
954 955 12
955 956 12
955 1015 14
956 957 14
957 958 19
957 1017 3
958 959 8
960 961 7
960 1020 10
961 962 8
962 963 1
962 1022 14
963 964 4
964 965 13
964 1024 16
965 966 12
966 967 15
966 1026 14
967 968 5
968 969 9
968 1028 7
969 970 11
970 971 8
971 972 4
972 973 10
972 1032 6
973 974 8
974 975 12
974 1034 6
975 976 12
976 1036 11
977 978 17
978 979 17
978 1038 11
979 980 5
980 981 10
981 982 6
982 983 3
982 1042 12
983 984 2
984 1044 16
985 986 5
986 987 1
986 1046 17
987 988 13
988 989 13
988 1048 13
989 990 7
990 991 17
990 1050 5
991 992 6
992 993 11
992 1052 7
993 994 5
994 995 14
994 1054 19
995 996 1
996 997 5
996 1056 12
997 998 3
998 999 13
998 1058 14
999 1000 2
1000 1060 6
1001 1002 3
1002 1003 2
1002 1062 9
1003 1004 15
1004 1005 6
1005 1006 10
1006 1007 17
1006 1066 15
1007 1008 8
1008 1009 17
1008 1068 1
1009 1010 12
1010 1011 9
1010 1070 11
1011 1012 9
1012 1013 16
1012 1072 2
1013 1014 6
1014 1015 7
1014 1074 4
1015 1016 15
1016 1017 4
1016 1076 17
1017 1018 15
1018 1019 6
1018 1078 6
1020 1021 18
1021 1022 5
1021 1081 19
1022 1023 5
1023 1024 2
1023 1083 17
1024 1025 11
1025 1026 9
1025 1085 17
1026 1027 1
1027 1028 18
1027 1087 1
1028 1029 5
1029 1089 19
1030 1031 2
1031 1032 14
1031 1091 8
1032 1033 15
1033 1034 9
1033 1093 12
1034 1035 11
1035 1036 6
1035 1095 12
1036 1037 5
1037 1097 3
1038 1039 17
1039 1040 16
1040 1041 14
1041 1042 10
1041 1101 14
1042 1043 2
1043 1044 9
1043 1103 4
1044 1045 13
1045 1046 17
1045 1105 11
1046 1047 2
1047 1048 13
1049 1050 15
1049 1109 3
1050 1051 11
1051 1052 3
1051 1111 15
1052 1053 15
1053 1054 11
1053 1113 1
1054 1055 16
1055 1056 7
1055 1115 9
1056 1057 1
1057 1058 2
1057 1117 18
1058 1059 9
1059 1060 15
1059 1119 12
1060 1061 14
1061 1062 6
1061 1121 8
1062 1063 17
1063 1064 18
1063 1123 17
1064 1065 7
1065 1066 3
1065 1125 13
1066 1067 6
1067 1068 9
1067 1127 4
1068 1069 3
1069 1129 16
1070 1071 17
1071 1072 9
1071 1131 6
1072 1073 13
1073 1074 15
1073 1133 8
1074 1075 9
1075 1076 2
1077 1078 5
1077 1137 18
1078 1079 7
1080 1081 4
1080 1140 12
1081 1082 10
1082 1083 4
1082 1142 16
1083 1084 4
1084 1085 4
1084 1144 10
1085 1086 14
1086 1087 13
1086 1146 14
1088 1089 5
1088 1148 1
1090 1091 19
1090 1150 11
1091 1092 19
1092 1093 14
1093 1094 12
1094 1095 1
1094 1154 6
1095 1096 12
1096 1097 4
1096 1156 1
1098 1099 16
1098 1158 12
1099 1100 3
1100 1101 12
1100 1160 14
1101 1102 5
1102 1103 13
1102 1162 14
1103 1104 3
1104 1105 13
1104 1164 19
1105 1106 8
1106 1166 8
1107 1108 9
1108 1109 11
1108 1168 12
1109 1110 2
1110 1111 1
1110 1170 10
1111 1112 16
1112 1113 8
1112 1172 8
1113 1114 8
1114 1115 18
1114 1174 16
1115 1116 18
1116 1117 9
1117 1118 1
1118 1119 11
1118 1178 18
1119 1120 4
1120 1121 14
1120 1180 3
1121 1122 18
1122 1123 3
1122 1182 1
1124 1184 8
1125 1126 7
1126 1127 2
1126 1186 11
1127 1128 14
1128 1129 16
1128 1188 8
1129 1130 2
1130 1131 6
1130 1190 3
1131 1132 7
1132 1133 9
1132 1192 16
1133 1134 15
1134 1135 14
1134 1194 8
1135 1136 18
1136 1137 8
1136 1196 19
1137 1138 13
1138 1139 7
1140 1141 14
1141 1142 12
1141 1201 18
1142 1143 5
1143 1144 15
1143 1203 5
1144 1145 17
1145 1205 16
1146 1147 18
1147 1148 9
1147 1207 6
1148 1149 11
1149 1150 1
1149 1209 2
1150 1151 13
1151 1152 16
1151 1211 8
1153 1213 9
1155 1156 15
1155 1215 8
1156 1157 12
1157 1158 16
1157 1217 8
1158 1159 8
1159 1160 16
1159 1219 8
1160 1161 10
1161 1162 12
1161 1221 14
1162 1163 13
1163 1164 14
1163 1223 18
1164 1165 4
1165 1166 9
1165 1225 9
1167 1168 5
1167 1227 1
1168 1169 9
1169 1170 7
1170 1171 7
1171 1172 10
1171 1231 12
1172 1173 4
1173 1174 10
1173 1233 14
1174 1175 15
1175 1176 15
1175 1235 10
1176 1177 16
1177 1178 17
1177 1237 4
1179 1180 17
1179 1239 16
1180 1181 11
1181 1182 13
1181 1241 15
1182 1183 3
1183 1184 13
1183 1243 11
1184 1185 2
1185 1186 4
1185 1245 10
1186 1187 3
1187 1188 3
1187 1247 3
1188 1189 11
1189 1190 3
1189 1249 19
1190 1191 16
1191 1192 1
1191 1251 9
1192 1193 3
1193 1253 18
1194 1195 12
1195 1196 1
1195 1255 3
1196 1197 6
1197 1198 15
1197 1257 3
1198 1199 13
1199 1259 8
1200 1201 13
1200 1260 9
1201 1202 8
1202 1203 11
1202 1262 18
1203 1204 17
1204 1205 10
1204 1264 15
1205 1206 12
1206 1207 10
1206 1266 9
1207 1208 12
1208 1209 5
1208 1268 17
1209 1210 13
1210 1211 15
1210 1270 8
1211 1212 15
1212 1213 1
1212 1272 3
1213 1214 17
1214 1215 7
1214 1274 11
1215 1216 8
1216 1217 12
1216 1276 6
1217 1218 17
1218 1219 8
1218 1278 5
1219 1220 14
1220 1221 8
1220 1280 14
1221 1222 17
1222 1223 12
1222 1282 18
1223 1224 10
1224 1225 2
1224 1284 18
1225 1226 3
1226 1227 5
1226 1286 18
1227 1228 18
1228 1229 11
1228 1288 4
1229 1230 1
1230 1231 12
1231 1232 5
1232 1233 4
1232 1292 12
1233 1234 7
1234 1235 12
1234 1294 8
1235 1236 7
1236 1237 15
1236 1296 3
1237 1238 17
1238 1239 5
1238 1298 12
1239 1240 12
1240 1241 7
1240 1300 4
1241 1242 16
1242 1243 9
1242 1302 2
1243 1244 1
1244 1245 14
1244 1304 6
1245 1246 11
1246 1247 17
1246 1306 3
1247 1248 16
1248 1249 8
1248 1308 8
1250 1251 8
1250 1310 7
1251 1252 11
1252 1253 15
1252 1312 4
1254 1255 9
1254 1314 14
1255 1256 13
1256 1316 5
1258 1259 5
1258 1318 11
1260 1261 17
1261 1262 11
1261 1321 1
1262 1263 5
1263 1264 1
1263 1323 9
1264 1265 13
1265 1266 1
1265 1325 2
1266 1267 6
1267 1268 17
1267 1327 16
1268 1269 7
1269 1270 1
1270 1271 13
1271 1272 14
1272 1273 1
1273 1274 17
1273 1333 1
1274 1275 14
1275 1276 11
1275 1335 8
1276 1277 6
1277 1278 1
1278 1279 9
1279 1280 4
1279 1339 16
1280 1281 1
1281 1282 10
1281 1341 5
1282 1283 13
1283 1343 12
1284 1285 8
1285 1286 15
1285 1345 3
1287 1288 5
1287 1347 10
1288 1289 5
1289 1290 2
1289 1349 8
1290 1291 2
1291 1292 1
1291 1351 14
1292 1293 10
1293 1294 16
1293 1353 12
1294 1295 15
1295 1296 6
1295 1355 9
1296 1297 14
1297 1298 19
1297 1357 3
1298 1299 4
1299 1300 12
1301 1302 19
1301 1361 1
1302 1303 11
1303 1304 1
1303 1363 10
1304 1305 13
1305 1306 8
1305 1365 11
1306 1307 15
1307 1308 15
1307 1367 18
1308 1309 17
1309 1310 18
1309 1369 18
1310 1311 3
1311 1312 4
1312 1313 15
1313 1314 2
1313 1373 5
1314 1315 19
1315 1316 19
1315 1375 2
1316 1317 1
1317 1318 7
1317 1377 12
1318 1319 2
1319 1379 8
1320 1321 17
1320 1380 9
1321 1322 13
1322 1323 19
1322 1382 19
1324 1325 2
1324 1384 8
1325 1326 6
1326 1327 9
1326 1386 4
1327 1328 10
1328 1329 9
1328 1388 3
1329 1330 6
1330 1331 11
1330 1390 16
1331 1332 9
1332 1333 6
1332 1392 6
1333 1334 5
1334 1335 13
1334 1394 10
1335 1336 11
1336 1337 13
1336 1396 14
1337 1338 1
1338 1339 15
1339 1340 16
1340 1341 18
1340 1400 16
1341 1342 5
1342 1343 1
1343 1344 16
1344 1345 10
1344 1404 13
1345 1346 2
1346 1347 12
1346 1406 3
1347 1348 12
1348 1349 6
1348 1408 8
1349 1350 14
1350 1351 7
1350 1410 17
1351 1352 12
1352 1353 1
1352 1412 13
1353 1354 2
1354 1355 15
1355 1356 10
1356 1416 15
1358 1418 12
1359 1360 1
1360 1361 14
1360 1420 16
1361 1362 13
1362 1363 5
1362 1422 14
1363 1364 6
1364 1365 15
1365 1366 18
1366 1367 12
1366 1426 10
1367 1368 17
1368 1369 5
1368 1428 17
1369 1370 15
1370 1430 12
1371 1372 2
1372 1373 15
1372 1432 7
1373 1374 11
1374 1375 6
1374 1434 10
1375 1376 13
1376 1377 1
1376 1436 1
1377 1378 15
1378 1379 17
1378 1438 10
1380 1381 9
1381 1441 9
1382 1383 7
1384 1385 7
1385 1386 15
1385 1445 3
1386 1387 4
1387 1447 14
1388 1389 16
1389 1390 1
1389 1449 14
1390 1391 9
1391 1451 1
1392 1393 12
1393 1394 16
1393 1453 9
1394 1395 8
1395 1396 2
1395 1455 18
1396 1397 19
1397 1398 7
1398 1399 5
1399 1400 7
1399 1459 1
1400 1401 4
1401 1402 17
1401 1461 5
1402 1403 11
1403 1404 1
1403 1463 9
1404 1405 14
1405 1406 7
1405 1465 15
1406 1407 13
1407 1408 19
1407 1467 11
1408 1409 13
1409 1410 7
1409 1469 15
1410 1411 6
1411 1412 10
1411 1471 6
1412 1413 4
1413 1414 4
1413 1473 15
1414 1415 4
1415 1416 8
1416 1417 17
1418 1419 5
1419 1420 10
1419 1479 5
1420 1421 6
1421 1422 1
1421 1481 4
1422 1423 6
1423 1424 5
1424 1425 11
1425 1426 1
1425 1485 13
1426 1427 6
1427 1428 5
1427 1487 17
1428 1429 7
1429 1430 17
1429 1489 1
1430 1431 11
1431 1491 2
1432 1433 9
1433 1434 9
1433 1493 14
1434 1435 15
1435 1436 12
1435 1495 12
1436 1437 13
1437 1438 8
1437 1497 5
1438 1439 17
1439 1499 2
1440 1441 3
1440 1500 11
1441 1442 3
1442 1443 15
1442 1502 12
1443 1444 18
1444 1445 4
1444 1504 3
1446 1447 8
1446 1506 2
1447 1448 7
1448 1449 2
1448 1508 6
1450 1451 17
1450 1510 12
1451 1452 19
1452 1453 17
1452 1512 3
1454 1455 4
1454 1514 13
1455 1456 11
1456 1457 7
1456 1516 9
1457 1458 9
1458 1459 3
1458 1518 16
1459 1460 9
1460 1461 10
1460 1520 5
1462 1463 7
1462 1522 7
1464 1465 1
1464 1524 2
1465 1466 15
1466 1467 12
1466 1526 5
1467 1468 3
1468 1469 6
1468 1528 9
1469 1470 5
1470 1530 10
1471 1472 8
1472 1532 13
1473 1474 11
1474 1475 7
1474 1534 5
1475 1476 4
1476 1477 5
1476 1536 4
1478 1479 10
1478 1538 13
1479 1480 13
1480 1481 1
1480 1540 15
1481 1482 15
1482 1483 8
1482 1542 12
1483 1484 14
1485 1486 1
1486 1487 3
1486 1546 13
1487 1488 6
1488 1548 13
1489 1490 16
1490 1491 1
1490 1550 10
1491 1492 8
1492 1493 18
1492 1552 5
1493 1494 11
1495 1496 13
1496 1497 16
1496 1556 6
1498 1499 1
1498 1558 14
1500 1501 4
1501 1502 10
1501 1561 11
1502 1503 8
1503 1504 17
1503 1563 11
1504 1505 8
1505 1506 12
1506 1507 11
1507 1508 2
1507 1567 2
1508 1509 18
1509 1510 18
1509 1569 2
1510 1511 9
1511 1512 10
1511 1571 16
1512 1513 14
1513 1573 15
1514 1515 2
1515 1516 14
1515 1575 10
1516 1517 16
1517 1518 4
1517 1577 16
1518 1519 16
1519 1520 2
1519 1579 7
1520 1521 2
1521 1522 16
1521 1581 18
1522 1523 1
1523 1524 16
1523 1583 7
1525 1526 5
1525 1585 15
1526 1527 14
1527 1528 9
1527 1587 19
1528 1529 1
1529 1530 14
1529 1589 14
1530 1531 9
1531 1532 3
1532 1533 8
1533 1534 19
1533 1593 11
1534 1535 10
1535 1595 4
1536 1537 1
1537 1538 2
1537 1597 18
1538 1539 2
1539 1540 16
1539 1599 12
1540 1541 19
1541 1542 7
1541 1601 13
1543 1544 3
1543 1603 10
1544 1545 5
1545 1546 10
1545 1605 19
1546 1547 7
1547 1607 17
1548 1549 10
1549 1550 5
1549 1609 12
1550 1551 15
1551 1552 6
1551 1611 8
1552 1553 10
1553 1554 6
1553 1613 1
1554 1555 10
1555 1556 13
1555 1615 16
1556 1557 7
1557 1558 13
1557 1617 6
1558 1559 9
1559 1619 18
1560 1561 9
1560 1620 15
1561 1562 1
1562 1563 14
1562 1622 19
1563 1564 18
1564 1565 10
1564 1624 15
1565 1566 14
1567 1568 3
1568 1569 7
1568 1628 17
1569 1570 5
1570 1571 14
1570 1630 8
1571 1572 2
1572 1573 10
1572 1632 19
1573 1574 3
1574 1575 7
1574 1634 7
1575 1576 5
1576 1577 6
1576 1636 9
1578 1579 19
1578 1638 15
1579 1580 6
1580 1581 9
1581 1582 1
1582 1583 12
1582 1642 15
1583 1584 1
1584 1585 2
1584 1644 15
1585 1586 17
1586 1587 12
1587 1588 1
1588 1648 7
1589 1590 14
1590 1591 13
1590 1650 19
1591 1592 5
1592 1593 4
1592 1652 14
1593 1594 7
1594 1654 13
1595 1596 5
1596 1597 16
1596 1656 3
1597 1598 5
1598 1599 16
1598 1658 6
1599 1600 14
1600 1601 11
1600 1660 16
1601 1602 4
1602 1603 16
1602 1662 2
1603 1604 19
1604 1605 3
1604 1664 4
1605 1606 3
1606 1607 10
1607 1608 16
1608 1609 14
1608 1668 16
1609 1610 16
1610 1611 9
1610 1670 13
1611 1612 7
1612 1613 1
1612 1672 18
1613 1614 1
1614 1615 16
1614 1674 9
1615 1616 19
1616 1617 14
1616 1676 3
1618 1619 14
1618 1678 5
1620 1621 1
1621 1622 17
1622 1623 5
1623 1624 13
1623 1683 5
1624 1625 11
1625 1626 3
1625 1685 8
1626 1627 11
1627 1628 3
1627 1687 6
1628 1629 5
1629 1630 5
1629 1689 13
1630 1631 7
1631 1632 9
1633 1634 11
1633 1693 12
1634 1635 17
1635 1636 7
1635 1695 14
1636 1637 15
1637 1638 7
1637 1697 18
1638 1639 8
1639 1640 17
1639 1699 19
1640 1641 15
1641 1642 14
1641 1701 14
1643 1644 16
1643 1703 11
1644 1645 12
1646 1647 1
1647 1648 11
1647 1707 11
1648 1649 8
1649 1650 13
1649 1709 15
1650 1651 11
1651 1652 16
1651 1711 6
1652 1653 17
1653 1654 15
1655 1656 6
1656 1657 18
1657 1658 9
1658 1659 11
1659 1660 10
1659 1719 16
1660 1661 9
1661 1721 16
1662 1663 11
1663 1664 17
1663 1723 14
1664 1665 18
1665 1666 6
1665 1725 9
1666 1667 8
1667 1668 3
1667 1727 17
1668 1669 6
1669 1670 14
1669 1729 16
1670 1671 10
1671 1672 3
1671 1731 2
1672 1673 1
1673 1674 10
1673 1733 3
1674 1675 13
1675 1676 13
1675 1735 13
1676 1677 9
1677 1737 18
1678 1679 9
1679 1739 3
1680 1681 4
1680 1740 10
1681 1682 8
1682 1683 4
1682 1742 14
1684 1685 4
1685 1686 19
1686 1746 9
1687 1688 5
1688 1689 18
1688 1748 19
1689 1690 15
1690 1750 18
1691 1692 14
1692 1693 11
1692 1752 10
1693 1694 9
1694 1695 11
1694 1754 1
1695 1696 18
1696 1756 4
1697 1698 11
1698 1699 4
1698 1758 13
1699 1700 8
1700 1701 10
1700 1760 1
1702 1703 3
1702 1762 13
1703 1704 9
1704 1705 14
1704 1764 2
1705 1706 2
1706 1707 17
1707 1708 19
1708 1709 10
1708 1768 8
1710 1711 1
1710 1770 19
1711 1712 14
1712 1713 13
1712 1772 3
1713 1714 13
1714 1715 10
1714 1774 8
1715 1716 8
1716 1717 4
1716 1776 11
1717 1718 10
1718 1719 18
1718 1778 2
1719 1720 17
1720 1721 12
1720 1780 5
1721 1722 10
1722 1723 3
1722 1782 8
1723 1724 8
1724 1725 13
1724 1784 5
1725 1726 2
1726 1727 11
1726 1786 8
1727 1728 19
1728 1729 7
1728 1788 9
1729 1730 4
1730 1731 4
1730 1790 5
1731 1732 6
1732 1733 15
1732 1792 6
1733 1734 9
1734 1735 11
1734 1794 12
1735 1736 16
1736 1737 16
1736 1796 10
1737 1738 17
1738 1739 10
1738 1798 11
1740 1741 9
1741 1742 18
1742 1743 16
1743 1744 8
1744 1745 8
1745 1746 7
1746 1747 1
1747 1748 10
1748 1749 1
1749 1750 1
1750 1751 2
1752 1753 10
1753 1754 2
1754 1755 6
1755 1756 3
1756 1757 18
1757 1758 10
1758 1759 3
1759 1760 1
1760 1761 6
1761 1762 15
1763 1764 2
1764 1765 8
1765 1766 12
1766 1767 14
1767 1768 2
1769 1770 11
1770 1771 17
1771 1772 8
1772 1773 8
1773 1774 13
1774 1775 17
1775 1776 15
1776 1777 3
1777 1778 5
1778 1779 4
1781 1782 7
1782 1783 3
1783 1784 3
1784 1785 16
1785 1786 3
1786 1787 5
1787 1788 11
1788 1789 9
1790 1791 15
1791 1792 9
1792 1793 12
1793 1794 9
1794 1795 13
1795 1796 15
1796 1797 5
1797 1798 1
6
9
14
24
35
43
47
53
60
68
70
74
76
78
81
86
88
97
107
110
111
116
118
157
176
202
209
212
213
215
228
230
278
293
298
300
306
315
317
324
329
333
337
341
342
346
351
352
356
360
362
378
380
389
394
398
403
404
406
412
425
430
457
460
472
485
489
495
498
500
511
524
530
533
542
547
550
560
563
570
575
579
580
582
583
585
599
604
605
612
613
623
625
632
642
658
702
710
716
719
737
738
747
759
765
770
776
787
788
791
794
798
802
813
814
820
822
829
842
846
847
849
894
897
901
905
909
913
916
921
952
953
958
960
965
978
994
1004
1006
1008
1009
1012
1016
1020
1023
1024
1039
1061
1070
1077
1084
1097
1100
1121
1129
1130
1158
1161
1167
1169
1172
1174
1177
1182
1190
1193
1196
1201
1202
1205
1233
1238
1250
1254
1261
1264
1265
1266
1271
1281
1294
1297
1303
1306
1311
1321
1329
1330
1336
1342
1351
1360
1362
1365
1372
1374
1389
1392
1404
1405
1417
1421
1428
1436
1438
1440
1445
1451
1453
1463
1471
1482
1488
1497
1504
1506
1510
1516
1518
1523
1525
1532
1533
1542
1544
1556
1567
1568
1573
1583
1584
1585
1611
1617
1622
1628
1641
1646
1668
1670
1681
1693
1696
1699
1701
1710
1711
1723
1728
1729
1740
1755
1759
1772
1775
1776
1780
1785
1790
