48 59 1 48 14
1 2 1
1 10 13
2 3 11
3 4 1
3 12 18
4 5 8
5 6 12
5 14 13
6 7 1
7 8 3
7 16 5
8 9 1
9 18 15
10 11 6
11 12 8
11 21 19
12 13 5
13 14 11
13 23 10
14 15 10
15 16 10
15 25 6
16 17 16
17 18 12
17 27 6
19 29 11
20 21 2
21 22 7
22 23 12
22 32 3
23 24 7
24 25 2
24 34 12
25 26 19
26 27 6
26 36 4
28 29 14
28 38 2
30 31 1
31 40 11
32 33 4
33 34 13
33 42 15
34 35 1
35 36 18
35 44 16
36 37 5
37 38 10
37 46 9
38 39 15
39 48 11
40 41 11
41 42 3
42 43 5
43 44 8
44 45 10
45 46 2
46 47 7
47 48 13
8
9
10
11
14
15
19
20
25
30
31
32
34
39
