336 400 1 336 31
1 2 1
2 3 2
3 4 10
4 5 15
5 6 1
5 30 14
6 7 11
7 8 11
7 32 9
8 9 5
9 10 1
9 34 9
10 11 1
11 12 9
11 36 12
12 13 2
13 14 5
13 38 3
14 15 16
15 16 5
15 40 9
16 17 17
17 18 1
17 42 3
18 19 11
19 20 10
19 44 17
20 21 1
21 22 1
21 46 3
22 23 2
23 24 12
23 48 1
24 25 11
25 50 18
26 27 4
27 28 4
27 53 10
29 55 4
30 31 1
31 32 16
31 57 4
33 59 7
35 61 18
36 37 3
37 38 2
37 63 5
39 40 3
40 41 8
41 42 18
41 67 11
42 43 5
44 45 13
45 46 7
45 71 16
46 47 10
47 48 16
49 50 2
49 75 11
50 51 2
51 77 8
52 53 9
52 78 11
54 55 4
54 80 8
56 57 14
56 82 6
57 58 1
58 59 1
58 84 10
59 60 8
60 61 3
60 86 18
61 62 3
62 63 6
63 64 15
64 65 17
64 90 14
65 66 13
66 67 4
66 92 11
67 68 7
68 69 12
68 94 9
70 71 19
71 72 2
72 98 13
73 74 1
74 75 4
74 100 3
75 76 7
76 77 3
76 102 15
78 79 17
79 80 10
79 105 13
80 81 6
81 82 10
81 107 11
82 83 4
83 84 16
84 85 13
85 86 13
85 111 15
86 87 15
87 88 9
87 113 7
88 89 16
89 90 18
90 91 15
91 92 18
93 119 6
94 95 7
95 96 6
96 97 1
97 98 12
97 123 17
98 99 12
99 125 7
100 101 15
101 102 12
101 127 13
102 103 1
103 129 13
104 105 15
104 130 5
106 107 10
106 132 10
107 108 16
108 109 14
108 134 9
109 110 14
110 111 13
110 136 8
111 112 16
112 113 4
113 114 1
114 115 18
115 116 4
117 118 15
118 119 5
118 144 3
119 120 12
120 121 5
120 146 4
121 122 9
122 123 9
122 148 9
124 125 4
125 126 2
126 127 11
126 152 9
127 128 16
128 129 15
128 154 14
130 131 17
131 132 14
131 157 8
132 133 12
133 134 16
133 159 7
134 135 4
135 136 8
136 137 7
137 138 5
137 163 16
138 139 7
139 140 16
139 165 9
140 141 5
141 142 14
141 167 8
143 144 4
143 169 3
144 145 11
145 146 6
145 171 4
147 148 17
147 173 10
149 150 10
149 175 3
150 151 2
151 152 1
151 177 4
153 154 19
153 179 16
154 155 9
155 181 10
156 157 13
157 158 11
158 159 1
158 184 14
160 161 15
160 186 17
161 162 6
162 163 13
162 188 15
163 164 16
164 190 5
165 166 18
166 167 11
166 192 5
168 194 11
170 171 8
170 196 17
171 172 5
172 173 17
172 198 4
173 174 2
174 200 7
175 176 1
176 177 1
176 202 14
177 178 1
178 179 9
178 204 6
180 181 3
180 206 4
182 183 3
183 184 7
184 185 3
185 186 14
185 211 13
186 187 6
187 213 5
188 189 12
189 190 17
189 215 18
191 192 16
191 217 9
192 193 4
193 194 16
193 219 15
194 195 12
195 196 1
195 221 9
196 197 7
197 198 18
197 223 8
198 199 1
199 200 10
200 201 11
201 202 4
201 227 11
202 203 17
203 229 12
204 205 3
205 206 11
205 231 3
206 207 7
207 233 14
208 209 7
208 234 7
209 210 1
210 211 14
211 212 1
212 213 11
212 238 11
213 214 7
214 215 6
214 240 6
215 216 5
216 217 18
218 219 5
219 220 15
220 246 2
222 223 10
222 248 11
223 224 10
224 250 18
225 226 9
226 252 17
227 228 10
228 229 6
229 230 17
230 256 3
231 232 15
232 233 13
232 258 10
234 235 11
235 236 15
235 261 2
236 237 11
237 263 1
238 239 14
239 240 17
239 265 1
240 241 17
241 242 9
241 267 11
242 243 14
243 244 17
244 245 18
245 246 9
245 271 4
246 247 16
247 248 1
247 273 16
248 249 9
249 250 15
249 275 1
250 251 7
251 252 18
251 277 17
252 253 16
253 254 6
253 279 6
254 255 9
255 281 3
256 257 17
257 258 19
258 259 11
259 285 9
260 261 10
260 286 15
261 262 1
262 263 13
262 288 14
264 265 7
264 290 19
265 266 18
266 267 11
267 268 1
268 269 3
268 294 14
269 270 6
270 271 16
270 296 19
271 272 9
272 273 18
272 298 11
273 274 16
274 275 10
274 300 18
276 277 17
276 302 8
277 278 18
278 279 2
278 304 17
279 280 13
280 281 10
280 306 11
281 282 18
282 308 18
283 284 1
284 285 5
284 310 7
286 287 9
287 288 12
287 312 13
288 289 16
289 290 1
290 291 10
292 293 10
293 318 5
294 295 5
295 296 14
295 320 10
296 297 14
297 298 13
298 299 1
299 300 11
299 324 5
300 301 7
301 302 14
301 326 14
302 303 17
303 304 15
303 328 4
304 305 17
305 306 10
305 330 17
306 307 17
307 332 18
308 309 1
309 310 4
310 311 5
311 336 13
312 313 15
313 314 6
314 315 3
315 316 18
316 317 18
317 318 12
318 319 4
319 320 17
320 321 2
321 322 3
323 324 5
325 326 12
326 327 1
327 328 10
328 329 5
329 330 12
330 331 16
331 332 17
332 333 15
333 334 12
334 335 16
335 336 5
7
8
27
36
38
49
71
91
103
104
106
111
113
132
144
149
191
212
229
234
244
254
257
260
269
282
287
321
322
326
336
