1350 1784 1 1350 151
1 52 12
2 3 7
3 4 12
3 54 3
4 5 1
5 6 13
5 56 5
6 7 18
7 8 1
7 58 13
8 9 6
9 10 14
10 11 12
11 12 12
11 62 11
12 13 14
13 14 15
13 64 9
14 15 18
15 16 15
15 66 6
16 17 5
17 18 12
19 20 6
19 70 8
20 21 1
21 22 16
21 72 11
22 23 6
23 24 7
23 74 14
24 25 6
25 26 15
25 76 2
26 27 6
27 28 14
27 78 5
29 30 8
29 80 11
30 31 6
31 32 8
31 82 9
32 33 7
33 34 1
33 84 7
34 35 4
35 36 5
35 86 17
36 37 14
37 38 12
37 88 6
38 39 2
39 90 9
40 41 18
41 42 7
41 92 15
42 43 15
43 44 7
43 94 2
44 45 17
45 46 8
45 96 9
46 47 2
47 48 15
47 98 12
48 49 8
49 50 14
49 100 7
51 102 15
52 53 10
53 54 14
53 105 1
54 55 15
55 56 6
55 107 4
56 57 3
57 58 8
57 109 17
58 59 6
59 60 4
60 61 7
61 113 4
62 63 9
63 64 12
63 115 1
64 65 15
65 66 2
65 117 7
66 67 17
67 68 1
67 119 5
68 69 16
69 70 17
69 121 11
70 71 1
71 72 14
71 123 10
72 73 16
73 74 16
73 125 17
74 75 1
75 76 4
75 127 19
76 77 4
77 78 4
77 129 2
78 79 4
79 80 17
79 131 14
80 81 12
81 82 2
81 133 1
82 83 1
83 84 6
83 135 15
84 85 16
85 86 19
85 137 19
86 87 13
87 88 1
88 89 15
89 90 17
89 141 7
90 91 5
91 92 11
91 143 17
92 93 18
93 94 10
93 145 5
94 95 6
95 96 4
96 97 11
97 98 3
97 149 10
98 99 11
99 100 15
99 151 2
100 101 6
101 102 1
101 153 10
102 103 11
103 155 16
104 105 8
104 156 16
105 106 7
106 107 7
106 158 12
107 108 14
108 109 1
108 160 7
109 110 17
110 111 18
110 162 2
111 112 4
112 113 7
112 164 18
113 114 1
114 115 10
114 166 18
115 116 10
116 117 10
116 168 4
117 118 19
118 119 2
118 170 8
119 120 6
120 121 8
121 122 1
122 123 18
122 174 18
123 124 10
124 125 4
125 126 7
126 127 3
126 178 6
127 128 3
128 129 1
128 180 13
129 130 15
130 182 16
131 132 4
132 133 7
132 184 5
134 135 13
135 136 3
136 137 1
136 188 7
137 138 6
138 139 13
138 190 13
139 140 15
140 141 17
140 192 6
141 142 5
142 194 9
143 144 5
144 145 14
145 146 18
146 147 8
146 198 12
147 148 4
148 149 10
148 200 6
149 150 18
150 151 10
151 152 18
152 153 1
152 204 9
153 154 1
154 155 18
154 206 11
157 158 18
157 209 15
158 159 18
159 160 17
159 211 6
160 161 13
161 162 9
161 213 8
162 163 12
163 164 17
164 165 11
165 217 5
166 167 12
167 168 5
167 219 3
168 169 10
169 170 3
169 221 3
170 171 1
171 172 15
171 223 8
172 173 4
173 174 4
173 225 1
174 175 13
175 176 15
175 227 2
176 177 18
177 229 5
178 179 16
179 180 7
179 231 5
180 181 1
181 182 1
181 233 3
182 183 14
184 185 16
185 186 13
185 237 9
186 187 9
189 190 17
189 241 15
190 191 5
191 192 6
191 243 13
192 193 14
193 194 5
193 245 2
194 195 3
195 196 12
195 247 2
196 197 15
197 198 14
197 249 13
198 199 18
199 251 2
200 201 9
201 253 13
202 203 11
203 204 2
203 255 13
204 205 5
205 206 12
206 207 1
207 259 11
208 209 2
208 260 13
209 210 17
210 211 4
210 262 4
211 212 13
212 213 8
212 264 8
213 214 16
214 215 1
214 266 11
215 216 10
216 217 8
216 268 3
217 218 17
218 219 18
218 270 9
219 220 3
220 221 15
221 222 12
222 223 7
222 274 4
223 224 2
224 225 17
224 276 9
225 226 13
226 227 11
226 278 2
228 229 2
228 280 3
229 230 17
230 231 17
230 282 19
231 232 18
232 233 2
232 284 4
233 234 12
234 235 18
234 286 3
235 236 9
236 237 8
236 288 19
237 238 17
238 239 1
238 290 4
239 240 6
240 241 4
240 292 4
241 242 16
242 243 6
244 245 8
244 296 16
245 246 5
246 247 8
246 298 15
247 248 12
248 249 5
248 300 10
249 250 3
250 251 4
250 302 10
251 252 18
252 253 6
252 304 6
253 254 4
254 255 10
254 306 4
255 256 12
256 257 9
256 308 19
258 259 2
258 310 13
260 261 2
261 262 1
261 313 18
262 263 14
263 264 11
263 315 12
264 265 5
265 266 9
265 317 19
267 319 2
268 269 6
269 270 7
269 321 11
271 272 19
271 323 13
272 273 4
273 274 13
273 325 15
274 275 8
275 276 19
275 327 16
276 277 6
277 278 16
277 329 16
278 279 8
279 280 1
279 331 14
280 281 1
281 282 8
282 283 3
283 284 16
283 335 15
285 286 11
285 337 8
286 287 3
287 288 1
287 339 17
288 289 1
289 290 5
289 341 8
290 291 14
291 292 12
291 343 17
292 293 7
293 294 11
293 345 7
294 295 1
295 296 8
295 347 6
296 297 17
297 298 5
297 349 14
299 300 16
300 301 2
301 302 11
301 353 16
302 303 11
303 304 12
303 355 18
304 305 8
305 306 18
305 357 1
306 307 6
307 308 3
307 359 14
308 309 16
309 310 17
309 361 12
310 311 18
312 313 5
312 364 4
313 314 8
314 315 5
314 366 3
315 316 7
316 317 1
316 368 17
317 318 6
318 319 7
318 370 17
319 320 14
320 321 1
320 372 5
321 322 1
322 323 3
322 374 15
323 324 2
324 325 17
324 376 11
325 326 3
326 327 17
326 378 14
327 328 18
328 329 8
328 380 9
329 330 12
330 331 4
330 382 7
331 332 16
332 384 14
333 334 1
334 335 3
334 386 15
335 336 19
336 337 9
336 388 18
337 338 1
338 339 13
338 390 8
340 341 14
342 343 5
343 344 17
344 345 17
344 396 17
345 346 12
346 347 6
346 398 19
347 348 10
348 349 17
348 400 3
349 350 16
350 351 17
350 402 16
351 352 12
352 353 16
353 354 1
354 355 10
354 406 4
355 356 6
356 357 10
357 358 9
358 359 14
358 410 11
360 361 12
360 412 13
361 362 7
362 363 1
362 414 4
364 365 6
365 417 17
366 367 6
367 368 9
367 419 10
368 369 13
369 370 13
369 421 12
370 371 3
371 372 4
371 423 16
372 373 7
373 425 13
374 375 18
375 376 17
375 427 3
376 377 16
377 378 3
377 429 14
378 379 11
379 380 3
379 431 4
380 381 12
381 382 15
381 433 3
382 383 5
383 384 16
383 435 12
384 385 6
385 386 14
385 437 1
387 388 7
387 439 7
388 389 12
389 390 10
389 441 9
390 391 10
391 392 7
391 443 14
392 393 16
393 394 11
393 445 2
394 395 11
395 447 18
396 397 3
397 398 7
397 449 15
398 399 1
399 400 8
399 451 10
400 401 9
401 402 11
402 403 12
403 404 4
403 455 2
404 405 8
405 406 17
405 457 2
406 407 15
407 408 18
407 459 11
408 409 12
409 461 4
410 411 11
411 412 14
412 413 3
413 414 3
413 465 13
414 415 10
415 467 13
416 417 7
416 468 10
417 418 6
418 419 3
418 470 18
419 420 5
420 421 10
420 472 3
421 422 14
422 423 1
422 474 9
424 425 3
424 476 16
426 427 5
426 478 5
427 428 18
428 429 12
428 480 5
429 430 2
430 431 13
430 482 19
432 433 2
432 484 6
433 434 1
434 435 14
434 486 12
435 436 14
436 437 9
436 488 6
437 438 5
438 439 15
438 490 9
439 440 15
440 441 13
440 492 19
441 442 3
442 443 18
442 494 16
443 444 1
444 445 1
444 496 15
445 446 1
446 447 8
447 448 18
448 449 2
448 500 18
449 450 18
450 451 3
450 502 5
451 452 18
452 453 16
452 504 16
453 454 14
454 506 7
455 456 4
456 457 16
456 508 15
458 459 18
458 510 3
459 460 18
460 512 16
461 462 7
462 514 3
463 464 8
464 465 11
464 516 1
465 466 4
466 467 3
466 518 13
468 469 5
469 470 1
469 521 8
470 471 14
471 472 18
471 523 8
472 473 15
473 474 18
473 525 18
474 475 10
475 476 5
475 527 10
477 478 12
478 479 5
479 531 7
480 481 16
481 482 1
481 533 2
482 483 5
483 535 4
484 485 10
485 486 4
485 537 1
487 488 8
487 539 13
488 489 9
489 490 7
489 541 12
490 491 14
491 492 6
491 543 1
492 493 10
493 494 11
494 495 1
495 496 5
495 547 5
496 497 9
497 498 14
497 549 18
498 499 14
499 500 14
499 551 14
500 501 1
501 553 11
502 503 10
503 504 13
503 555 8
504 505 16
505 557 15
506 507 6
507 508 4
507 559 14
508 509 14
509 510 11
509 561 19
510 511 9
511 512 3
511 563 17
512 513 1
513 514 11
513 565 18
514 515 3
515 516 2
515 567 12
516 517 15
517 518 3
517 569 17
518 519 10
519 571 16
520 521 17
520 572 6
521 522 7
522 523 14
522 574 6
523 524 3
524 525 2
524 576 15
525 526 5
526 527 17
526 578 14
527 528 12
528 529 2
528 580 1
530 531 10
531 532 4
532 533 1
532 584 10
534 535 4
534 586 15
535 536 7
536 588 14
537 538 9
538 539 2
538 590 8
539 540 17
540 541 10
540 592 9
541 542 3
542 543 5
542 594 16
543 544 15
544 545 18
544 596 6
545 546 2
546 547 7
546 598 11
548 600 14
549 550 6
550 551 7
550 602 10
551 552 11
552 553 1
552 604 5
553 554 2
554 606 19
555 556 12
556 557 16
556 608 3
557 558 16
558 559 9
558 610 10
559 560 3
561 562 11
562 563 14
562 614 19
563 564 2
564 565 7
564 616 18
565 566 3
566 567 2
566 618 15
567 568 18
568 620 18
569 570 14
570 571 1
570 622 2
572 573 11
573 574 13
574 575 18
575 576 16
575 627 8
576 577 17
577 578 8
578 579 16
579 580 11
579 631 5
580 581 8
581 582 11
581 633 14
582 583 11
583 584 12
583 635 1
585 586 3
585 637 4
586 587 17
587 588 8
587 639 1
588 589 1
589 590 9
589 641 3
590 591 4
591 592 3
592 593 14
593 594 10
593 645 5
594 595 5
595 596 18
595 647 14
596 597 11
597 598 7
597 649 8
598 599 4
599 600 15
599 651 1
600 601 3
601 602 4
602 603 18
603 604 13
603 655 6
605 606 3
605 657 7
606 607 17
607 608 8
607 659 2
608 609 12
609 610 19
609 661 3
610 611 7
611 612 1
611 663 18
612 613 1
613 665 11
615 616 19
615 667 14
616 617 16
617 618 16
617 669 16
618 619 17
619 620 15
619 671 3
621 622 19
621 673 6
622 623 17
623 675 11
624 625 4
624 676 16
625 626 12
626 627 6
626 678 4
627 628 10
628 629 10
628 680 18
629 630 17
630 631 16
630 682 15
631 632 13
632 633 14
632 684 10
633 634 16
634 635 4
634 686 14
636 637 1
636 688 4
637 638 16
638 639 16
638 690 3
639 640 8
640 641 1
640 692 16
641 642 4
642 643 19
642 694 8
644 696 5
645 646 13
646 698 2
647 648 8
648 649 6
648 700 14
649 650 1
650 651 7
650 702 11
651 652 7
652 653 10
652 704 5
653 654 18
654 706 16
655 656 10
656 657 6
656 708 15
657 658 15
658 659 7
659 660 8
660 661 12
660 712 3
661 662 12
662 663 4
662 714 11
663 664 1
664 665 12
664 716 4
665 666 8
666 667 14
666 718 2
668 669 17
668 720 15
669 670 1
670 671 6
670 722 17
671 672 18
672 724 7
673 674 7
674 675 15
674 726 12
676 677 2
677 678 16
677 729 5
678 679 13
679 680 3
679 731 5
681 682 2
681 733 11
682 683 7
683 684 13
683 735 18
684 685 13
685 686 18
685 737 14
686 687 8
687 688 4
688 689 7
689 690 15
690 691 5
691 692 2
691 743 15
692 693 13
693 694 14
694 695 16
695 696 17
695 747 12
696 697 19
697 749 7
698 699 17
699 751 13
700 701 14
701 702 1
701 753 18
702 703 4
703 704 19
703 755 3
704 705 15
705 706 12
705 757 13
706 707 17
707 708 10
707 759 6
708 709 17
709 710 3
710 711 9
711 712 16
711 763 9
712 713 13
713 714 6
713 765 9
714 715 1
715 716 5
715 767 4
716 717 10
717 718 19
718 719 15
719 720 3
719 771 11
720 721 16
721 722 13
721 773 1
722 723 3
723 724 8
723 775 5
724 725 1
725 726 6
725 777 11
726 727 8
727 779 13
728 729 17
728 780 11
729 730 11
730 731 6
730 782 8
731 732 3
732 733 18
732 784 5
733 734 3
734 735 1
734 786 1
736 737 8
736 788 11
737 738 13
738 739 13
738 790 5
739 740 7
740 741 15
740 792 17
741 742 10
742 743 14
742 794 2
743 744 17
744 745 2
744 796 6
745 746 1
746 747 9
746 798 10
747 748 7
748 749 8
748 800 10
749 750 17
750 751 10
750 802 3
751 752 8
752 753 8
752 804 8
753 754 6
754 755 4
754 806 14
755 756 12
756 757 3
756 808 1
757 758 3
758 759 17
758 810 3
759 760 16
760 761 3
760 812 3
761 762 14
762 763 6
762 814 3
763 764 3
764 765 6
764 816 16
765 766 10
766 767 8
766 818 13
767 768 8
768 769 11
768 820 1
769 770 8
770 771 16
770 822 19
772 773 6
772 824 10
773 774 5
774 775 11
774 826 9
775 776 16
776 777 15
776 828 5
777 778 10
778 779 10
778 830 8
781 782 1
781 833 9
782 783 5
783 784 16
783 835 13
784 785 6
785 786 10
785 837 7
786 787 5
787 788 14
787 839 7
788 789 18
789 790 10
789 841 3
790 791 18
791 792 3
791 843 18
793 794 6
793 845 3
794 795 6
795 796 10
795 847 3
796 797 16
797 849 13
798 799 7
799 851 3
800 801 8
801 802 7
801 853 11
802 803 14
803 804 14
803 855 14
804 805 7
805 857 6
806 807 4
807 808 17
807 859 3
808 809 13
809 810 2
809 861 19
810 811 3
811 812 15
811 863 9
812 813 17
813 865 18
814 815 15
815 816 12
815 867 1
817 818 9
817 869 15
818 819 2
819 820 5
819 871 19
820 821 11
821 822 2
821 873 16
822 823 9
823 875 3
824 825 4
825 826 1
825 877 13
826 827 9
827 828 5
827 879 10
828 829 3
829 881 12
830 831 2
831 883 4
832 833 1
833 834 13
834 835 11
834 886 3
835 836 7
836 837 13
836 888 19
837 838 3
838 890 14
839 840 15
840 841 10
840 892 18
841 842 12
842 843 1
842 894 3
843 844 1
844 845 1
844 896 6
845 846 9
846 847 7
846 898 10
847 848 10
848 849 11
848 900 15
849 850 16
850 851 14
850 902 13
852 853 13
852 904 5
853 854 14
854 855 6
854 906 17
855 856 17
856 857 3
857 858 4
858 859 11
858 910 7
859 860 8
860 861 5
860 912 4
861 862 17
862 863 16
862 914 18
864 865 1
864 916 1
865 866 4
866 867 8
866 918 1
867 868 17
868 869 5
868 920 17
869 870 5
870 871 12
870 922 13
871 872 3
872 873 18
872 924 12
873 874 18
874 875 11
875 876 1
876 877 6
876 928 11
877 878 12
878 879 5
878 930 12
879 880 18
880 881 10
880 932 12
881 882 3
882 883 11
882 934 16
884 885 11
885 886 4
885 937 14
887 888 13
887 939 18
888 889 12
889 890 6
889 941 4
890 891 9
891 892 17
891 943 12
892 893 15
893 894 18
893 945 6
894 895 2
895 896 15
895 947 9
896 897 13
897 898 14
897 949 5
898 899 7
899 900 15
899 951 16
900 901 8
901 902 3
901 953 4
902 903 18
903 904 17
903 955 4
904 905 9
905 957 8
907 908 12
907 959 6
909 910 3
909 961 13
910 911 3
911 912 6
911 963 9
912 913 4
913 914 1
913 965 16
914 915 13
915 916 8
916 917 13
917 918 16
917 969 4
919 971 5
920 921 8
921 922 10
921 973 16
922 923 3
923 924 2
923 975 12
924 925 4
925 926 7
925 977 6
926 927 16
927 928 7
927 979 5
928 929 2
929 930 4
930 931 5
931 932 8
932 933 9
933 934 1
934 935 9
935 987 12
936 937 6
936 988 15
937 938 7
938 939 12
939 940 13
940 941 1
940 992 8
941 942 12
942 943 12
942 994 9
944 945 18
944 996 1
945 946 17
946 947 1
946 998 7
947 948 15
948 949 9
948 1000 18
949 950 11
950 951 10
950 1002 3
951 952 13
952 953 19
952 1004 6
953 954 13
954 955 9
954 1006 3
955 956 1
956 957 13
956 1008 16
957 958 1
958 1010 10
959 960 12
960 961 14
960 1012 10
961 962 14
963 964 12
964 965 5
964 1016 5
965 966 14
966 967 17
966 1018 11
967 968 18
968 969 11
968 1020 14
969 970 11
970 971 1
970 1022 7
971 972 13
972 973 7
972 1024 19
973 974 18
974 975 17
974 1026 18
975 976 1
976 977 18
976 1028 14
977 978 13
978 979 14
978 1030 19
980 981 2
980 1032 19
981 982 5
982 983 14
982 1034 3
983 984 18
984 985 18
984 1036 12
985 986 17
986 987 1
986 1038 1
988 989 12
989 990 5
989 1041 6
990 991 15
991 992 12
991 1043 12
992 993 12
993 1045 3
994 995 14
995 996 9
995 1047 5
996 997 1
997 998 10
997 1049 18
998 999 16
999 1000 18
999 1051 3
1001 1002 3
1001 1053 11
1002 1003 15
1003 1004 6
1003 1055 13
1004 1005 16
1005 1006 11
1005 1057 18
1006 1007 5
1007 1059 14
1008 1009 2
1009 1010 8
1009 1061 1
1010 1011 5
1011 1012 19
1012 1013 8
1013 1014 17
1013 1065 5
1014 1015 4
1015 1016 6
1015 1067 9
1016 1017 2
1017 1018 16
1017 1069 13
1018 1019 7
1019 1020 8
1019 1071 2
1020 1021 9
1021 1073 6
1022 1023 16
1023 1024 8
1023 1075 8
1024 1025 13
1025 1026 13
1025 1077 12
1026 1027 14
1027 1028 2
1027 1079 10
1028 1029 13
1029 1030 10
1029 1081 13
1030 1031 16
1031 1032 11
1031 1083 12
1033 1034 18
1033 1085 4
1034 1035 13
1035 1036 10
1036 1037 9
1037 1038 12
1038 1039 1
1039 1091 19
1040 1041 10
1040 1092 17
1041 1042 4
1042 1043 14
1042 1094 15
1043 1044 6
1044 1045 16
1044 1096 1
1045 1046 15
1046 1047 11
1047 1048 1
1048 1049 8
1049 1050 3
1050 1051 5
1050 1102 14
1051 1052 3
1052 1053 18
1052 1104 8
1053 1054 13
1054 1055 10
1054 1106 15
1055 1056 6
1056 1057 10
1056 1108 12
1058 1059 19
1059 1060 4
1060 1061 1
1061 1062 15
1062 1063 4
1062 1114 17
1063 1064 8
1064 1065 11
1065 1066 3
1066 1067 17
1066 1118 11
1067 1068 6
1068 1069 11
1068 1120 12
1069 1070 13
1070 1071 5
1070 1122 6
1071 1072 9
1072 1073 8
1072 1124 17
1073 1074 15
1074 1075 1
1074 1126 9
1075 1076 3
1076 1077 4
1076 1128 6
1077 1078 1
1078 1130 19
1079 1080 17
1080 1081 10
1080 1132 1
1082 1083 16
1082 1134 6
1084 1085 11
1084 1136 3
1085 1086 2
1086 1087 11
1086 1138 13
1087 1088 5
1088 1140 7
1089 1090 15
1090 1091 18
1090 1142 5
1092 1093 5
1093 1094 6
1093 1145 4
1095 1147 9
1096 1097 14
1097 1098 2
1097 1149 7
1098 1099 4
1099 1100 13
1099 1151 14
1100 1101 15
1101 1102 9
1101 1153 2
1102 1103 8
1103 1104 2
1103 1155 13
1104 1105 7
1105 1106 9
1105 1157 12
1106 1107 13
1107 1108 13
1107 1159 9
1108 1109 19
1109 1110 1
1109 1161 6
1110 1111 16
1111 1112 7
1111 1163 2
1112 1113 14
1113 1114 13
1113 1165 4
1114 1115 3
1115 1116 13
1115 1167 1
1116 1117 1
1117 1169 9
1118 1119 5
1119 1120 17
1119 1171 9
1120 1121 4
1121 1173 19
1123 1124 6
1123 1175 14
1124 1125 7
1125 1177 17
1126 1127 4
1127 1128 4
1127 1179 5
1128 1129 9
1129 1130 15
1129 1181 5
1131 1132 7
1131 1183 18
1132 1133 6
1133 1134 6
1134 1135 1
1135 1136 9
1135 1187 16
1136 1137 9
1137 1138 5
1137 1189 6
1138 1139 15
1139 1140 8
1139 1191 7
1140 1141 5
1141 1142 16
1141 1193 14
1142 1143 2
1143 1195 8
1144 1145 15
1144 1196 17
1146 1147 9
1146 1198 19
1147 1148 17
1148 1149 18
1148 1200 6
1149 1150 8
1150 1151 6
1150 1202 1
1151 1152 16
1152 1153 7
1152 1204 6
1153 1154 14
1154 1155 2
1154 1206 13
1156 1208 17
1157 1158 10
1158 1210 13
1159 1160 13
1160 1161 18
1160 1212 6
1161 1162 8
1162 1163 7
1163 1164 10
1164 1165 8
1164 1216 12
1165 1166 12
1166 1167 15
1166 1218 11
1167 1168 18
1168 1169 1
1169 1170 3
1170 1171 2
1170 1222 17
1172 1173 16
1172 1224 1
1173 1174 13
1174 1175 2
1174 1226 10
1175 1176 17
1176 1177 12
1176 1228 5
1177 1178 4
1178 1179 11
1178 1230 19
1179 1180 14
1180 1181 1
1180 1232 8
1181 1182 7
1182 1183 14
1182 1234 2
1183 1184 6
1184 1185 9
1184 1236 12
1186 1187 16
1186 1238 9
1187 1188 6
1188 1189 14
1188 1240 12
1189 1190 1
1190 1191 18
1190 1242 19
1191 1192 7
1192 1193 16
1193 1194 1
1194 1195 14
1194 1246 2
1196 1197 3
1197 1198 6
1197 1249 3
1198 1199 8
1199 1200 2
1199 1251 18
1200 1201 5
1201 1202 17
1201 1253 19
1202 1203 8
1203 1204 5
1203 1255 11
1204 1205 9
1205 1206 6
1205 1257 16
1206 1207 13
1207 1208 11
1207 1259 12
1208 1209 14
1209 1210 13
1209 1261 9
1210 1211 8
1211 1212 17
1211 1263 8
1212 1213 2
1213 1214 10
1213 1265 5
1214 1215 7
1215 1216 16
1215 1267 17
1217 1218 6
1217 1269 19
1218 1219 4
1219 1220 18
1219 1271 1
1220 1221 3
1221 1222 4
1221 1273 9
1222 1223 2
1223 1224 16
1223 1275 12
1224 1225 1
1225 1226 4
1226 1227 18
1227 1228 16
1227 1279 13
1228 1229 1
1229 1230 6
1229 1281 4
1230 1231 16
1231 1232 3
1231 1283 7
1232 1233 14
1233 1234 16
1233 1285 14
1235 1236 17
1235 1287 18
1236 1237 12
1237 1238 15
1237 1289 6
1238 1239 7
1239 1240 7
1239 1291 5
1240 1241 15
1241 1242 6
1241 1293 9
1242 1243 12
1243 1244 18
1243 1295 9
1244 1245 11
1245 1246 15
1245 1297 7
1246 1247 7
1247 1299 17
1248 1249 3
1248 1300 8
1249 1250 14
1250 1251 6
1250 1302 10
1251 1252 13
1252 1253 13
1252 1304 13
1253 1254 11
1254 1306 18
1255 1256 10
1256 1257 1
1256 1308 13
1257 1258 3
1258 1259 7
1258 1310 1
1259 1260 4
1260 1261 14
1260 1312 13
1261 1262 8
1262 1263 17
1262 1314 4
1263 1264 11
1264 1265 7
1264 1316 5
1265 1266 12
1266 1267 13
1266 1318 16
1267 1268 14
1268 1269 7
1268 1320 8
1269 1270 10
1270 1271 6
1270 1322 5
1272 1273 5
1272 1324 11
1273 1274 12
1274 1326 11
1275 1276 17
1276 1277 4
1276 1328 12
1277 1278 4
1278 1279 18
1278 1330 3
1279 1280 15
1280 1281 11
1280 1332 14
1281 1282 19
1282 1283 5
1282 1334 9
1283 1284 13
1284 1336 6
1285 1286 13
1286 1287 5
1286 1338 14
1287 1288 11
1288 1289 9
1288 1340 14
1289 1290 15
1290 1291 15
1290 1342 12
1291 1292 17
1292 1344 5
1293 1294 14
1294 1295 9
1294 1346 15
1295 1296 19
1296 1297 7
1296 1348 5
1297 1298 7
1298 1350 16
1300 1301 18
1301 1302 18
1303 1304 7
1304 1305 6
1305 1306 7
1306 1307 4
1307 1308 17
1308 1309 17
1309 1310 12
1310 1311 4
1311 1312 2
1312 1313 4
1313 1314 5
1314 1315 1
1315 1316 17
1316 1317 19
1317 1318 2
1318 1319 11
1319 1320 15
1320 1321 6
1321 1322 7
1322 1323 16
1323 1324 11
1324 1325 3
1325 1326 15
1327 1328 2
1328 1329 14
1329 1330 5
1330 1331 14
1331 1332 4
1332 1333 2
1333 1334 13
1334 1335 4
1335 1336 4
1337 1338 4
1338 1339 3
1339 1340 6
1340 1341 19
1341 1342 6
1342 1343 12
1343 1344 10
1344 1345 19
1345 1346 17
1346 1347 16
1347 1348 1
1348 1349 12
1349 1350 6
34
39
47
64
71
82
83
90
91
92
97
103
121
129
146
158
164
166
168
175
180
183
191
194
197
201
212
241
242
244
246
247
258
290
294
317
321
330
340
376
388
394
395
406
427
444
449
456
466
473
476
480
495
500
514
522
524
534
547
557
563
565
566
576
585
587
589
590
593
605
608
610
611
615
617
624
632
639
646
656
662
667
669
675
701
703
709
717
722
753
770
807
809
823
825
835
843
847
854
859
885
886
888
893
898
902
903
905
919
953
955
983
998
1016
1020
1021
1022
1041
1042
1050
1057
1059
1062
1066
1090
1098
1106
1110
1113
1117
1120
1122
1125
1156
1159
1218
1227
1231
1235
1239
1252
1258
1265
1269
1272
1301
1304
1320
1327
1346
1347
