1680 2219 1 1680 5
1 2 5
1 58 9
2 3 18
3 4 15
3 60 15
4 5 10
5 6 17
5 62 2
6 7 5
7 8 10
7 64 14
8 9 17
9 10 4
9 66 9
10 11 3
11 12 17
12 13 11
14 15 5
15 16 18
15 72 4
16 17 12
17 18 10
17 74 8
18 19 6
19 20 16
19 76 1
20 21 2
21 22 14
21 78 15
22 23 9
23 24 15
25 26 18
25 82 18
26 27 17
27 28 8
27 84 11
28 29 13
30 31 18
31 32 15
31 88 3
32 33 5
33 34 5
33 90 12
34 35 18
35 36 18
35 92 2
36 37 14
37 38 12
37 94 15
38 39 2
39 96 4
40 41 9
41 98 1
42 43 18
43 44 8
43 100 6
44 45 18
45 46 16
45 102 16
46 47 18
47 48 6
47 104 10
48 49 5
49 50 8
49 106 13
50 51 12
51 52 2
51 108 19
52 53 3
53 54 3
53 110 17
54 55 10
55 112 8
56 57 5
57 114 13
58 59 8
59 60 10
59 117 5
60 61 4
61 62 14
63 64 6
64 65 14
65 66 6
65 123 17
66 67 12
67 68 13
67 125 15
68 69 16
69 70 16
69 127 19
70 71 12
71 72 5
72 73 1
73 74 14
73 131 2
74 75 1
75 76 18
75 133 5
76 77 4
77 78 17
77 135 8
78 79 10
79 137 10
80 81 2
81 82 19
81 139 19
82 83 15
83 84 10
83 141 16
84 85 16
85 143 11
86 87 1
87 88 11
87 145 10
88 89 9
89 90 6
89 147 10
90 91 2
91 92 6
92 93 15
93 151 6
94 95 10
95 96 10
95 153 14
96 97 19
97 98 10
98 99 15
99 100 14
99 157 5
100 101 8
101 102 1
101 159 1
102 103 1
103 104 12
103 161 13
104 105 17
105 106 7
105 163 9
106 107 18
107 108 7
107 165 19
108 109 11
109 110 1
109 167 11
110 111 9
111 112 9
111 169 11
112 113 17
113 114 10
113 171 19
114 115 1
115 173 10
116 117 1
116 174 18
118 119 10
118 176 3
119 120 18
120 121 4
120 178 19
121 122 2
122 123 12
122 180 11
123 124 14
124 125 15
124 182 8
125 126 1
126 127 4
126 184 5
127 128 2
128 129 18
128 186 11
129 130 10
130 131 11
130 188 17
132 190 13
133 134 11
134 135 12
134 192 2
135 136 11
136 137 2
136 194 14
137 138 16
138 139 3
138 196 18
139 140 10
140 141 8
140 198 18
141 142 3
142 143 3
142 200 14
143 144 12
144 145 6
144 202 18
146 147 8
146 204 15
147 148 1
148 149 2
149 150 8
150 151 6
150 208 12
151 152 10
152 210 13
153 154 3
154 155 9
154 212 16
155 156 1
156 157 9
156 214 9
157 158 16
158 159 3
158 216 4
160 161 5
160 218 1
161 162 13
162 163 4
162 220 13
163 164 14
164 165 10
164 222 14
165 166 5
166 167 2
166 224 19
167 168 5
168 169 17
168 226 11
169 170 1
170 171 14
171 172 19
172 173 14
172 230 9
174 175 11
175 176 11
176 177 3
177 235 15
178 179 4
179 180 9
179 237 16
180 181 10
181 182 5
181 239 14
182 183 9
183 184 12
184 185 1
185 243 6
186 187 10
187 188 17
187 245 6
188 189 3
189 190 16
189 247 2
190 191 12
191 192 5
191 249 11
193 194 9
193 251 17
194 195 6
195 196 1
196 197 13
197 198 10
197 255 15
198 199 14
199 200 13
199 257 16
200 201 1
201 202 13
201 259 18
202 203 3
203 204 10
203 261 7
204 205 15
205 206 9
207 208 2
207 265 14
208 209 13
209 267 13
210 211 14
211 212 8
211 269 14
212 213 8
213 214 8
213 271 2
214 215 1
215 216 12
215 273 8
216 217 11
217 218 6
218 219 5
219 220 4
219 277 7
220 221 9
221 222 18
221 279 1
222 223 3
223 224 16
223 281 13
224 225 1
225 226 3
225 283 13
227 228 9
227 285 7
228 229 4
229 230 11
229 287 13
230 231 18
231 289 5
232 233 14
232 290 4
233 234 1
234 292 8
235 236 18
236 237 14
236 294 8
238 239 1
238 296 2
239 240 2
240 241 14
240 298 18
241 242 12
242 243 16
242 300 1
243 244 14
244 245 17
244 302 13
245 246 18
246 247 14
246 304 14
247 248 19
248 249 19
248 306 4
249 250 15
250 251 11
251 252 14
252 253 1
252 310 18
253 254 18
254 255 17
254 312 16
255 256 18
256 257 18
256 314 12
257 258 3
258 259 16
258 316 4
259 260 3
260 261 2
260 318 8
261 262 18
262 263 2
262 320 4
263 264 11
264 265 17
264 322 5
265 266 5
266 267 3
266 324 1
267 268 1
268 269 4
268 326 12
269 270 11
270 271 2
270 328 18
271 272 13
272 330 7
273 274 1
274 275 14
274 332 16
275 276 3
276 277 7
276 334 17
277 278 9
278 279 4
278 336 6
279 280 10
280 281 8
280 338 18
281 282 12
282 283 7
282 340 9
283 284 19
284 342 13
285 286 17
286 287 6
286 344 11
287 288 15
288 289 6
288 346 16
290 291 3
291 292 1
291 349 14
292 293 11
293 294 7
293 351 19
294 295 6
295 296 10
295 353 14
297 298 15
297 355 19
298 299 2
299 300 5
299 357 8
301 359 9
303 304 12
303 361 1
304 305 13
305 306 2
305 363 7
306 307 3
307 308 10
307 365 3
308 309 9
309 310 16
309 367 9
310 311 7
311 312 1
311 369 19
312 313 7
313 314 3
313 371 3
314 315 18
315 316 7
315 373 1
316 317 14
317 318 14
317 375 19
319 320 6
319 377 5
320 321 7
321 322 17
321 379 18
322 323 7
323 324 1
323 381 13
325 326 14
325 383 1
326 327 5
327 328 3
327 385 4
328 329 11
329 330 6
329 387 10
330 331 8
331 389 16
332 333 8
333 334 19
333 391 19
334 335 13
335 336 14
335 393 12
336 337 18
337 395 12
338 339 9
339 340 5
339 397 12
340 341 14
341 342 8
341 399 19
342 343 9
343 344 13
343 401 2
344 345 7
345 346 9
345 403 9
346 347 16
347 405 10
348 349 4
348 406 6
349 350 1
350 351 2
350 408 2
352 353 7
352 410 18
353 354 16
354 355 5
354 412 4
355 356 5
356 357 8
356 414 5
357 358 7
358 359 3
358 416 17
359 360 15
360 361 5
360 418 3
361 362 19
362 363 16
362 420 16
363 364 9
364 365 9
364 422 4
365 366 6
366 367 16
367 368 15
368 369 1
368 426 13
369 370 16
370 371 9
370 428 19
371 372 19
372 373 6
372 430 18
373 374 1
374 375 5
374 432 1
375 376 19
376 377 11
376 434 1
377 378 16
378 379 16
378 436 11
380 381 16
380 438 2
381 382 8
382 440 3
383 384 5
384 385 13
384 442 9
385 386 18
386 444 4
387 388 1
388 389 15
388 446 3
389 390 5
390 391 11
390 448 2
391 392 8
392 393 9
392 450 11
393 394 4
394 395 3
394 452 12
395 396 15
396 397 18
396 454 2
397 398 18
398 399 3
398 456 9
399 400 13
400 401 16
400 458 17
401 402 3
402 403 14
403 404 5
404 405 5
404 462 12
406 407 6
407 408 7
407 465 4
408 409 3
409 410 16
409 467 13
410 411 14
411 412 13
411 469 18
412 413 7
413 414 7
413 471 10
414 415 18
415 416 18
415 473 4
416 417 9
417 418 4
417 475 12
418 419 14
419 420 19
419 477 6
420 421 4
421 422 3
421 479 16
422 423 10
423 424 5
423 481 8
424 425 11
425 426 7
425 483 13
426 427 17
427 428 8
427 485 12
429 487 11
430 431 17
431 432 10
431 489 13
432 433 12
433 434 5
434 435 14
435 436 10
435 493 14
436 437 8
437 438 10
437 495 14
438 439 13
439 440 19
439 497 4
440 441 13
441 442 9
441 499 1
442 443 13
443 444 12
443 501 11
444 445 2
445 446 1
445 503 3
446 447 5
447 448 7
447 505 6
448 449 8
449 450 6
449 507 7
450 451 1
451 452 5
451 509 18
452 453 10
453 454 19
453 511 1
454 455 9
455 456 6
455 513 11
456 457 1
457 458 18
457 515 7
458 459 15
459 460 5
459 517 7
460 461 12
461 462 6
461 519 9
462 463 12
463 521 5
464 465 11
464 522 4
465 466 4
466 467 9
466 524 19
467 468 9
468 469 7
468 526 5
469 470 11
470 471 15
470 528 1
471 472 8
472 473 8
472 530 8
473 474 8
474 475 15
474 532 4
476 477 3
476 534 16
477 478 8
478 479 1
478 536 6
479 480 5
480 538 12
481 482 16
482 483 15
482 540 9
483 484 1
484 485 16
484 542 6
485 486 5
486 487 8
486 544 10
487 488 18
488 489 18
488 546 3
489 490 12
490 491 5
490 548 16
491 492 14
492 493 7
492 550 15
494 495 10
494 552 5
495 496 15
496 554 19
497 498 8
498 499 13
498 556 5
499 500 8
500 501 13
500 558 12
501 502 14
502 503 10
502 560 6
503 504 16
504 562 8
505 506 1
506 507 13
506 564 1
507 508 9
508 509 13
508 566 12
509 510 13
510 511 3
510 568 7
511 512 14
512 513 2
512 570 3
514 515 12
514 572 9
515 516 12
516 517 15
516 574 1
517 518 17
518 519 16
518 576 4
519 520 18
520 521 17
520 578 4
523 524 14
523 581 3
524 525 2
525 526 7
525 583 18
526 527 1
527 528 14
527 585 9
528 529 15
529 530 8
529 587 18
530 531 1
531 532 12
531 589 18
532 533 5
533 591 2
535 536 5
535 593 15
536 537 9
537 595 18
538 539 3
539 540 1
539 597 8
540 541 5
541 542 13
542 543 17
543 544 11
543 601 12
544 545 11
545 546 19
545 603 12
546 547 9
547 548 12
547 605 7
548 549 11
549 550 11
549 607 17
550 551 7
551 552 16
551 609 16
552 553 8
553 554 9
553 611 11
554 555 17
555 556 16
555 613 13
556 557 17
557 558 10
557 615 7
558 559 15
559 617 8
560 561 10
561 562 6
561 619 2
562 563 14
563 564 6
563 621 2
564 565 7
565 566 8
565 623 3
566 567 19
567 568 17
567 625 14
568 569 3
569 570 9
569 627 13
570 571 5
571 572 12
571 629 5
573 574 1
573 631 1
574 575 12
575 576 10
575 633 5
576 577 2
577 578 17
577 635 17
578 579 7
579 637 9
580 581 15
580 638 13
581 582 6
582 583 14
582 640 10
583 584 12
584 642 19
585 586 19
586 587 6
586 644 14
587 588 8
588 589 13
589 590 1
590 591 6
590 648 8
591 592 6
592 593 11
592 650 10
593 594 10
594 595 3
595 596 1
596 597 8
596 654 10
597 598 18
598 599 2
599 600 8
600 601 13
600 658 18
601 602 9
602 660 3
603 604 11
604 605 13
604 662 18
605 606 3
606 607 1
606 664 5
607 608 9
608 609 10
608 666 2
609 610 4
610 668 5
611 612 1
612 613 16
612 670 3
613 614 17
614 615 1
614 672 3
615 616 12
616 617 3
616 674 5
617 618 9
618 619 3
618 676 8
619 620 8
620 621 9
620 678 6
621 622 15
622 623 11
622 680 17
623 624 8
624 625 7
624 682 17
625 626 1
626 684 5
627 628 8
628 629 5
628 686 18
629 630 2
630 631 7
630 688 2
631 632 7
632 633 6
632 690 6
633 634 2
634 635 18
634 692 10
635 636 17
636 637 17
638 639 11
639 640 3
639 697 8
640 641 15
641 642 8
641 699 8
642 643 18
643 644 19
643 701 11
644 645 13
645 703 1
646 647 11
647 648 8
648 649 10
649 650 1
649 707 2
650 651 17
651 652 9
652 653 14
653 654 14
653 711 5
654 655 10
655 656 11
655 713 16
656 657 4
657 658 9
657 715 9
659 660 6
659 717 15
660 661 15
661 662 19
661 719 4
662 663 18
663 721 19
664 665 1
665 666 17
666 667 17
667 668 1
667 725 19
668 669 17
669 670 10
670 671 11
671 672 4
671 729 11
672 673 1
673 674 1
673 731 5
674 675 4
675 676 18
675 733 7
676 677 12
677 678 7
677 735 5
678 679 19
679 680 6
679 737 11
680 681 1
681 682 19
681 739 1
682 683 17
683 684 4
683 741 4
684 685 7
685 686 17
685 743 17
686 687 18
687 688 16
687 745 18
688 689 5
689 690 15
689 747 10
690 691 6
691 749 15
693 694 10
693 751 19
694 695 17
695 753 13
696 697 1
696 754 2
697 698 11
698 756 6
699 700 3
700 701 1
701 702 18
702 703 7
702 760 10
703 704 14
704 705 14
704 762 11
706 707 9
706 764 7
707 708 6
708 709 5
710 711 9
710 768 17
711 712 12
712 713 7
713 714 17
714 715 14
714 772 9
715 716 17
716 717 12
716 774 4
717 718 15
718 776 11
719 720 13
720 721 17
721 722 1
722 723 17
722 780 4
723 724 11
724 725 13
724 782 19
726 784 14
727 728 8
728 729 9
728 786 7
730 731 8
730 788 9
731 732 18
732 733 2
732 790 1
733 734 4
734 735 6
734 792 16
735 736 7
736 737 12
736 794 3
737 738 6
738 796 7
739 740 9
740 741 4
740 798 18
741 742 6
742 743 12
742 800 18
743 744 11
744 745 13
745 746 17
746 747 16
746 804 5
747 748 18
748 806 2
749 750 15
750 808 6
751 752 3
752 810 4
754 755 13
755 756 7
755 813 3
756 757 17
757 758 3
757 815 19
758 759 14
759 760 15
760 761 1
761 762 10
761 819 15
762 763 10
763 764 13
763 821 4
764 765 1
765 766 16
765 823 15
766 767 3
767 768 7
767 825 5
768 769 6
769 770 1
770 771 18
771 772 13
771 829 9
773 774 7
773 831 1
774 775 4
775 776 7
776 777 17
777 778 7
777 835 14
778 779 15
779 780 18
779 837 12
780 781 9
781 782 4
781 839 3
782 783 11
783 784 4
783 841 10
784 785 19
785 786 13
785 843 2
786 787 13
787 788 16
787 845 18
788 789 16
789 790 1
789 847 12
791 792 4
791 849 15
792 793 7
793 794 18
793 851 6
794 795 11
795 796 2
795 853 5
796 797 3
797 798 12
797 855 9
798 799 2
799 800 12
799 857 3
800 801 11
801 802 16
801 859 7
802 803 10
803 804 8
803 861 3
804 805 10
805 806 12
806 807 17
807 808 12
807 865 14
808 809 13
809 810 4
810 811 6
811 869 1
812 813 15
812 870 1
813 814 11
814 815 18
814 872 1
815 816 7
816 817 4
816 874 9
817 818 9
818 819 9
818 876 19
819 820 4
820 821 8
820 878 4
821 822 4
822 823 16
824 825 15
824 882 7
825 826 4
826 827 11
826 884 5
827 828 15
828 829 12
828 886 12
829 830 15
830 831 2
830 888 3
831 832 11
832 833 10
832 890 16
833 834 5
834 835 2
834 892 9
835 836 19
836 837 1
836 894 4
838 839 1
838 896 9
839 840 13
840 841 5
840 898 9
841 842 10
842 843 18
842 900 1
843 844 3
844 902 15
845 846 3
846 847 3
846 904 10
847 848 8
848 849 5
848 906 18
849 850 18
850 851 14
851 852 13
852 853 1
852 910 5
853 854 15
854 855 1
854 912 7
855 856 11
856 857 6
856 914 16
857 858 13
858 859 3
858 916 8
859 860 14
860 861 3
860 918 7
861 862 3
862 863 12
862 920 6
863 864 5
864 865 8
864 922 14
865 866 6
866 867 13
866 924 1
867 868 1
868 869 12
870 871 11
871 872 13
871 929 3
872 873 18
873 874 13
873 931 7
874 875 5
875 876 7
875 933 9
876 877 18
877 878 14
877 935 1
878 879 8
879 880 9
879 937 18
880 881 6
881 882 14
881 939 5
882 883 10
883 884 8
883 941 6
884 885 6
885 886 11
885 943 9
886 887 14
887 888 7
887 945 3
888 889 1
889 890 8
890 891 10
891 892 18
891 949 17
892 893 7
893 894 10
893 951 2
894 895 8
895 896 14
895 953 1
896 897 17
897 898 8
897 955 11
898 899 17
899 900 11
899 957 18
900 901 13
901 902 18
901 959 6
903 904 13
903 961 10
904 905 16
905 906 16
905 963 18
906 907 18
907 908 19
907 965 8
909 910 7
909 967 2
910 911 3
911 912 10
911 969 9
912 913 3
913 914 14
913 971 9
914 915 18
915 916 1
915 973 19
916 917 3
917 918 3
917 975 10
918 919 15
919 920 6
920 921 15
921 922 5
921 979 16
922 923 16
923 981 17
924 925 9
925 926 13
925 983 2
927 985 17
928 929 18
929 930 14
930 931 18
930 988 18
931 932 10
932 933 7
932 990 6
933 934 10
934 935 5
934 992 8
935 936 12
936 937 1
936 994 13
937 938 16
939 940 12
940 941 12
940 998 5
941 942 3
942 943 14
942 1000 2
943 944 1
944 945 6
944 1002 12
945 946 3
947 948 9
948 949 1
948 1006 13
949 950 9
950 951 16
950 1008 18
951 952 9
952 953 9
952 1010 17
953 954 3
954 1012 10
955 956 17
956 957 12
956 1014 5
957 958 9
958 1016 19
959 960 1
960 961 1
960 1018 3
961 962 14
962 963 8
962 1020 18
963 964 18
964 965 14
964 1022 10
965 966 14
966 967 9
967 968 12
968 969 15
969 970 7
970 971 1
970 1028 1
971 972 8
972 973 9
972 1030 3
973 974 2
974 975 19
974 1032 5
975 976 10
976 977 4
977 978 9
978 979 11
979 980 14
980 981 4
980 1038 13
981 982 18
982 983 3
982 1040 1
983 984 17
984 985 12
984 1042 15
986 987 17
987 988 17
987 1045 6
988 989 16
989 990 2
990 991 6
991 992 1
991 1049 3
993 994 14
993 1051 14
994 995 7
995 996 8
995 1053 5
996 997 5
997 998 12
997 1055 7
998 999 11
999 1000 13
999 1057 3
1001 1002 10
1001 1059 13
1002 1003 7
1003 1004 6
1003 1061 3
1004 1005 8
1005 1063 5
1006 1007 5
1007 1008 1
1009 1010 18
1009 1067 11
1010 1011 18
1011 1012 1
1011 1069 3
1012 1013 14
1013 1014 19
1013 1071 5
1015 1016 5
1015 1073 14
1016 1017 11
1017 1018 16
1017 1075 17
1018 1019 4
1019 1020 2
1019 1077 4
1020 1021 3
1021 1022 13
1021 1079 8
1022 1023 16
1023 1081 5
1024 1025 12
1025 1026 17
1025 1083 10
1026 1027 8
1027 1028 8
1028 1029 16
1029 1030 12
1029 1087 13
1030 1031 2
1031 1032 5
1031 1089 19
1033 1091 2
1034 1035 5
1035 1036 6
1035 1093 1
1036 1037 14
1037 1038 12
1037 1095 6
1038 1039 1
1039 1040 8
1040 1041 6
1041 1042 7
1041 1099 7
1042 1043 10
1043 1101 3
1044 1045 9
1044 1102 13
1045 1046 9
1046 1047 2
1046 1104 6
1047 1048 2
1048 1049 3
1048 1106 13
1049 1050 6
1052 1053 3
1052 1110 14
1053 1054 17
1054 1112 17
1055 1056 15
1056 1114 19
1057 1058 14
1058 1059 13
1058 1116 17
1060 1061 6
1060 1118 7
1061 1062 18
1062 1063 11
1062 1120 17
1063 1064 11
1064 1065 12
1064 1122 14
1065 1066 16
1066 1067 1
1066 1124 15
1067 1068 14
1068 1069 14
1068 1126 14
1069 1070 14
1070 1071 13
1070 1128 16
1071 1072 15
1072 1073 9
1072 1130 12
1073 1074 4
1074 1075 8
1074 1132 14
1075 1076 16
1076 1077 8
1076 1134 10
1078 1079 13
1078 1136 15
1079 1080 1
1080 1081 17
1080 1138 8
1081 1082 19
1082 1083 4
1083 1084 18
1084 1085 7
1085 1086 12
1086 1087 7
1086 1144 17
1087 1088 19
1088 1089 1
1088 1146 10
1089 1090 9
1090 1091 17
1091 1092 8
1092 1093 15
1092 1150 4
1093 1094 10
1094 1095 18
1094 1152 11
1095 1096 6
1096 1097 10
1096 1154 8
1097 1098 2
1098 1156 11
1099 1100 10
1100 1101 5
1100 1158 10
1102 1103 10
1103 1104 18
1103 1161 3
1104 1105 13
1105 1106 4
1105 1163 7
1106 1107 7
1107 1108 16
1108 1109 2
1109 1110 7
1109 1167 2
1110 1111 15
1111 1112 1
1111 1169 18
1113 1114 14
1113 1171 3
1114 1115 6
1115 1116 1
1115 1173 18
1116 1117 6
1117 1118 8
1117 1175 12
1119 1177 5
1120 1121 19
1121 1122 6
1121 1179 5
1122 1123 3
1123 1124 2
1123 1181 14
1124 1125 9
1125 1126 1
1125 1183 3
1126 1127 1
1127 1128 11
1128 1129 3
1129 1130 12
1129 1187 15
1130 1131 2
1131 1132 2
1131 1189 17
1133 1134 13
1133 1191 4
1134 1135 17
1135 1136 16
1135 1193 10
1137 1138 8
1137 1195 6
1138 1139 10
1139 1140 18
1139 1197 10
1140 1141 17
1141 1142 1
1141 1199 11
1142 1143 10
1143 1201 19
1144 1145 1
1145 1146 14
1146 1147 2
1147 1148 3
1147 1205 14
1148 1149 6
1149 1207 4
1150 1151 3
1151 1152 7
1151 1209 14
1152 1153 8
1153 1154 4
1153 1211 16
1154 1155 1
1155 1156 18
1155 1213 2
1156 1157 8
1157 1158 12
1157 1215 5
1158 1159 13
1160 1161 10
1160 1218 12
1161 1162 7
1162 1163 16
1162 1220 15
1163 1164 17
1164 1222 11
1165 1166 9
1166 1224 12
1167 1168 8
1168 1169 17
1168 1226 3
1169 1170 10
1170 1171 8
1170 1228 12
1171 1172 3
1173 1174 18
1174 1175 4
1174 1232 9
1175 1176 16
1176 1177 8
1176 1234 12
1177 1178 12
1178 1179 10
1178 1236 14
1179 1180 1
1180 1181 3
1180 1238 10
1181 1182 18
1182 1183 13
1182 1240 2
1183 1184 7
1184 1185 1
1184 1242 18
1186 1187 1
1186 1244 17
1187 1188 8
1188 1189 2
1189 1190 10
1190 1191 16
1191 1192 12
1192 1193 14
1193 1194 4
1194 1195 6
1194 1252 14
1195 1196 8
1196 1254 18
1197 1198 9
1198 1199 2
1198 1256 4
1199 1200 3
1200 1201 5
1200 1258 8
1201 1202 2
1202 1203 9
1203 1204 11
1204 1205 10
1204 1262 17
1205 1206 7
1206 1207 11
1206 1264 13
1208 1209 3
1208 1266 13
1209 1210 12
1210 1211 9
1210 1268 14
1211 1212 11
1212 1213 10
1212 1270 2
1213 1214 5
1214 1215 19
1214 1272 1
1215 1216 13
1216 1217 11
1216 1274 8
1218 1219 4
1219 1220 2
1220 1221 12
1221 1222 14
1221 1279 19
1222 1223 2
1223 1224 1
1224 1225 13
1225 1226 12
1225 1283 14
1226 1227 15
1227 1228 3
1227 1285 10
1228 1229 9
1229 1230 14
1229 1287 18
1230 1231 4
1231 1232 18
1231 1289 15
1232 1233 1
1233 1234 14
1233 1291 6
1234 1235 14
1235 1236 6
1235 1293 19
1236 1237 11
1237 1295 8
1238 1239 10
1239 1240 12
1239 1297 14
1240 1241 16
1241 1242 19
1241 1299 5
1242 1243 18
1243 1244 2
1243 1301 14
1244 1245 13
1245 1303 17
1246 1247 7
1247 1248 14
1248 1249 2
1249 1250 2
1249 1307 16
1250 1251 17
1251 1252 4
1251 1309 15
1252 1253 12
1253 1254 18
1253 1311 15
1254 1255 5
1255 1256 17
1255 1313 1
1256 1257 4
1257 1258 14
1257 1315 11
1258 1259 5
1259 1317 11
1260 1261 3
1261 1262 4
1261 1319 19
1262 1263 9
1263 1264 1
1263 1321 14
1265 1266 18
1265 1323 13
1266 1267 2
1267 1268 1
1267 1325 4
1268 1269 12
1269 1270 9
1269 1327 15
1270 1271 12
1271 1272 5
1271 1329 3
1272 1273 5
1273 1274 15
1273 1331 1
1274 1275 11
1275 1333 2
1276 1277 17
1276 1334 11
1277 1278 8
1278 1279 10
1278 1336 2
1279 1280 1
1280 1281 1
1280 1338 5
1281 1282 17
1282 1283 1
1282 1340 10
1283 1284 15
1284 1285 5
1284 1342 19
1285 1286 13
1286 1287 10
1286 1344 8
1288 1289 18
1288 1346 14
1289 1290 19
1290 1291 15
1290 1348 9
1291 1292 9
1292 1293 3
1292 1350 12
1293 1294 14
1294 1295 7
1294 1352 14
1295 1296 4
1296 1297 4
1297 1298 9
1298 1299 2
1298 1356 13
1299 1300 13
1300 1301 3
1300 1358 16
1301 1302 8
1302 1303 3
1302 1360 15
1303 1304 15
1304 1305 8
1304 1362 16
1305 1306 15
1306 1307 14
1306 1364 6
1307 1308 10
1308 1309 7
1308 1366 18
1309 1310 9
1310 1311 7
1311 1312 2
1312 1313 11
1312 1370 3
1313 1314 3
1314 1372 14
1315 1316 2
1316 1317 13
1316 1374 9
1317 1318 4
1318 1376 3
1319 1320 8
1320 1321 3
1320 1378 4
1321 1322 14
1322 1323 8
1322 1380 10
1323 1324 9
1324 1325 5
1324 1382 18
1325 1326 12
1326 1327 7
1326 1384 2
1327 1328 19
1328 1329 18
1328 1386 6
1329 1330 7
1330 1331 10
1330 1388 13
1331 1332 10
1332 1333 16
1332 1390 15
1334 1335 6
1335 1336 5
1335 1393 18
1336 1337 13
1337 1338 7
1338 1339 2
1339 1340 5
1339 1397 7
1340 1341 15
1341 1342 18
1341 1399 12
1342 1343 13
1343 1401 7
1344 1345 16
1345 1403 2
1346 1347 18
1347 1348 4
1347 1405 3
1349 1350 2
1349 1407 11
1350 1351 14
1351 1352 1
1351 1409 8
1352 1353 8
1353 1354 8
1353 1411 8
1355 1356 11
1355 1413 7
1356 1357 8
1357 1358 11
1357 1415 11
1358 1359 7
1359 1417 14
1360 1361 16
1361 1419 17
1362 1363 5
1363 1364 18
1363 1421 16
1364 1365 11
1365 1366 1
1365 1423 16
1366 1367 1
1367 1368 13
1367 1425 5
1368 1369 15
1369 1370 8
1369 1427 5
1371 1372 15
1371 1429 13
1373 1374 10
1373 1431 5
1374 1375 12
1375 1376 10
1375 1433 2
1377 1378 13
1377 1435 2
1378 1379 19
1379 1380 10
1379 1437 13
1380 1381 2
1381 1382 9
1382 1383 18
1383 1384 15
1383 1441 13
1384 1385 8
1385 1386 15
1385 1443 2
1387 1388 7
1387 1445 13
1388 1389 9
1389 1390 19
1389 1447 3
1390 1391 10
1391 1449 13
1392 1393 7
1392 1450 16
1393 1394 6
1394 1395 5
1394 1452 19
1395 1396 1
1396 1454 2
1398 1399 15
1399 1400 9
1400 1401 10
1400 1458 10
1402 1403 17
1402 1460 12
1403 1404 16
1404 1405 12
1404 1462 1
1405 1406 1
1406 1407 1
1406 1464 1
1407 1408 15
1408 1409 11
1408 1466 17
1409 1410 16
1410 1411 17
1410 1468 6
1411 1412 12
1412 1413 3
1413 1414 2
1414 1415 17
1416 1417 1
1416 1474 17
1417 1418 18
1418 1419 2
1418 1476 18
1419 1420 13
1420 1421 13
1420 1478 6
1421 1422 3
1422 1423 18
1422 1480 8
1423 1424 12
1424 1425 4
1424 1482 17
1425 1426 3
1426 1427 1
1426 1484 7
1427 1428 1
1428 1429 18
1428 1486 9
1429 1430 13
1430 1431 6
1430 1488 14
1431 1432 6
1432 1433 19
1432 1490 11
1433 1434 19
1434 1435 9
1435 1436 19
1436 1437 19
1436 1494 17
1437 1438 5
1438 1439 12
1438 1496 18
1439 1440 8
1440 1441 15
1440 1498 5
1441 1442 1
1442 1443 15
1442 1500 7
1443 1444 13
1444 1445 5
1444 1502 14
1445 1446 10
1446 1447 7
1446 1504 6
1448 1449 17
1448 1506 11
1450 1451 2
1451 1452 15
1451 1509 14
1452 1453 8
1453 1454 12
1453 1511 1
1454 1455 18
1455 1456 6
1455 1513 2
1456 1457 17
1457 1515 5
1458 1459 2
1459 1460 4
1459 1517 14
1461 1462 1
1462 1463 1
1463 1464 13
1463 1521 15
1464 1465 2
1465 1523 6
1466 1467 14
1467 1468 7
1467 1525 16
1468 1469 3
1469 1470 10
1469 1527 5
1471 1472 9
1471 1529 7
1472 1473 13
1473 1474 7
1473 1531 13
1474 1475 6
1475 1533 9
1476 1477 9
1477 1478 15
1477 1535 1
1479 1480 6
1479 1537 14
1480 1481 11
1481 1482 11
1481 1539 1
1482 1483 16
1483 1484 5
1483 1541 5
1484 1485 3
1485 1486 18
1485 1543 15
1486 1487 1
1487 1488 9
1487 1545 16
1488 1489 4
1489 1490 16
1489 1547 7
1490 1491 19
1491 1492 9
1491 1549 14
1492 1493 14
1493 1494 5
1493 1551 7
1494 1495 14
1495 1496 16
1495 1553 13
1496 1497 1
1497 1498 5
1499 1500 16
1499 1557 16
1500 1501 11
1501 1502 17
1501 1559 4
1502 1503 10
1503 1504 12
1503 1561 16
1504 1505 11
1505 1506 1
1505 1563 13
1506 1507 18
1507 1565 3
1508 1566 16
1509 1510 11
1510 1511 15
1511 1512 11
1512 1513 6
1512 1570 16
1514 1515 4
1514 1572 14
1515 1516 18
1516 1517 15
1516 1574 5
1517 1518 8
1518 1519 2
1518 1576 8
1519 1520 8
1520 1521 1
1520 1578 7
1522 1523 8
1522 1580 12
1523 1524 7
1524 1525 15
1524 1582 8
1525 1526 6
1526 1584 9
1527 1528 17
1528 1529 18
1528 1586 18
1530 1531 7
1530 1588 14
1531 1532 10
1532 1533 7
1532 1590 6
1533 1534 1
1534 1592 7
1535 1536 12
1536 1537 2
1536 1594 9
1537 1538 14
1538 1539 6
1538 1596 18
1539 1540 10
1540 1598 14
1541 1542 10
1542 1543 15
1542 1600 9
1543 1544 2
1544 1545 17
1544 1602 14
1545 1546 2
1546 1547 2
1546 1604 3
1547 1548 15
1548 1549 6
1548 1606 15
1549 1550 17
1550 1551 2
1551 1552 13
1552 1553 15
1553 1554 5
1554 1555 2
1554 1612 5
1555 1556 14
1556 1557 9
1556 1614 17
1557 1558 18
1558 1559 2
1558 1616 13
1559 1560 19
1560 1561 11
1560 1618 5
1561 1562 16
1562 1563 14
1563 1564 18
1564 1565 7
1564 1622 10
1566 1567 7
1567 1568 17
1567 1624 2
1568 1569 14
1569 1570 10
1569 1626 19
1570 1571 4
1571 1572 3
1571 1628 11
1572 1573 12
1573 1574 12
1574 1575 7
1575 1576 14
1575 1632 11
1576 1577 19
1577 1578 2
1577 1634 6
1578 1579 9
1579 1580 9
1579 1636 8
1580 1581 1
1581 1582 13
1581 1638 19
1582 1583 10
1583 1584 7
1583 1640 9
1584 1585 5
1585 1586 15
1585 1642 18
1586 1587 5
1587 1644 17
1588 1589 9
1589 1590 16
1589 1646 9
1590 1591 15
1591 1592 17
1591 1648 5
1592 1593 4
1593 1594 19
1593 1650 1
1594 1595 1
1595 1596 18
1595 1652 4
1596 1597 7
1597 1598 1
1597 1654 12
1598 1599 14
1599 1600 3
1601 1602 1
1601 1658 4
1602 1603 6
1603 1604 14
1603 1660 2
1604 1605 16
1605 1606 11
1605 1662 11
1606 1607 4
1607 1608 18
1607 1664 18
1608 1609 14
1609 1610 11
1609 1666 11
1610 1611 5
1611 1612 18
1611 1668 17
1613 1614 15
1613 1670 3
1614 1615 9
1615 1616 14
1615 1672 15
1616 1617 17
1617 1618 19
1617 1674 10
1618 1619 11
1619 1620 5
1619 1676 12
1621 1622 10
1621 1678 4
1622 1623 4
1623 1680 9
1624 1625 16
1625 1626 8
1626 1627 15
1627 1628 5
1628 1629 17
1629 1630 8
1630 1631 4
1631 1632 18
1632 1633 12
1633 1634 9
1634 1635 1
1635 1636 2
1636 1637 19
1637 1638 1
1638 1639 11
1639 1640 4
1640 1641 3
1641 1642 14
1642 1643 1
1643 1644 10
1644 1645 10
1645 1646 7
1646 1647 12
1648 1649 9
1649 1650 3
1650 1651 9
1651 1652 10
1652 1653 3
1653 1654 17
1654 1655 17
1655 1656 1
1656 1657 19
1657 1658 11
1658 1659 4
1659 1660 5
1661 1662 6
1663 1664 16
1664 1665 9
1665 1666 14
1667 1668 8
1668 1669 17
1669 1670 13
1670 1671 13
1671 1672 6
1672 1673 10
1673 1674 6
1674 1675 14
1675 1676 10
1676 1677 14
1677 1678 18
1678 1679 13
1679 1680 2
1 308 1079
3 7 1262
8 1444 1445
67 188 544
663 782 1080
