576 722 1 576 25
1 2 1
1 34 5
2 3 17
3 4 14
3 36 8
4 5 8
5 6 1
5 38 13
6 7 3
7 8 3
7 40 6
9 10 9
9 42 10
11 12 6
11 44 7
12 13 13
13 14 8
13 46 14
14 15 4
15 48 13
16 17 12
17 18 14
17 50 19
18 19 3
19 20 11
19 52 18
20 21 14
21 22 19
21 54 8
22 23 8
23 24 12
24 25 18
25 58 10
26 27 6
27 28 4
28 29 7
29 30 3
29 62 5
31 32 14
31 64 11
32 33 5
33 66 10
34 35 11
35 36 2
35 69 1
36 37 5
37 38 8
37 71 10
39 73 19
40 41 16
41 42 10
41 75 12
42 43 11
44 45 16
45 46 14
45 79 4
47 48 13
47 81 18
49 50 12
49 83 16
50 51 10
51 85 14
52 53 3
53 54 9
53 87 5
54 55 2
55 56 1
55 89 19
56 57 1
57 58 5
57 91 5
59 60 14
59 93 18
60 61 1
61 62 12
61 95 7
62 63 12
63 64 2
63 97 15
64 65 1
65 66 17
65 99 14
67 101 19
68 69 15
68 102 7
69 70 3
70 71 18
70 104 17
71 72 9
72 73 13
72 106 9
73 74 16
74 75 3
74 108 4
75 76 9
76 77 4
76 110 9
78 79 13
78 112 1
79 80 13
80 81 6
80 114 17
81 82 16
82 83 13
82 116 12
84 85 7
84 118 10
85 86 14
86 87 14
86 120 8
88 89 6
88 122 11
89 90 6
90 91 7
90 124 14
91 92 3
92 93 16
92 126 19
93 94 3
94 95 12
95 96 7
97 98 2
98 99 7
98 132 9
99 100 1
100 101 2
102 103 4
103 137 6
104 105 10
106 107 10
107 108 7
107 141 17
108 109 7
109 143 16
110 111 11
111 112 1
112 113 16
113 114 17
113 147 19
114 115 17
115 116 2
115 149 8
117 118 3
118 119 9
119 120 6
120 121 3
121 122 6
121 155 1
122 123 13
123 124 9
123 157 10
124 125 15
125 159 16
126 127 11
127 128 10
128 129 2
129 130 13
129 163 10
131 132 12
131 165 10
132 133 9
133 134 16
133 167 9
135 169 5
136 137 2
136 170 9
137 138 9
138 139 1
138 172 19
139 140 12
140 174 9
141 142 14
142 143 9
142 176 4
143 144 2
144 145 17
144 178 11
145 146 4
146 147 17
146 180 7
148 149 8
148 182 4
149 150 9
150 151 13
151 152 4
152 153 5
152 186 4
153 154 16
154 155 8
154 188 6
155 156 2
156 157 5
156 190 8
157 158 16
158 159 5
158 192 11
159 160 12
160 161 5
160 194 5
161 162 8
162 163 6
162 196 17
163 164 1
164 165 18
164 198 7
165 166 13
166 167 13
166 200 11
167 168 2
168 169 1
168 202 18
170 171 17
171 172 16
171 205 9
172 173 7
173 174 1
173 207 11
174 175 7
175 176 11
175 209 13
176 177 9
177 178 11
177 211 19
178 179 1
179 180 13
179 213 15
180 181 18
181 182 14
182 183 2
183 184 6
183 217 8
184 185 18
185 219 1
186 187 8
187 188 5
187 221 1
188 189 16
189 190 9
190 191 17
191 192 11
192 193 7
193 194 19
193 227 3
194 195 1
195 196 1
195 229 5
196 197 7
197 198 5
197 231 12
198 199 9
199 200 17
199 233 15
201 202 17
201 235 12
203 237 3
204 205 13
204 238 9
205 206 18
206 207 2
206 240 17
207 208 16
208 242 6
210 211 1
210 244 9
211 212 7
212 213 13
212 246 7
213 214 4
214 215 10
215 216 1
216 217 9
216 250 11
218 219 1
218 252 3
219 220 8
220 221 8
221 222 16
222 223 1
222 256 4
223 224 13
224 225 5
224 258 4
225 226 17
226 227 9
227 228 15
228 229 8
228 262 8
229 230 2
230 231 16
230 264 13
231 232 9
232 233 17
233 234 3
234 235 13
234 268 3
235 236 3
236 237 8
236 270 13
238 239 9
239 240 18
239 273 13
240 241 5
241 242 11
241 275 6
242 243 16
243 244 9
243 277 5
244 245 14
245 279 18
247 248 3
247 281 18
248 249 19
249 250 19
249 283 1
251 252 11
251 285 15
252 253 7
253 254 17
253 287 18
254 255 9
255 256 12
255 289 14
257 258 13
257 291 2
258 259 15
259 260 1
259 293 18
261 262 12
261 295 15
262 263 1
263 264 8
263 297 14
264 265 4
265 266 3
265 299 1
266 267 1
267 268 15
267 301 15
268 269 16
269 270 11
269 303 15
270 271 3
271 305 2
272 273 18
272 306 17
273 274 17
274 275 7
274 308 14
276 277 1
276 310 1
277 278 15
278 279 7
278 312 15
279 280 17
280 281 8
280 314 2
281 282 7
282 283 17
282 316 19
283 284 5
284 285 11
284 318 5
285 286 8
286 320 8
287 288 18
288 289 12
288 322 9
290 291 12
290 324 17
291 292 8
292 326 12
293 294 15
294 295 12
294 328 8
295 296 17
296 297 4
296 330 13
297 298 10
298 332 8
299 300 7
300 301 16
300 334 15
301 302 3
302 303 10
302 336 7
303 304 17
304 305 7
306 307 6
307 308 13
307 341 18
308 309 11
309 343 5
310 311 3
311 345 14
312 313 5
313 347 2
315 316 4
315 349 14
316 317 16
317 318 17
317 351 15
318 319 14
319 320 13
319 353 7
321 322 4
321 355 11
323 324 14
324 325 4
325 326 13
326 327 8
327 328 16
327 361 8
329 330 6
329 363 3
330 331 1
331 332 6
331 365 13
332 333 2
333 334 11
333 367 15
334 335 14
335 336 12
337 338 11
337 371 10
338 339 9
339 373 3
340 341 15
340 374 14
341 342 3
342 343 4
342 376 2
343 344 5
344 345 1
345 346 14
346 347 14
346 380 19
347 348 13
348 349 3
348 382 5
349 350 10
350 384 17
351 352 6
352 353 4
352 386 9
354 355 13
354 388 9
355 356 6
356 357 8
356 390 9
357 358 12
358 359 4
358 392 14
360 361 17
360 394 1
361 362 18
362 363 16
362 396 12
363 364 9
364 365 8
364 398 11
365 366 15
366 367 16
366 400 14
367 368 2
368 369 7
368 402 17
369 370 10
370 371 7
370 404 19
371 372 13
372 373 10
372 406 8
374 375 7
375 376 5
375 409 8
376 377 7
377 378 18
377 411 9
378 379 14
379 380 3
379 413 1
380 381 7
381 382 6
381 415 7
382 383 16
383 384 4
383 417 10
384 385 16
385 386 19
385 419 3
386 387 18
387 388 16
387 421 11
388 389 1
389 390 1
389 423 13
390 391 9
391 425 14
392 393 5
393 394 17
394 395 3
395 396 2
395 429 9
396 397 2
397 398 7
397 431 13
398 399 1
399 400 4
399 433 2
400 401 10
401 435 6
402 403 3
403 404 15
404 405 7
405 406 13
405 439 9
406 407 1
407 441 7
408 409 9
408 442 1
409 410 14
410 411 9
410 444 4
411 412 11
412 413 15
412 446 6
413 414 5
414 415 4
414 448 9
415 416 6
416 417 8
416 450 11
417 418 2
418 419 17
418 452 16
419 420 14
420 421 9
420 454 7
421 422 12
422 423 10
422 456 19
423 424 7
424 458 8
426 427 7
426 460 4
427 428 12
428 462 11
429 430 10
430 464 9
431 432 19
432 433 1
432 466 18
433 434 15
434 435 18
434 468 11
435 436 9
436 470 8
437 438 18
438 472 4
440 441 12
440 474 15
442 443 4
443 444 3
443 477 19
444 445 1
445 446 12
445 479 8
446 447 6
447 448 8
448 449 4
449 450 14
449 483 10
450 451 3
451 452 4
451 485 1
452 453 5
453 454 4
453 487 1
455 456 8
455 489 15
456 457 12
457 458 7
457 491 18
458 459 8
459 460 1
459 493 3
460 461 6
461 462 18
462 463 16
463 464 9
463 497 5
464 465 9
465 466 1
465 499 9
466 467 13
467 468 6
467 501 11
468 469 11
469 470 5
469 503 3
470 471 2
471 472 14
471 505 8
472 473 6
473 474 18
473 507 12
474 475 18
475 509 10
476 477 8
476 510 6
477 478 18
478 479 14
478 512 3
479 480 7
480 481 10
481 482 5
482 483 14
483 484 17
484 485 16
484 518 12
485 486 1
486 520 13
487 488 4
488 489 13
488 522 10
489 490 2
490 491 15
490 524 3
491 492 17
492 493 19
493 494 9
494 495 13
494 528 18
495 496 12
496 497 12
496 530 17
497 498 6
498 499 4
498 532 3
500 501 4
502 536 18
503 504 15
504 505 11
504 538 6
505 506 1
506 507 12
506 540 9
507 508 7
508 509 13
508 542 6
510 511 7
511 512 8
511 544 6
512 513 7
513 514 3
513 546 16
514 515 12
515 516 16
515 548 6
516 517 4
517 550 19
518 519 17
519 520 6
519 552 14
520 521 16
521 522 8
521 554 1
522 523 6
523 524 1
523 556 7
524 525 1
525 526 6
525 558 17
527 528 9
528 529 9
529 530 2
529 562 2
530 531 12
531 532 12
531 564 19
532 533 10
533 566 11
534 535 14
535 536 14
535 568 7
537 538 5
537 570 7
538 539 1
540 541 17
541 542 12
541 574 16
542 543 4
543 576 13
544 545 13
545 546 17
546 547 10
547 548 15
548 549 2
549 550 16
550 551 8
551 552 16
552 553 6
553 554 5
555 556 15
556 557 19
557 558 1
558 559 17
559 560 16
561 562 16
562 563 10
563 564 15
564 565 7
565 566 1
566 567 3
567 568 5
568 569 1
569 570 3
571 572 18
572 573 2
573 574 18
574 575 15
575 576 9
7 188
13 96
18 207
20 460
39 298
42 176
57 101
95 557
112 381
133 291
146 316
162 349
164 410
172 299
193 487
198 248
202 236
204 375
234 264
247 539
259 359
265 385
274 399
421 520
478 527
