96 210 1 96 4
1 2 1
1 14 1
2 1 1
2 3 1
3 2 1
3 4 1
4 3 1
4 5 1
5 4 1
5 6 1
5 18 1
6 5 1
7 20 1
8 9 1
9 8 1
9 10 1
9 22 1
10 9 1
10 11 1
11 10 1
11 12 1
11 24 1
12 11 1
12 13 1
13 12 1
13 26 1
14 1 1
14 15 1
15 14 1
15 16 1
16 15 1
16 17 1
17 16 1
17 18 1
17 31 1
18 5 1
18 17 1
19 20 1
19 33 1
20 7 1
20 19 1
20 21 1
21 20 1
21 35 1
22 9 1
22 23 1
23 22 1
23 24 1
23 37 1
24 11 1
24 23 1
24 25 1
25 24 1
25 26 1
26 13 1
26 25 1
26 27 1
27 26 1
27 41 1
28 29 1
28 42 1
29 28 1
29 30 1
30 29 1
30 31 1
30 44 1
31 17 1
31 30 1
32 33 1
32 46 1
33 19 1
33 32 1
33 34 1
34 33 1
34 35 1
35 21 1
35 34 1
35 36 1
36 35 1
36 50 1
37 23 1
37 38 1
38 37 1
38 52 1
39 40 1
40 39 1
40 41 1
40 54 1
41 27 1
41 40 1
42 28 1
42 43 1
43 42 1
43 44 1
43 57 1
44 30 1
44 43 1
44 45 1
45 44 1
45 46 1
45 59 1
46 32 1
46 45 1
46 47 1
47 46 1
47 48 1
48 47 1
48 49 1
49 48 1
49 50 1
49 63 1
50 36 1
50 49 1
50 51 1
51 50 1
51 52 1
51 65 1
52 38 1
52 51 1
53 67 1
54 40 1
54 55 1
55 54 1
55 69 1
56 57 1
57 43 1
57 56 1
57 58 1
58 57 1
58 59 1
58 72 1
59 45 1
59 58 1
59 60 1
60 59 1
60 74 1
61 62 1
62 61 1
62 63 1
62 76 1
63 49 1
63 62 1
63 64 1
64 63 1
64 65 1
64 78 1
65 51 1
65 64 1
66 80 1
67 53 1
67 68 1
68 67 1
68 82 1
69 55 1
70 71 1
71 70 1
71 72 1
71 84 1
72 58 1
72 71 1
72 73 1
73 72 1
73 74 1
73 86 1
74 60 1
74 73 1
74 75 1
75 74 1
75 88 1
76 62 1
77 90 1
78 64 1
78 79 1
79 78 1
79 92 1
80 66 1
80 81 1
81 80 1
81 82 1
81 94 1
82 68 1
82 81 1
82 83 1
83 82 1
84 71 1
84 85 1
85 84 1
85 86 1
86 73 1
86 85 1
86 87 1
87 86 1
88 75 1
88 89 1
89 88 1
89 90 1
90 77 1
90 89 1
91 92 1
92 79 1
92 91 1
92 93 1
93 92 1
93 94 1
94 81 1
94 93 1
94 95 1
95 94 1
95 96 1
96 95 1
30
48
63
95
