966 1268 1 966 9
1 2 2
1 44 15
2 3 15
3 4 3
3 46 7
4 5 13
5 6 10
5 48 10
6 7 10
7 8 14
7 50 4
9 10 4
9 52 4
10 11 2
11 12 2
11 54 4
13 14 1
13 56 13
14 15 10
15 16 1
15 58 5
16 17 4
17 60 13
18 19 4
19 20 1
20 21 16
21 22 3
21 64 18
22 23 8
23 24 14
23 66 4
24 25 3
25 26 9
25 68 2
26 27 1
27 28 1
27 70 9
28 29 14
29 30 6
31 32 7
31 74 5
32 33 5
33 34 4
33 76 18
34 35 15
35 36 17
35 78 8
36 37 11
37 38 12
38 39 5
39 40 3
40 41 1
41 42 19
41 84 5
42 43 6
43 86 11
44 45 9
46 47 8
47 48 11
47 91 19
48 49 12
49 50 13
49 93 12
50 51 1
51 95 14
52 53 1
53 54 1
53 97 17
54 55 6
55 56 8
55 99 5
56 57 11
57 58 16
57 101 6
58 59 4
59 60 18
59 103 9
60 61 7
61 62 11
61 105 8
62 63 13
63 64 1
63 107 8
65 66 15
65 109 14
67 68 7
67 111 12
68 69 8
69 70 10
69 113 17
70 71 12
71 72 9
71 115 14
72 73 1
73 117 6
74 75 4
75 76 13
75 119 12
76 77 5
77 78 11
77 121 4
79 80 7
79 123 6
81 82 8
81 125 19
82 83 2
83 84 16
83 127 11
84 85 3
85 86 17
85 129 4
86 87 12
87 131 8
88 132 3
89 90 6
90 91 6
90 134 17
91 92 2
92 93 12
92 136 14
93 94 7
94 95 2
94 138 6
95 96 8
96 140 7
97 98 8
98 99 17
98 142 19
99 100 2
100 101 13
100 144 13
101 102 5
102 103 8
102 146 2
103 104 13
104 148 16
105 106 6
106 107 8
106 150 6
107 108 12
108 109 6
108 152 19
109 110 5
110 111 6
111 112 6
112 113 3
113 114 13
114 115 1
114 158 6
115 116 5
116 117 8
116 160 2
117 118 1
118 119 3
118 162 19
119 120 3
120 121 3
120 164 16
121 122 11
122 123 16
122 166 9
123 124 2
124 125 1
124 168 7
125 126 14
126 127 5
126 170 18
127 128 3
128 129 6
129 130 7
130 131 16
130 174 13
132 133 7
133 177 12
134 135 14
135 179 14
136 137 16
137 138 2
137 181 15
139 140 2
139 183 1
140 141 6
141 142 18
141 185 16
142 143 17
143 144 1
143 187 3
145 146 18
145 189 13
146 147 3
147 148 19
147 191 16
148 149 7
149 150 17
149 193 11
150 151 8
151 152 10
151 195 12
152 153 17
153 154 18
153 197 17
154 155 8
155 156 13
155 199 4
156 157 7
157 158 4
157 201 16
158 159 7
159 160 2
159 203 13
160 161 9
161 162 11
161 205 17
162 163 14
163 164 11
163 207 4
164 165 1
165 166 13
165 209 18
166 167 10
167 168 7
167 211 1
168 169 10
169 170 11
169 213 9
170 171 8
171 172 13
171 215 6
172 173 19
173 174 10
173 217 8
174 175 10
175 219 8
176 177 1
176 220 8
177 178 3
178 179 15
178 222 6
179 180 18
180 181 18
180 224 5
182 183 1
182 226 16
183 184 1
184 185 12
185 186 7
186 187 3
186 230 8
187 188 2
188 189 11
188 232 17
189 190 8
190 191 1
190 234 5
191 192 12
192 193 19
192 236 11
193 194 3
194 195 18
194 238 12
195 196 5
196 197 3
196 240 3
197 198 7
198 199 4
198 242 2
199 200 6
200 201 5
200 244 17
201 202 12
202 203 2
202 246 7
203 204 3
204 205 10
204 248 15
205 206 12
206 207 6
206 250 8
207 208 11
208 209 11
208 252 11
209 210 12
210 254 16
211 212 3
212 213 17
212 256 15
213 214 2
214 215 13
214 258 17
215 216 10
216 217 10
216 260 8
217 218 4
218 219 16
218 262 5
221 222 8
221 265 7
222 223 10
223 267 12
224 225 18
225 269 16
226 227 4
227 228 16
227 271 2
228 229 4
229 230 14
229 273 2
230 231 8
231 275 15
232 233 12
233 234 11
233 277 14
234 235 8
235 236 2
235 279 10
236 237 1
237 238 3
237 281 4
238 239 5
239 283 9
241 285 12
242 243 13
243 244 10
243 287 2
244 245 17
245 246 6
245 289 12
246 247 9
247 248 19
248 249 1
249 250 1
249 293 9
250 251 10
251 295 12
252 253 1
253 254 16
253 297 13
254 255 17
255 256 18
255 299 10
256 257 5
257 258 2
257 301 14
259 303 11
260 261 3
261 262 18
261 305 15
262 263 5
263 307 19
264 265 14
264 308 19
265 266 14
266 267 11
266 310 6
268 269 2
270 271 15
270 314 11
271 272 13
272 273 8
272 316 1
273 274 15
274 275 8
274 318 11
275 276 14
277 278 19
278 279 5
278 322 1
279 280 18
280 281 1
280 324 13
281 282 15
282 283 12
282 326 15
283 284 6
284 285 11
284 328 13
285 286 18
286 287 5
286 330 18
287 288 14
288 289 2
288 332 7
289 290 5
290 291 1
290 334 16
291 292 9
292 293 7
292 336 13
293 294 9
294 295 18
294 338 9
295 296 11
296 340 9
297 298 14
298 299 16
298 342 9
300 344 17
301 302 15
302 303 12
302 346 17
303 304 14
304 305 17
304 348 13
305 306 3
306 307 16
306 350 17
308 309 15
309 310 14
309 353 9
310 311 11
311 312 10
311 355 13
312 313 4
313 314 7
313 357 17
314 315 15
315 316 10
315 359 19
316 317 8
317 361 17
318 319 10
319 320 4
319 363 18
320 321 18
321 322 9
321 365 10
322 323 7
323 324 16
323 367 4
324 325 11
325 326 7
325 369 13
326 327 16
327 328 18
327 371 11
328 329 1
329 330 17
329 373 12
330 331 17
331 332 10
331 375 3
332 333 3
334 335 3
335 336 15
335 379 10
336 337 2
337 338 15
337 381 2
338 339 19
339 340 12
340 341 1
341 342 17
341 385 3
342 343 7
343 344 10
343 387 1
344 345 10
345 389 3
346 347 17
347 348 1
347 391 3
349 350 12
349 393 14
350 351 6
351 395 10
352 353 12
352 396 6
353 354 12
354 355 14
354 398 6
356 357 16
356 400 2
357 358 16
358 402 7
359 360 8
360 361 5
360 404 13
361 362 13
362 406 7
363 364 2
364 365 18
364 408 6
365 366 16
366 367 14
367 368 11
368 369 6
368 412 11
369 370 14
370 371 14
370 414 5
371 372 14
372 373 7
374 375 6
374 418 11
375 376 5
376 420 5
377 378 9
378 379 4
378 422 10
379 380 10
380 381 13
380 424 8
381 382 14
382 383 8
382 426 3
383 384 2
384 385 4
384 428 6
385 386 2
386 387 12
386 430 18
387 388 3
388 389 2
388 432 4
389 390 8
390 434 6
391 392 3
392 393 4
392 436 8
393 394 15
394 395 15
394 438 1
396 397 12
397 398 15
397 441 19
399 400 12
399 443 12
400 401 13
401 402 14
401 445 9
402 403 2
403 404 1
403 447 1
404 405 11
405 406 6
405 449 19
406 407 5
407 408 14
407 451 17
408 409 3
409 410 2
409 453 7
410 411 11
411 412 1
411 455 15
412 413 18
413 414 3
413 457 6
415 416 18
415 459 3
416 417 18
417 418 7
417 461 18
418 419 10
419 420 10
419 463 12
420 421 18
421 422 4
421 465 11
422 423 9
423 424 13
424 425 18
425 426 6
425 469 9
426 427 8
427 428 1
427 471 7
428 429 10
429 430 13
429 473 5
430 431 4
431 432 15
431 475 5
432 433 2
433 434 17
435 436 6
435 479 12
437 481 17
438 439 8
439 483 16
440 441 12
440 484 13
441 442 11
442 443 1
442 486 9
443 444 16
444 445 9
444 488 13
445 446 2
446 490 8
447 448 9
448 449 12
448 492 6
449 450 16
450 494 16
451 452 16
452 453 9
452 496 9
453 454 4
454 455 4
454 498 1
455 456 11
456 457 19
456 500 17
457 458 18
458 502 2
459 460 2
460 461 10
460 504 17
461 462 7
462 463 14
462 506 4
463 464 14
464 465 13
464 508 15
465 466 16
466 467 14
466 510 6
467 468 8
468 512 15
469 470 10
470 471 5
470 514 17
471 472 8
472 473 16
472 516 17
473 474 7
474 475 15
474 518 15
475 476 16
476 477 11
477 478 6
478 479 3
478 522 5
479 480 14
480 481 3
480 524 9
481 482 14
482 483 12
482 526 15
484 485 4
485 486 8
486 487 9
487 488 17
487 531 14
488 489 18
489 490 12
489 533 11
490 491 17
491 535 2
492 493 18
493 494 6
493 537 2
494 495 5
495 496 4
495 539 10
496 497 3
497 498 18
497 541 6
498 499 16
499 500 17
500 501 14
501 502 14
501 545 16
502 503 1
503 504 10
504 505 11
505 506 18
505 549 19
506 507 2
507 508 18
507 551 11
508 509 5
509 510 16
510 511 2
511 512 19
511 555 17
513 514 7
513 557 5
515 516 7
515 559 9
516 517 10
517 518 14
517 561 8
518 519 16
519 520 4
519 563 9
520 521 11
521 565 10
522 523 10
523 524 11
523 567 5
524 525 2
525 526 15
525 569 11
526 527 6
527 571 4
528 529 18
528 572 18
530 531 14
530 574 1
531 532 8
532 533 12
532 576 16
533 534 10
534 535 15
534 578 8
535 536 18
536 537 5
536 580 19
537 538 1
538 582 6
539 540 17
540 541 3
540 584 18
541 542 14
542 543 15
542 586 10
543 544 16
544 545 13
544 588 1
545 546 1
546 547 18
546 590 5
547 548 5
548 549 10
548 592 19
549 550 9
550 551 16
550 594 15
551 552 4
552 553 1
552 596 5
553 554 5
554 555 15
554 598 13
555 556 17
556 557 14
556 600 1
557 558 18
558 602 8
560 561 6
561 562 2
562 563 5
562 606 11
564 565 13
565 566 7
566 567 7
566 610 11
567 568 18
568 569 4
568 612 17
569 570 4
570 571 11
570 614 12
572 573 8
573 574 5
573 617 8
574 575 8
575 576 13
575 619 6
576 577 13
577 578 4
577 621 18
578 579 4
579 580 16
580 581 1
581 582 15
581 625 10
582 583 17
583 584 13
583 627 15
584 585 15
585 586 15
585 629 5
587 631 2
588 589 7
589 590 1
589 633 15
590 591 13
591 592 9
591 635 17
592 593 6
593 594 9
593 637 2
594 595 6
595 596 13
595 639 14
596 597 2
597 598 8
597 641 8
598 599 7
599 600 1
599 643 4
601 602 10
601 645 11
602 603 10
603 604 16
603 647 15
604 605 10
605 606 6
605 649 12
606 607 17
607 608 12
607 651 7
608 609 7
609 610 15
609 653 12
610 611 18
611 612 3
611 655 12
612 613 3
613 657 13
615 659 16
616 617 11
616 660 9
617 618 2
618 619 1
618 662 16
619 620 1
620 621 12
620 664 11
621 622 2
622 623 3
622 666 14
623 624 15
624 625 3
624 668 5
625 626 7
626 627 3
626 670 12
627 628 1
628 672 5
629 630 11
630 631 8
630 674 1
631 632 19
632 633 4
632 676 18
634 635 8
634 678 18
635 636 12
636 680 19
637 638 15
638 639 6
638 682 9
639 640 8
640 641 18
640 684 1
641 642 12
642 643 10
642 686 12
643 644 2
644 688 12
645 646 1
646 647 3
646 690 6
647 648 16
648 649 15
648 692 15
649 650 17
650 651 9
650 694 12
651 652 11
652 653 6
652 696 10
653 654 15
654 655 15
655 656 6
656 657 1
656 700 17
657 658 9
658 659 8
658 702 7
660 661 5
661 662 9
661 705 16
662 663 5
663 664 17
663 707 8
664 665 1
665 666 19
665 709 19
666 667 5
667 668 7
669 670 5
669 713 9
670 671 8
671 672 13
671 715 1
672 673 12
673 674 13
673 717 16
674 675 2
675 676 4
677 678 13
677 721 3
678 679 2
679 680 7
679 723 18
680 681 11
681 682 4
681 725 3
682 683 17
683 684 6
683 727 17
684 685 11
685 686 7
685 729 1
686 687 1
687 688 7
687 731 12
688 689 16
689 690 15
689 733 9
690 691 12
691 692 5
691 735 1
692 693 5
693 694 7
693 737 13
694 695 15
695 696 8
695 739 3
696 697 17
697 698 5
697 741 9
698 699 8
699 700 2
699 743 18
700 701 13
701 702 17
701 745 9
702 703 16
703 747 19
704 705 12
704 748 1
705 706 8
706 707 8
706 750 17
708 709 6
708 752 5
709 710 18
710 711 1
710 754 6
711 712 12
712 713 7
712 756 7
713 714 14
714 715 7
714 758 11
715 716 14
716 760 10
717 718 7
719 720 18
720 721 19
720 764 12
721 722 11
722 766 5
724 725 10
724 768 15
725 726 15
726 727 8
726 770 1
727 728 11
728 729 2
728 772 4
729 730 10
730 731 3
730 774 2
731 732 9
732 733 1
732 776 10
733 734 8
734 735 3
734 778 17
735 736 1
736 737 8
736 780 13
737 738 7
738 739 12
738 782 8
739 740 9
740 741 3
740 784 2
741 742 1
742 743 13
742 786 3
743 744 2
744 745 18
744 788 11
745 746 6
746 747 13
746 790 9
748 749 9
749 750 8
750 751 5
751 752 1
751 795 19
752 753 12
753 754 15
753 797 15
754 755 1
755 756 1
756 757 3
757 758 8
757 801 13
758 759 3
759 760 14
759 803 15
760 761 17
761 762 1
761 805 12
762 763 2
763 764 13
763 807 8
764 765 3
765 809 13
766 767 17
767 811 19
768 769 8
769 770 15
769 813 4
770 771 8
771 772 14
771 815 11
772 773 3
773 774 4
773 817 6
774 775 15
776 777 10
777 778 5
777 821 11
778 779 4
779 780 16
779 823 6
781 825 16
782 783 11
783 784 5
785 786 7
785 829 16
786 787 15
787 788 16
787 831 4
788 789 14
789 790 6
789 833 9
790 791 1
791 835 5
792 793 14
792 836 8
793 794 12
794 795 18
794 838 15
795 796 3
796 797 6
796 840 7
797 798 4
798 799 4
798 842 18
799 800 1
800 801 9
800 844 2
801 802 3
802 803 17
802 846 6
803 804 17
804 805 2
804 848 9
805 806 4
806 807 15
806 850 9
807 808 19
808 809 6
808 852 3
810 811 15
810 854 11
811 812 16
812 813 12
812 856 8
813 814 9
814 815 16
814 858 8
815 816 18
816 817 8
816 860 18
817 818 13
818 819 7
818 862 8
819 820 3
820 821 7
820 864 14
821 822 15
822 823 3
823 824 5
825 826 3
826 870 17
827 828 7
828 829 3
828 872 16
829 830 10
830 831 5
830 874 12
831 832 3
832 833 6
832 876 5
833 834 17
834 835 13
834 878 2
836 837 5
837 838 17
837 881 15
839 840 2
839 883 8
841 842 1
841 885 13
842 843 3
843 844 18
843 887 13
845 846 4
845 889 17
846 847 7
847 848 2
847 891 13
848 849 6
849 850 3
849 893 17
850 851 13
851 852 11
851 895 8
852 853 19
853 854 3
854 855 17
855 856 15
855 899 2
856 857 15
857 858 5
857 901 14
858 859 6
859 860 13
860 861 13
861 862 4
861 905 17
862 863 16
863 864 2
863 907 10
864 865 10
865 866 6
865 909 8
866 867 1
867 868 10
867 911 15
868 869 11
869 870 8
869 913 2
870 871 5
871 872 12
871 915 19
872 873 2
873 874 1
874 875 19
875 876 5
875 919 6
876 877 9
877 878 13
877 921 9
878 879 17
879 923 11
880 881 15
880 924 9
881 882 11
882 883 1
882 926 9
883 884 8
884 885 16
884 928 16
885 886 6
886 887 18
886 930 17
888 889 8
888 932 1
889 890 1
890 891 2
890 934 11
891 892 8
892 893 11
892 936 5
893 894 3
894 895 6
894 938 19
895 896 15
896 897 8
896 940 6
897 898 2
898 899 13
898 942 7
899 900 15
900 901 11
900 944 1
901 902 11
902 903 2
902 946 7
903 904 1
904 905 17
904 948 10
905 906 12
906 950 4
907 908 16
908 909 8
908 952 3
909 910 14
910 911 18
910 954 12
911 912 4
912 913 15
912 956 5
913 914 19
914 915 16
914 958 17
915 916 12
916 917 4
917 918 11
918 919 9
918 962 14
920 921 3
920 964 19
921 922 18
922 923 2
922 966 15
924 925 3
925 926 18
926 927 2
927 928 9
928 929 6
929 930 19
930 931 2
932 933 4
933 934 10
935 936 8
936 937 11
937 938 5
938 939 13
939 940 6
940 941 13
941 942 5
942 943 14
943 944 2
944 945 17
945 946 15
946 947 5
947 948 10
948 949 11
949 950 14
950 951 18
951 952 8
952 953 15
954 955 18
955 956 9
956 957 6
957 958 11
958 959 6
959 960 10
960 961 6
961 962 12
962 963 4
963 964 1
964 965 3
965 966 2
1
2
3
4
5
51
606
877
922
