126 143 1 126 34
1 16 5
2 3 16
3 4 7
3 18 5
4 5 4
5 20 16
6 7 7
7 8 11
7 22 14
8 9 1
9 10 16
9 24 1
10 11 13
11 12 5
13 28 1
14 15 3
15 30 1
16 17 12
17 33 18
19 20 4
19 35 6
20 21 6
21 37 4
22 23 11
23 24 16
23 39 4
24 25 10
25 26 7
25 41 4
26 27 1
27 28 6
27 43 9
28 29 8
29 30 5
29 45 5
30 31 15
31 47 9
32 33 6
32 48 14
33 34 2
34 35 2
34 50 11
36 37 1
38 39 12
38 54 12
39 40 3
40 41 6
40 56 2
41 42 3
42 43 3
43 44 4
44 45 15
44 60 15
45 46 8
46 47 7
46 62 8
48 49 7
49 50 9
49 65 6
50 51 15
51 52 1
51 67 1
52 53 2
53 69 4
54 55 2
55 56 1
55 71 3
57 58 12
57 73 14
58 59 9
59 60 5
59 75 19
61 62 13
61 77 6
62 63 10
63 79 10
64 65 14
64 80 15
65 66 8
66 67 10
66 82 1
68 69 1
68 84 14
69 70 6
70 71 16
71 72 17
72 73 9
72 88 19
73 74 1
74 75 15
74 90 2
76 77 8
77 78 16
80 81 8
81 82 9
82 83 3
83 84 3
83 99 3
84 85 7
85 86 12
85 101 18
86 87 8
87 88 4
87 103 15
88 89 9
91 92 10
92 93 2
93 94 5
93 109 19
94 95 8
95 111 11
96 97 8
97 98 1
98 99 9
98 114 18
100 101 11
100 116 2
101 102 14
102 103 8
102 118 9
104 105 6
105 106 18
106 107 17
106 122 6
107 108 10
108 109 16
108 124 15
109 110 13
110 111 17
110 126 3
112 113 11
113 114 15
114 115 9
115 116 3
116 117 9
118 119 14
119 120 12
120 121 9
121 122 16
122 123 12
123 124 15
124 125 6
125 126 1
2 46
3 15
4 51
5 10
7 35
9 112
11 91
13 63
14 79
18 38
20 95
21 107
22 31
24 93
29 74
39 58
40 68
42 60
44 81
48 97
53 109
55 115
56 92
59 99
62 88
64 75
69 113
70 78
72 116
76 98
77 104
80 111
86 106
89 110
