1566 2080 1 1566 9
1 2 7
1 56 8
2 3 18
3 4 7
3 58 5
4 5 17
5 6 10
5 60 19
6 7 8
7 8 13
7 62 18
8 9 14
9 10 5
9 64 17
10 11 1
11 12 4
11 66 14
12 13 17
13 14 18
13 68 9
14 15 1
15 70 3
16 17 13
17 18 7
17 72 11
18 19 15
19 20 14
19 74 11
20 21 12
21 22 6
21 76 3
22 23 1
23 78 9
24 25 19
25 26 14
26 27 8
27 28 8
27 82 13
28 29 9
29 30 6
29 84 8
30 31 7
31 32 15
31 86 4
32 33 14
33 34 5
33 88 17
34 35 3
35 36 1
35 90 8
36 37 11
37 38 12
37 92 2
38 39 5
39 40 15
39 94 2
40 41 13
41 96 1
42 43 6
43 44 6
43 98 3
44 45 7
45 46 5
45 100 6
47 48 17
47 102 12
48 49 14
49 50 6
49 104 13
50 51 8
51 52 13
51 106 19
52 53 8
53 54 3
53 108 18
54 55 5
56 57 3
57 113 14
58 59 15
59 115 18
60 61 7
61 62 13
61 117 6
62 63 11
63 64 1
63 119 4
64 65 14
65 66 13
65 121 4
66 67 19
67 68 13
67 123 4
68 69 4
69 70 16
70 71 17
71 127 1
72 73 16
73 129 13
74 75 3
75 76 11
75 131 3
76 77 6
77 78 6
77 133 7
78 79 3
79 80 19
79 135 1
80 81 14
81 82 3
82 83 7
83 84 11
83 139 8
84 85 6
85 86 6
85 141 10
86 87 17
87 88 5
87 143 9
88 89 15
89 90 6
89 145 2
90 91 11
91 147 19
92 93 8
93 94 16
94 95 9
95 96 16
95 151 14
96 97 9
97 98 2
97 153 18
98 99 13
99 100 13
99 155 3
100 101 10
101 102 4
101 157 5
102 103 11
103 104 13
103 159 5
104 105 2
105 106 7
105 161 19
107 108 19
107 163 9
108 109 1
109 110 8
109 165 18
110 111 1
111 167 16
112 113 11
112 168 10
113 114 8
114 115 1
114 170 7
115 116 1
116 117 4
116 172 12
117 118 7
118 119 18
118 174 7
119 120 11
120 121 8
120 176 17
121 122 17
122 123 6
122 178 17
123 124 9
124 125 6
124 180 13
125 126 6
126 127 17
126 182 10
127 128 10
128 129 19
128 184 5
129 130 10
130 131 3
130 186 1
131 132 5
132 133 6
132 188 2
134 135 6
134 190 1
136 137 2
136 192 17
137 138 17
138 194 8
139 140 1
140 141 1
140 196 3
141 142 12
142 143 8
142 198 4
143 144 5
144 145 13
144 200 9
145 146 16
146 147 15
147 148 4
148 204 3
149 150 19
150 151 16
150 206 9
151 152 10
152 153 15
152 208 14
153 154 11
154 155 16
154 210 12
155 156 6
156 157 16
158 159 3
158 214 15
159 160 2
160 161 15
160 216 5
161 162 18
162 218 18
163 164 19
164 165 4
164 220 8
165 166 3
166 167 9
166 222 1
168 169 6
169 170 1
169 225 19
170 171 9
171 172 2
171 227 7
172 173 3
173 174 16
173 229 19
175 176 9
175 231 3
176 177 3
177 178 12
177 233 18
178 179 12
179 180 16
179 235 13
180 181 2
181 182 3
181 237 5
182 183 11
183 184 11
183 239 2
185 186 3
185 241 16
186 187 9
187 188 11
187 243 6
188 189 5
189 190 2
189 245 15
190 191 1
191 192 6
191 247 19
192 193 14
193 194 15
193 249 13
194 195 17
195 196 15
195 251 17
196 197 4
197 198 3
198 199 10
199 200 9
199 255 14
200 201 4
201 202 6
201 257 2
202 203 3
203 204 1
203 259 10
204 205 7
205 206 6
205 261 13
207 208 10
207 263 11
209 210 11
209 265 2
210 211 4
211 212 10
211 267 6
212 213 6
213 214 5
213 269 5
215 216 8
215 271 11
216 217 1
217 218 15
217 273 2
218 219 1
219 220 18
219 275 18
220 221 14
221 222 16
221 277 5
222 223 13
224 225 2
224 280 15
225 226 5
226 227 13
226 282 1
227 228 4
228 284 19
229 230 1
230 231 9
230 286 3
231 232 11
232 233 5
232 288 16
233 234 11
234 290 7
235 236 6
236 237 5
236 292 8
237 238 16
238 239 9
238 294 17
239 240 2
240 241 11
240 296 16
241 242 12
242 243 14
242 298 17
243 244 4
244 245 9
244 300 7
245 246 12
246 247 15
246 302 6
247 248 6
248 249 3
249 250 12
250 306 2
252 253 6
252 308 11
253 254 4
254 255 12
254 310 9
255 256 4
256 257 14
257 258 18
258 259 6
258 314 11
259 260 4
260 261 15
260 316 19
261 262 8
262 318 9
263 264 1
264 265 3
264 320 13
265 266 10
266 267 15
266 322 19
267 268 19
268 269 6
268 324 8
269 270 4
270 271 9
270 326 17
271 272 12
272 328 1
273 274 13
274 275 1
274 330 2
275 276 17
276 277 16
276 332 1
277 278 14
278 279 9
278 334 10
280 281 14
281 282 17
281 337 18
282 283 4
283 284 1
283 339 12
284 285 1
285 286 4
285 341 19
286 287 1
287 288 16
288 289 10
289 290 1
289 345 18
290 291 9
291 292 16
291 347 10
292 293 6
293 294 5
293 349 5
294 295 4
295 296 5
295 351 4
296 297 3
297 298 18
297 353 9
298 299 16
299 355 4
300 301 13
301 302 1
301 357 4
302 303 15
303 304 7
303 359 11
304 305 8
305 306 8
305 361 7
306 307 6
307 308 17
307 363 10
308 309 11
309 310 16
309 365 15
310 311 16
311 312 12
311 367 5
312 313 1
313 314 18
313 369 7
314 315 10
315 316 18
315 371 3
316 317 12
317 318 12
317 373 3
318 319 13
319 320 6
319 375 8
320 321 5
321 377 8
322 323 12
323 324 12
323 379 15
324 325 10
325 326 4
325 381 18
326 327 1
327 328 15
327 383 13
328 329 11
329 330 1
329 385 6
330 331 6
331 332 17
331 387 10
332 333 19
333 334 15
333 389 19
335 391 1
336 337 3
336 392 18
337 338 17
338 339 2
338 394 16
339 340 5
340 396 1
341 342 4
342 343 18
342 398 6
343 344 17
344 345 8
344 400 3
345 346 5
346 347 6
346 402 19
347 348 16
348 404 8
349 350 10
350 351 3
351 352 11
352 353 15
352 408 8
353 354 1
354 355 6
354 410 4
355 356 11
356 357 9
356 412 16
357 358 3
358 414 4
359 360 6
360 361 9
360 416 9
361 362 5
362 363 8
362 418 2
363 364 12
364 420 19
365 366 7
366 367 11
367 368 4
368 369 5
368 424 10
369 370 10
370 371 3
370 426 17
371 372 11
372 373 7
373 374 11
374 375 8
374 430 15
375 376 5
376 377 7
376 432 9
377 378 13
378 379 4
378 434 10
379 380 19
380 381 5
380 436 19
381 382 6
382 383 6
383 384 14
384 385 1
384 440 8
385 386 15
386 387 5
386 442 12
387 388 17
388 389 11
388 444 10
389 390 12
390 391 10
390 446 15
392 393 17
393 394 16
393 449 13
394 395 6
395 396 1
395 451 15
396 397 14
397 398 8
397 453 6
399 400 16
399 455 1
400 401 1
401 402 9
401 457 4
402 403 3
403 459 4
404 405 10
405 406 9
405 461 2
406 407 18
407 408 11
407 463 11
408 409 13
409 410 18
409 465 15
410 411 12
411 412 7
411 467 16
412 413 17
413 414 12
413 469 10
414 415 7
415 416 12
415 471 14
416 417 4
417 418 16
417 473 14
418 419 9
419 475 9
420 421 16
421 422 16
421 477 9
422 423 8
423 479 17
424 425 15
425 426 14
425 481 10
426 427 17
427 428 2
427 483 7
429 430 8
429 485 12
430 431 4
431 432 13
431 487 11
432 433 8
433 434 5
433 489 6
434 435 1
435 436 18
435 491 16
436 437 13
437 438 16
437 493 16
439 440 17
439 495 6
440 441 2
441 442 1
441 497 19
442 443 1
443 444 11
443 499 6
444 445 7
445 446 16
445 501 9
446 447 16
448 449 6
448 504 9
449 450 6
450 451 2
450 506 7
452 453 4
452 508 5
453 454 18
454 455 5
454 510 7
455 456 17
456 457 4
456 512 14
458 459 13
458 514 16
460 461 13
460 516 15
461 462 2
462 518 1
463 464 18
464 465 9
464 520 18
465 466 13
466 467 8
466 522 16
467 468 1
468 469 2
468 524 5
469 470 3
470 471 11
470 526 19
471 472 4
472 473 16
472 528 8
473 474 1
474 530 14
475 476 4
476 477 13
476 532 8
477 478 4
478 479 13
478 534 19
479 480 4
480 481 18
480 536 8
481 482 14
482 483 15
482 538 8
483 484 8
484 485 2
484 540 2
485 486 13
486 487 7
486 542 19
487 488 1
488 489 5
488 544 2
489 490 11
490 491 7
490 546 10
491 492 12
492 493 19
492 548 1
493 494 2
494 495 3
494 550 15
496 497 7
496 552 4
497 498 10
498 499 3
498 554 6
499 500 3
500 556 8
501 502 18
502 503 3
502 558 5
504 505 15
505 506 2
505 561 2
506 507 7
507 508 1
507 563 12
508 509 9
509 510 6
509 565 9
510 511 1
511 567 16
512 513 17
513 514 9
513 569 2
514 515 8
515 516 11
515 571 13
516 517 10
517 518 8
517 573 5
518 519 18
519 520 9
519 575 9
520 521 18
521 522 1
521 577 13
522 523 10
523 524 5
523 579 2
524 525 10
525 526 17
525 581 10
526 527 15
527 528 19
527 583 12
528 529 17
529 530 14
529 585 13
530 531 12
531 532 3
532 533 11
533 534 15
533 589 14
535 536 8
535 591 15
536 537 11
537 538 12
537 593 6
538 539 17
539 540 10
539 595 13
541 542 7
541 597 17
542 543 18
543 544 17
544 545 7
545 546 4
545 601 1
546 547 7
547 548 11
548 549 8
549 550 6
550 551 12
551 552 17
551 607 11
552 553 15
553 554 6
553 609 6
555 556 14
555 611 16
556 557 1
557 558 17
557 613 16
558 559 4
559 615 4
560 561 6
560 616 19
561 562 18
562 563 1
562 618 1
563 564 1
564 565 9
564 620 12
565 566 5
566 567 2
566 622 19
568 569 17
568 624 6
569 570 4
570 571 4
570 626 3
571 572 12
572 573 14
572 628 10
573 574 1
574 575 2
574 630 10
575 576 11
576 577 17
576 632 9
577 578 10
578 579 12
579 580 13
580 581 3
580 636 11
581 582 14
582 583 13
582 638 14
583 584 14
584 585 13
585 586 3
586 587 16
586 642 19
587 588 10
588 589 9
588 644 17
590 591 13
590 646 6
591 592 8
592 593 17
592 648 9
593 594 10
594 595 15
594 650 5
595 596 14
596 597 16
596 652 19
597 598 19
598 599 12
598 654 10
599 600 7
600 601 9
600 656 17
601 602 19
602 603 2
602 658 12
603 604 8
604 605 19
604 660 16
606 607 17
607 608 8
608 609 4
608 664 3
609 610 16
610 611 9
610 666 13
611 612 6
612 613 6
612 668 5
613 614 10
614 615 19
614 670 16
616 617 10
617 618 7
617 673 2
618 619 12
619 620 16
619 675 3
620 621 7
621 622 4
621 677 12
623 624 11
623 679 4
624 625 6
625 681 11
626 627 16
627 628 13
627 683 7
628 629 15
629 630 7
630 631 16
631 632 13
631 687 14
632 633 10
633 634 11
634 635 2
635 636 1
635 691 6
636 637 17
637 638 11
638 639 2
639 695 5
640 641 16
641 642 5
641 697 13
642 643 1
643 644 1
643 699 11
645 646 7
645 701 11
646 647 13
647 648 12
647 703 14
648 649 12
649 705 8
650 651 4
651 652 7
651 707 7
652 653 17
653 654 2
653 709 7
654 655 13
655 656 9
655 711 5
656 657 10
657 658 17
657 713 19
658 659 10
659 715 19
660 661 2
661 662 11
661 717 1
662 663 13
663 664 4
663 719 6
664 665 2
665 666 10
665 721 7
666 667 10
667 668 12
667 723 11
669 670 9
670 671 11
672 673 10
672 728 19
673 674 18
674 675 2
674 730 8
675 676 8
676 677 15
676 732 8
677 678 17
678 679 12
678 734 12
679 680 2
680 681 10
680 736 18
682 683 19
682 738 17
684 685 4
684 740 19
685 686 9
686 687 16
686 742 10
687 688 1
688 689 11
688 744 19
689 690 15
690 691 16
690 746 3
691 692 6
692 693 2
692 748 8
693 694 11
694 750 12
695 696 13
696 697 10
696 752 15
698 699 11
698 754 19
699 700 16
700 701 1
700 756 3
702 703 17
702 758 12
704 705 9
705 706 6
706 707 11
706 762 1
707 708 13
708 709 7
708 764 18
709 710 17
710 711 9
710 766 1
711 712 7
712 713 10
712 768 14
713 714 6
714 715 18
714 770 5
716 717 5
716 772 8
717 718 7
718 719 16
718 774 14
719 720 19
720 721 18
720 776 8
721 722 1
722 723 2
722 778 15
723 724 8
724 780 17
725 726 14
726 727 11
726 782 13
728 729 2
729 730 18
729 785 15
730 731 10
731 787 13
732 733 6
733 734 19
733 789 12
734 735 7
735 736 15
735 791 13
736 737 2
737 738 1
737 793 5
739 795 4
740 741 8
741 742 10
741 797 13
743 744 14
743 799 19
744 745 2
745 746 18
745 801 10
746 747 1
747 748 11
747 803 15
748 749 5
749 750 10
749 805 17
750 751 16
751 752 13
751 807 16
753 754 1
753 809 6
754 755 14
755 756 8
755 811 15
756 757 11
757 758 9
757 813 16
758 759 8
759 760 15
759 815 19
760 761 14
761 762 5
761 817 16
762 763 17
763 764 2
763 819 5
764 765 18
765 766 3
765 821 13
766 767 5
767 768 2
767 823 13
768 769 18
769 770 6
769 825 17
770 771 14
771 772 8
771 827 19
772 773 13
773 774 1
773 829 8
774 775 5
775 776 18
775 831 1
776 777 14
777 778 18
777 833 10
778 779 5
779 780 4
779 835 17
780 781 17
781 782 18
781 837 2
782 783 1
784 785 9
784 840 9
785 786 6
786 787 9
786 842 12
787 788 6
788 789 14
788 844 15
790 846 14
791 792 3
792 793 17
792 848 8
793 794 14
794 795 6
794 850 2
795 796 18
796 797 16
796 852 9
797 798 2
798 799 10
798 854 8
799 800 5
800 801 16
800 856 17
801 802 10
802 803 8
802 858 9
803 804 7
804 805 19
804 860 13
805 806 3
806 807 2
806 862 10
807 808 17
808 809 4
808 864 16
809 810 13
810 811 1
810 866 15
812 813 15
812 868 7
813 814 9
814 815 1
814 870 6
815 816 18
816 817 6
816 872 1
817 818 5
818 819 7
818 874 7
820 821 16
820 876 3
821 822 2
822 823 6
822 878 8
823 824 13
824 825 17
825 826 9
826 827 13
827 828 2
828 829 17
828 884 13
829 830 3
830 831 18
830 886 13
831 832 11
832 888 17
833 834 3
834 835 2
834 890 7
835 836 3
836 837 17
836 892 9
837 838 1
838 839 8
838 894 2
840 841 16
841 842 12
841 897 3
842 843 12
843 844 3
843 899 3
844 845 14
845 846 16
845 901 4
846 847 17
847 848 5
847 903 9
848 849 17
849 850 14
849 905 15
850 851 8
851 852 12
851 907 1
852 853 12
853 854 3
853 909 7
854 855 16
855 856 2
855 911 12
857 858 6
857 913 16
858 859 2
859 860 13
859 915 12
860 861 14
861 862 14
861 917 14
863 864 16
863 919 12
864 865 18
865 866 1
865 921 13
867 868 5
867 923 1
868 869 1
869 870 2
869 925 11
870 871 12
871 872 5
871 927 6
872 873 15
873 874 14
873 929 4
874 875 10
875 931 8
876 877 4
877 878 8
877 933 2
878 879 10
879 880 14
879 935 15
880 881 9
881 882 3
881 937 15
882 883 15
883 939 7
885 886 15
885 941 7
886 887 13
887 888 3
887 943 17
888 889 12
889 890 12
889 945 4
890 891 11
892 893 14
893 894 10
893 949 6
894 895 12
895 951 9
896 897 12
896 952 2
897 898 2
898 899 7
898 954 14
900 901 9
900 956 8
901 902 19
902 903 15
902 958 9
903 904 13
904 905 10
904 960 2
905 906 11
906 962 15
907 908 18
908 964 17
909 910 2
910 911 7
910 966 16
911 912 4
912 913 14
913 914 2
914 915 8
914 970 13
915 916 9
916 917 18
916 972 3
917 918 3
918 919 18
918 974 5
920 921 6
920 976 19
921 922 1
922 923 1
922 978 11
923 924 17
924 925 17
924 980 8
925 926 1
926 927 18
926 982 9
927 928 15
928 929 18
928 984 17
929 930 10
930 931 6
930 986 19
931 932 7
932 988 3
933 934 1
934 935 6
934 990 14
935 936 6
936 937 8
936 992 5
937 938 5
938 939 7
938 994 17
939 940 3
940 941 19
940 996 10
941 942 4
942 943 13
942 998 12
943 944 11
944 945 1
944 1000 14
945 946 5
946 947 1
946 1002 1
947 948 5
948 1004 4
949 950 13
950 951 1
950 1006 13
952 953 13
953 954 17
954 955 1
955 956 15
955 1011 9
956 957 16
957 958 11
957 1013 13
958 959 11
959 960 11
959 1015 4
960 961 5
961 962 11
961 1017 8
962 963 17
963 964 13
963 1019 10
964 965 15
965 966 17
965 1021 5
966 967 12
967 968 5
967 1023 6
968 969 14
969 970 11
969 1025 16
970 971 11
971 972 6
971 1027 7
972 973 2
973 974 17
973 1029 7
974 975 13
975 976 12
975 1031 7
976 977 5
977 978 14
977 1033 4
978 979 4
979 980 6
979 1035 17
980 981 9
981 982 8
981 1037 14
982 983 14
983 984 17
983 1039 16
984 985 1
985 986 15
985 1041 6
987 988 15
987 1043 12
988 989 9
989 990 2
989 1045 18
990 991 1
991 992 17
991 1047 10
992 993 8
993 994 9
993 1049 5
995 996 17
996 997 18
997 998 17
997 1053 11
998 999 17
999 1000 11
1000 1001 8
1001 1002 7
1001 1057 18
1002 1003 10
1003 1004 6
1003 1059 10
1004 1005 18
1005 1006 11
1006 1007 11
1007 1063 10
1008 1009 17
1009 1010 16
1010 1066 15
1011 1012 18
1012 1013 1
1012 1068 16
1013 1014 12
1014 1015 8
1014 1070 9
1016 1017 9
1016 1072 11
1017 1018 1
1018 1019 8
1018 1074 17
1019 1020 11
1020 1021 11
1020 1076 13
1021 1022 17
1022 1023 2
1022 1078 8
1024 1025 12
1024 1080 18
1025 1026 5
1026 1027 16
1026 1082 10
1027 1028 4
1028 1029 8
1028 1084 9
1029 1030 18
1030 1031 11
1030 1086 3
1031 1032 18
1032 1033 17
1032 1088 10
1033 1034 4
1034 1035 12
1034 1090 15
1035 1036 6
1036 1037 13
1036 1092 12
1038 1039 6
1038 1094 11
1039 1040 7
1040 1041 15
1040 1096 14
1041 1042 7
1042 1043 17
1042 1098 1
1043 1044 10
1044 1100 11
1045 1046 5
1046 1047 14
1046 1102 19
1047 1048 1
1048 1049 14
1048 1104 5
1049 1050 18
1050 1051 17
1050 1106 18
1051 1052 6
1052 1053 14
1052 1108 5
1053 1054 5
1054 1055 1
1055 1056 11
1056 1057 16
1056 1112 13
1057 1058 7
1058 1059 12
1058 1114 10
1059 1060 5
1060 1061 10
1060 1116 9
1062 1063 1
1062 1118 12
1064 1065 18
1065 1066 11
1065 1121 19
1066 1067 8
1067 1068 12
1067 1123 14
1069 1125 2
1070 1071 5
1071 1127 2
1072 1073 5
1073 1129 15
1074 1075 10
1075 1131 15
1077 1133 17
1078 1079 9
1079 1080 13
1079 1135 12
1080 1081 8
1081 1082 2
1081 1137 3
1082 1083 5
1083 1084 12
1083 1139 18
1084 1085 10
1085 1086 6
1085 1141 8
1086 1087 15
1087 1143 16
1088 1089 8
1089 1090 9
1089 1145 12
1090 1091 7
1091 1092 19
1091 1147 15
1092 1093 9
1093 1094 8
1093 1149 1
1094 1095 3
1095 1096 14
1095 1151 15
1096 1097 16
1097 1098 9
1097 1153 10
1098 1099 7
1099 1100 5
1099 1155 11
1100 1101 5
1101 1102 19
1101 1157 13
1102 1103 15
1103 1104 18
1103 1159 14
1104 1105 11
1105 1106 10
1105 1161 2
1106 1107 10
1107 1108 14
1107 1163 4
1108 1109 2
1109 1110 11
1109 1165 9
1110 1111 8
1111 1112 2
1111 1167 15
1112 1113 4
1113 1114 5
1113 1169 2
1114 1115 9
1115 1116 15
1115 1171 14
1116 1117 12
1117 1118 4
1117 1173 16
1118 1119 19
1120 1121 4
1120 1176 15
1121 1122 11
1122 1123 8
1122 1178 19
1124 1125 13
1124 1180 14
1125 1126 13
1126 1127 5
1126 1182 19
1127 1128 9
1128 1129 16
1128 1184 14
1129 1130 5
1130 1131 7
1130 1186 8
1131 1132 5
1132 1133 1
1132 1188 10
1134 1135 5
1134 1190 18
1135 1136 7
1136 1137 15
1136 1192 7
1137 1138 4
1138 1139 3
1138 1194 1
1139 1140 4
1140 1141 7
1140 1196 11
1141 1142 16
1142 1143 13
1142 1198 1
1144 1145 15
1144 1200 19
1145 1146 13
1146 1147 5
1146 1202 4
1147 1148 4
1148 1149 11
1148 1204 5
1150 1151 1
1150 1206 6
1151 1152 16
1152 1208 5
1153 1154 15
1154 1155 1
1154 1210 2
1156 1212 5
1157 1158 8
1158 1159 14
1158 1214 9
1159 1160 8
1160 1161 4
1160 1216 3
1162 1163 8
1162 1218 16
1163 1164 11
1164 1220 4
1165 1166 14
1166 1167 3
1166 1222 18
1167 1168 15
1168 1169 10
1168 1224 2
1169 1170 15
1170 1171 5
1170 1226 8
1171 1172 2
1172 1173 12
1172 1228 5
1173 1174 1
1174 1175 9
1174 1230 3
1176 1177 5
1177 1178 15
1177 1233 15
1178 1179 9
1179 1180 8
1179 1235 1
1180 1181 10
1181 1237 1
1182 1183 4
1183 1184 4
1183 1239 13
1184 1185 12
1185 1186 1
1185 1241 3
1186 1187 13
1187 1188 16
1188 1189 15
1189 1190 2
1189 1245 12
1191 1192 19
1191 1247 17
1192 1193 18
1193 1249 11
1194 1195 5
1195 1251 19
1196 1197 15
1197 1198 12
1197 1253 12
1198 1199 4
1199 1200 11
1199 1255 16
1200 1201 1
1201 1202 13
1201 1257 17
1202 1203 13
1203 1204 11
1203 1259 8
1204 1205 4
1205 1206 3
1205 1261 2
1206 1207 17
1207 1263 5
1208 1209 12
1210 1211 10
1211 1212 6
1211 1267 2
1212 1213 2
1213 1214 13
1213 1269 2
1214 1215 15
1215 1216 3
1215 1271 11
1216 1217 2
1217 1218 10
1217 1273 4
1218 1219 8
1219 1220 5
1219 1275 19
1220 1221 19
1221 1222 10
1221 1277 6
1222 1223 11
1223 1224 8
1223 1279 16
1224 1225 11
1225 1226 10
1225 1281 18
1226 1227 10
1227 1228 12
1227 1283 17
1228 1229 11
1229 1230 10
1229 1285 7
1230 1231 12
1231 1287 10
1232 1233 8
1232 1288 18
1233 1234 2
1234 1235 1
1234 1290 7
1235 1236 1
1236 1237 17
1236 1292 14
1237 1238 18
1239 1240 12
1240 1241 1
1241 1242 7
1242 1243 10
1242 1298 2
1243 1244 12
1244 1245 3
1244 1300 19
1245 1246 4
1246 1247 1
1246 1302 2
1248 1249 15
1248 1304 19
1250 1306 15
1251 1252 6
1252 1253 11
1252 1308 5
1253 1254 4
1254 1255 15
1254 1310 7
1255 1256 5
1256 1257 9
1256 1312 8
1257 1258 15
1258 1259 16
1259 1260 14
1260 1261 4
1260 1316 9
1261 1262 1
1262 1263 4
1263 1264 11
1264 1265 13
1264 1320 5
1265 1266 6
1266 1267 2
1266 1322 1
1267 1268 4
1268 1269 6
1268 1324 2
1269 1270 5
1270 1271 17
1270 1326 12
1271 1272 5
1272 1273 15
1273 1274 2
1274 1275 8
1274 1330 18
1275 1276 16
1276 1277 13
1276 1332 17
1278 1279 14
1278 1334 19
1279 1280 19
1280 1281 2
1280 1336 2
1281 1282 1
1282 1283 1
1282 1338 10
1283 1284 14
1284 1285 3
1284 1340 5
1285 1286 2
1286 1287 14
1286 1342 3
1289 1290 4
1289 1345 12
1290 1291 11
1291 1292 9
1291 1347 10
1292 1293 12
1293 1294 9
1293 1349 4
1294 1295 17
1295 1296 1
1296 1297 16
1297 1298 18
1298 1299 12
1299 1355 6
1300 1301 1
1301 1357 18
1302 1303 5
1303 1304 15
1303 1359 9
1304 1305 18
1305 1361 9
1306 1307 11
1307 1308 12
1307 1363 7
1308 1309 16
1309 1310 3
1309 1365 15
1310 1311 10
1311 1312 2
1311 1367 12
1312 1313 11
1313 1314 15
1313 1369 14
1314 1315 11
1315 1371 1
1316 1317 5
1317 1318 14
1317 1373 1
1318 1319 5
1319 1320 5
1319 1375 12
1320 1321 4
1321 1322 15
1321 1377 6
1322 1323 12
1323 1324 9
1324 1325 1
1325 1326 13
1325 1381 10
1326 1327 15
1327 1328 8
1327 1383 1
1329 1330 5
1329 1385 4
1330 1331 16
1331 1332 4
1331 1387 6
1332 1333 5
1333 1334 6
1333 1389 8
1335 1336 7
1335 1391 6
1336 1337 10
1337 1338 1
1337 1393 10
1338 1339 3
1339 1340 19
1340 1341 18
1341 1342 8
1341 1397 3
1342 1343 19
1343 1399 9
1344 1345 5
1344 1400 14
1345 1346 14
1346 1402 18
1347 1348 17
1348 1349 12
1348 1404 4
1349 1350 12
1350 1351 1
1350 1406 11
1351 1352 6
1352 1353 2
1352 1408 1
1353 1354 12
1354 1355 3
1355 1356 10
1356 1357 3
1356 1412 3
1357 1358 9
1358 1359 17
1358 1414 5
1359 1360 7
1360 1361 18
1360 1416 5
1361 1362 9
1362 1363 19
1363 1364 5
1364 1365 1
1364 1420 13
1365 1366 8
1366 1367 16
1366 1422 16
1367 1368 16
1368 1369 9
1368 1424 3
1369 1370 16
1370 1371 8
1370 1426 7
1371 1372 2
1372 1373 7
1372 1428 15
1373 1374 8
1374 1375 1
1374 1430 1
1375 1376 14
1376 1377 1
1376 1432 4
1377 1378 19
1378 1379 1
1378 1434 14
1379 1380 13
1380 1381 16
1380 1436 11
1381 1382 11
1382 1383 8
1382 1438 12
1384 1385 4
1384 1440 10
1385 1386 5
1386 1387 7
1386 1442 8
1387 1388 18
1388 1389 6
1388 1444 14
1389 1390 6
1390 1391 13
1390 1446 4
1391 1392 7
1392 1393 10
1392 1448 13
1393 1394 17
1394 1450 14
1395 1396 6
1396 1397 9
1396 1452 12
1397 1398 11
1398 1399 10
1398 1454 2
1400 1401 15
1401 1402 12
1401 1457 4
1402 1403 9
1403 1404 8
1403 1459 14
1404 1405 13
1405 1406 19
1405 1461 12
1406 1407 3
1407 1408 1
1407 1463 5
1408 1409 15
1409 1410 18
1409 1465 1
1410 1411 17
1411 1412 4
1411 1467 15
1412 1413 6
1413 1414 17
1413 1469 11
1414 1415 17
1415 1471 18
1416 1417 6
1417 1418 9
1417 1473 11
1418 1419 10
1419 1420 8
1419 1475 11
1421 1477 2
1422 1423 15
1423 1424 10
1423 1479 13
1424 1425 13
1425 1426 11
1425 1481 11
1427 1428 7
1427 1483 7
1428 1429 3
1429 1430 5
1429 1485 5
1430 1431 17
1431 1487 5
1432 1433 9
1433 1489 6
1435 1436 1
1435 1491 13
1436 1437 8
1437 1438 5
1438 1439 15
1439 1440 18
1439 1495 6
1440 1441 4
1441 1442 11
1441 1497 19
1442 1443 1
1443 1444 10
1443 1499 16
1444 1445 2
1445 1446 9
1445 1501 17
1446 1447 5
1447 1448 15
1448 1449 15
1449 1450 17
1449 1505 16
1450 1451 4
1451 1452 8
1452 1453 17
1453 1454 1
1453 1509 4
1454 1455 5
1455 1511 9
1456 1457 10
1456 1512 19
1458 1459 12
1458 1514 14
1459 1460 18
1460 1461 18
1460 1516 7
1461 1462 13
1462 1463 7
1462 1518 16
1463 1464 11
1464 1465 16
1464 1520 12
1465 1466 14
1466 1467 14
1466 1522 1
1467 1468 18
1468 1469 1
1468 1524 19
1469 1470 10
1470 1471 9
1471 1472 8
1472 1473 19
1472 1528 7
1473 1474 8
1474 1475 17
1474 1530 8
1475 1476 13
1476 1477 4
1476 1532 17
1477 1478 2
1478 1479 15
1479 1480 10
1480 1481 3
1480 1536 11
1481 1482 1
1482 1483 8
1482 1538 12
1483 1484 18
1484 1485 4
1485 1486 13
1486 1487 13
1486 1542 19
1487 1488 5
1488 1489 9
1488 1544 10
1489 1490 9
1490 1491 16
1490 1546 5
1491 1492 5
1492 1493 1
1492 1548 6
1494 1495 13
1494 1550 5
1495 1496 1
1496 1497 18
1496 1552 17
1497 1498 19
1498 1499 14
1498 1554 14
1499 1500 1
1500 1501 7
1500 1556 19
1501 1502 12
1502 1503 18
1502 1558 1
1503 1504 12
1504 1505 1
1504 1560 2
1505 1506 12
1506 1507 6
1506 1562 6
1507 1508 7
1508 1509 14
1508 1564 6
1509 1510 8
1510 1511 15
1510 1566 16
1512 1513 6
1515 1516 1
1516 1517 16
1517 1518 7
1518 1519 8
1519 1520 16
1520 1521 2
1521 1522 12
1522 1523 9
1523 1524 1
1524 1525 7
1525 1526 1
1526 1527 3
1527 1528 16
1528 1529 12
1529 1530 3
1530 1531 12
1531 1532 14
1532 1533 7
1533 1534 8
1534 1535 14
1535 1536 6
1536 1537 1
1537 1538 4
1538 1539 13
1539 1540 17
1540 1541 4
1542 1543 5
1543 1544 6
1544 1545 3
1545 1546 2
1546 1547 15
1548 1549 10
1549 1550 11
1550 1551 4
1551 1552 13
1552 1553 14
1553 1554 1
1554 1555 3
1555 1556 15
1556 1557 18
1557 1558 18
1558 1559 17
1559 1560 6
1560 1561 15
1562 1563 13
1563 1564 8
1564 1565 4
1
6
10
128
132
307
364
708
1050
