510 1254 1 510 4
1 2 1
1 32 1
2 1 1
2 3 1
3 2 1
3 34 1
4 5 1
5 4 1
5 6 1
5 36 1
6 5 1
7 8 1
7 38 1
8 7 1
8 9 1
9 8 1
9 40 1
10 11 1
11 10 1
11 12 1
11 42 1
12 11 1
12 13 1
13 12 1
13 14 1
13 44 1
14 13 1
14 15 1
15 14 1
15 16 1
15 46 1
16 15 1
16 17 1
17 16 1
17 18 1
17 48 1
18 17 1
18 19 1
19 18 1
19 20 1
19 50 1
20 19 1
20 21 1
21 20 1
21 22 1
21 52 1
22 21 1
22 23 1
23 22 1
23 24 1
23 54 1
24 23 1
24 25 1
25 24 1
25 26 1
25 56 1
26 25 1
26 27 1
27 26 1
27 28 1
27 58 1
28 27 1
28 29 1
29 28 1
29 30 1
29 60 1
30 29 1
30 31 1
31 30 1
31 62 1
32 1 1
32 33 1
33 32 1
33 34 1
33 65 1
34 3 1
34 33 1
35 36 1
35 67 1
36 5 1
36 35 1
36 37 1
37 36 1
37 38 1
38 7 1
38 37 1
39 40 1
40 9 1
40 39 1
40 41 1
41 40 1
41 42 1
41 73 1
42 11 1
42 41 1
42 43 1
43 42 1
43 44 1
43 75 1
44 13 1
44 43 1
44 45 1
45 44 1
45 46 1
45 77 1
46 15 1
46 45 1
46 47 1
47 46 1
47 48 1
47 79 1
48 17 1
48 47 1
48 49 1
49 48 1
49 50 1
49 81 1
50 19 1
50 49 1
50 51 1
51 50 1
51 52 1
51 83 1
52 21 1
52 51 1
53 85 1
54 23 1
54 55 1
55 54 1
55 56 1
55 87 1
56 25 1
56 55 1
56 57 1
57 56 1
57 89 1
58 27 1
58 59 1
59 58 1
59 60 1
59 91 1
60 29 1
60 59 1
60 61 1
61 60 1
61 62 1
61 93 1
62 31 1
62 61 1
62 63 1
63 62 1
63 95 1
64 65 1
64 96 1
65 33 1
65 64 1
65 66 1
66 65 1
66 67 1
66 98 1
67 35 1
67 66 1
67 68 1
68 67 1
68 69 1
68 100 1
69 68 1
69 70 1
70 69 1
70 71 1
70 102 1
71 70 1
71 72 1
72 71 1
72 73 1
73 41 1
73 72 1
74 75 1
74 106 1
75 43 1
75 74 1
76 77 1
77 45 1
77 76 1
77 78 1
78 77 1
78 79 1
78 110 1
79 47 1
79 78 1
79 80 1
80 79 1
80 81 1
80 112 1
81 49 1
81 80 1
81 82 1
82 81 1
82 114 1
83 51 1
83 84 1
84 83 1
84 85 1
85 53 1
85 84 1
85 86 1
86 85 1
86 87 1
86 118 1
87 55 1
87 86 1
87 88 1
88 87 1
88 89 1
88 120 1
89 57 1
89 88 1
89 90 1
90 89 1
90 91 1
90 122 1
91 59 1
91 90 1
92 93 1
93 61 1
93 92 1
93 94 1
94 93 1
94 95 1
95 63 1
95 94 1
96 64 1
96 97 1
97 96 1
97 98 1
97 129 1
98 66 1
98 97 1
98 99 1
99 98 1
99 100 1
99 131 1
100 68 1
100 99 1
100 101 1
101 100 1
101 102 1
101 133 1
102 70 1
102 101 1
102 103 1
103 102 1
103 104 1
103 135 1
104 103 1
104 105 1
105 104 1
105 106 1
105 137 1
106 74 1
106 105 1
106 107 1
107 106 1
107 108 1
107 139 1
108 107 1
108 109 1
109 108 1
109 110 1
110 78 1
110 109 1
111 112 1
111 143 1
112 80 1
112 111 1
112 113 1
113 112 1
113 114 1
113 145 1
114 82 1
114 113 1
115 116 1
115 147 1
116 115 1
117 118 1
117 149 1
118 86 1
118 117 1
118 119 1
119 118 1
119 120 1
119 151 1
120 88 1
120 119 1
120 121 1
121 120 1
121 122 1
121 153 1
122 90 1
122 121 1
122 123 1
123 122 1
123 124 1
123 155 1
124 123 1
124 125 1
125 124 1
125 126 1
125 157 1
126 125 1
126 127 1
127 126 1
127 159 1
128 129 1
128 160 1
129 97 1
129 128 1
130 131 1
130 162 1
131 99 1
131 130 1
131 132 1
132 131 1
132 133 1
132 164 1
133 101 1
133 132 1
133 134 1
134 133 1
134 135 1
134 166 1
135 103 1
135 134 1
135 136 1
136 135 1
136 137 1
137 105 1
137 136 1
137 138 1
138 137 1
138 139 1
138 170 1
139 107 1
139 138 1
139 140 1
140 139 1
140 141 1
140 172 1
141 140 1
141 142 1
142 141 1
142 143 1
143 111 1
143 142 1
144 145 1
144 176 1
145 113 1
145 144 1
145 146 1
146 145 1
146 147 1
147 115 1
147 146 1
147 148 1
148 147 1
148 180 1
149 117 1
149 150 1
150 149 1
150 182 1
151 119 1
151 152 1
152 151 1
152 153 1
152 184 1
153 121 1
153 152 1
153 154 1
154 153 1
154 155 1
155 123 1
155 154 1
155 156 1
156 155 1
156 157 1
156 188 1
157 125 1
157 156 1
158 159 1
158 190 1
159 127 1
159 158 1
160 128 1
160 161 1
161 160 1
161 162 1
161 193 1
162 130 1
162 161 1
163 164 1
163 195 1
164 132 1
164 163 1
165 166 1
165 197 1
166 134 1
166 165 1
166 167 1
167 166 1
168 169 1
169 168 1
169 170 1
170 138 1
170 169 1
170 171 1
171 170 1
171 172 1
171 203 1
172 140 1
172 171 1
173 174 1
173 205 1
174 173 1
174 175 1
175 174 1
175 176 1
175 207 1
176 144 1
176 175 1
176 177 1
177 176 1
177 209 1
178 179 1
179 178 1
179 180 1
180 148 1
180 179 1
180 181 1
181 180 1
181 182 1
181 213 1
182 150 1
182 181 1
182 183 1
183 182 1
183 184 1
184 152 1
184 183 1
185 186 1
185 217 1
186 185 1
186 187 1
187 186 1
187 188 1
187 219 1
188 156 1
188 187 1
188 189 1
189 188 1
189 190 1
189 221 1
190 158 1
190 189 1
191 223 1
192 193 1
192 224 1
193 161 1
193 192 1
193 194 1
194 193 1
194 195 1
194 226 1
195 163 1
195 194 1
195 196 1
196 195 1
196 197 1
196 228 1
197 165 1
197 196 1
197 198 1
198 197 1
198 199 1
198 230 1
199 198 1
200 201 1
200 232 1
201 200 1
201 202 1
202 201 1
202 203 1
203 171 1
203 202 1
203 204 1
204 203 1
204 205 1
204 236 1
205 173 1
205 204 1
205 206 1
206 205 1
206 207 1
206 238 1
207 175 1
207 206 1
207 208 1
208 207 1
208 209 1
208 240 1
209 177 1
209 208 1
209 210 1
210 209 1
210 211 1
210 242 1
211 210 1
212 213 1
212 244 1
213 181 1
213 212 1
213 214 1
214 213 1
214 215 1
214 246 1
215 214 1
215 216 1
216 215 1
216 217 1
216 248 1
217 185 1
217 216 1
217 218 1
218 217 1
218 250 1
219 187 1
219 220 1
220 219 1
220 221 1
221 189 1
221 220 1
221 222 1
222 221 1
222 223 1
223 191 1
223 222 1
224 192 1
224 225 1
225 224 1
225 226 1
225 257 1
226 194 1
226 225 1
226 227 1
227 226 1
227 228 1
227 259 1
228 196 1
228 227 1
228 229 1
229 228 1
229 230 1
229 261 1
230 198 1
230 229 1
230 231 1
231 230 1
231 232 1
232 200 1
232 231 1
232 233 1
233 232 1
233 234 1
233 265 1
234 233 1
234 235 1
235 234 1
235 236 1
235 267 1
236 204 1
236 235 1
237 238 1
237 269 1
238 206 1
238 237 1
238 239 1
239 238 1
239 240 1
239 271 1
240 208 1
240 239 1
240 241 1
241 240 1
241 242 1
241 273 1
242 210 1
242 241 1
242 243 1
243 242 1
243 244 1
243 275 1
244 212 1
244 243 1
244 245 1
245 244 1
245 246 1
245 277 1
246 214 1
246 245 1
246 247 1
247 246 1
247 248 1
247 279 1
248 216 1
248 247 1
248 249 1
249 248 1
249 250 1
249 281 1
250 218 1
250 249 1
251 252 1
251 283 1
252 251 1
253 254 1
253 285 1
254 253 1
254 255 1
255 254 1
255 287 1
256 257 1
256 288 1
257 225 1
257 256 1
257 258 1
258 257 1
258 259 1
258 290 1
259 227 1
259 258 1
259 260 1
260 259 1
260 261 1
260 292 1
261 229 1
261 260 1
261 262 1
262 261 1
262 263 1
263 262 1
263 264 1
264 263 1
264 265 1
264 296 1
265 233 1
265 264 1
265 266 1
266 265 1
266 298 1
267 235 1
268 269 1
268 300 1
269 237 1
269 268 1
269 270 1
270 269 1
270 271 1
270 302 1
271 239 1
271 270 1
271 272 1
272 271 1
272 304 1
273 241 1
273 274 1
274 273 1
274 275 1
274 306 1
275 243 1
275 274 1
276 277 1
276 308 1
277 245 1
277 276 1
277 278 1
278 277 1
278 310 1
279 247 1
279 280 1
280 279 1
280 281 1
281 249 1
281 280 1
281 282 1
282 281 1
282 283 1
282 314 1
283 251 1
283 282 1
283 284 1
284 283 1
284 285 1
284 316 1
285 253 1
285 284 1
285 286 1
286 285 1
286 287 1
286 318 1
287 255 1
287 286 1
288 256 1
288 289 1
289 288 1
289 321 1
290 258 1
290 291 1
291 290 1
291 292 1
292 260 1
292 291 1
292 293 1
293 292 1
293 325 1
294 295 1
295 294 1
295 296 1
295 327 1
296 264 1
296 295 1
296 297 1
297 296 1
297 298 1
297 329 1
298 266 1
298 297 1
298 299 1
299 298 1
299 331 1
300 268 1
300 301 1
301 300 1
301 333 1
302 270 1
302 303 1
303 302 1
303 304 1
303 335 1
304 272 1
304 303 1
304 305 1
305 304 1
305 306 1
305 337 1
306 274 1
306 305 1
306 307 1
307 306 1
307 339 1
308 276 1
308 309 1
309 308 1
309 310 1
309 341 1
310 278 1
310 309 1
310 311 1
311 310 1
311 312 1
311 343 1
312 311 1
312 313 1
313 312 1
313 314 1
313 345 1
314 282 1
314 313 1
314 315 1
315 314 1
315 316 1
315 347 1
316 284 1
316 315 1
316 317 1
317 316 1
317 318 1
317 349 1
318 286 1
318 317 1
318 319 1
319 318 1
319 351 1
320 321 1
320 352 1
321 289 1
321 320 1
321 322 1
322 321 1
322 323 1
322 354 1
323 322 1
323 324 1
324 323 1
324 325 1
324 356 1
325 293 1
325 324 1
325 326 1
326 325 1
326 327 1
326 358 1
327 295 1
327 326 1
327 328 1
328 327 1
328 329 1
328 360 1
329 297 1
329 328 1
330 362 1
331 299 1
331 332 1
332 331 1
332 333 1
332 364 1
333 301 1
333 332 1
333 334 1
334 333 1
334 335 1
334 366 1
335 303 1
335 334 1
335 336 1
336 335 1
336 337 1
337 305 1
337 336 1
338 339 1
338 370 1
339 307 1
339 338 1
339 340 1
340 339 1
340 341 1
340 372 1
341 309 1
341 340 1
341 342 1
342 341 1
342 343 1
342 374 1
343 311 1
343 342 1
343 344 1
344 343 1
344 345 1
344 376 1
345 313 1
345 344 1
345 346 1
346 345 1
346 347 1
346 378 1
347 315 1
347 346 1
347 348 1
348 347 1
348 349 1
348 380 1
349 317 1
349 348 1
350 351 1
350 382 1
351 319 1
351 350 1
352 320 1
352 353 1
353 352 1
353 354 1
353 385 1
354 322 1
354 353 1
355 387 1
356 324 1
357 358 1
357 389 1
358 326 1
358 357 1
358 359 1
359 358 1
359 360 1
359 391 1
360 328 1
360 359 1
360 361 1
361 360 1
361 362 1
361 393 1
362 330 1
362 361 1
362 363 1
363 362 1
363 364 1
363 395 1
364 332 1
364 363 1
364 365 1
365 364 1
365 397 1
366 334 1
366 367 1
367 366 1
367 368 1
367 399 1
368 367 1
369 370 1
369 401 1
370 338 1
370 369 1
370 371 1
371 370 1
371 372 1
371 403 1
372 340 1
372 371 1
372 373 1
373 372 1
373 374 1
374 342 1
374 373 1
374 375 1
375 374 1
375 407 1
376 344 1
376 377 1
377 376 1
377 378 1
378 346 1
378 377 1
379 411 1
380 348 1
380 381 1
381 380 1
381 413 1
382 350 1
382 383 1
383 382 1
383 415 1
384 385 1
384 416 1
385 353 1
385 384 1
385 386 1
386 385 1
386 387 1
387 355 1
387 386 1
387 388 1
388 387 1
388 389 1
388 420 1
389 357 1
389 388 1
390 391 1
390 422 1
391 359 1
391 390 1
391 392 1
392 391 1
392 424 1
393 361 1
394 395 1
394 426 1
395 363 1
395 394 1
395 396 1
396 395 1
396 428 1
397 365 1
397 398 1
398 397 1
398 399 1
398 430 1
399 367 1
399 398 1
399 400 1
400 399 1
400 401 1
400 432 1
401 369 1
401 400 1
401 402 1
402 401 1
402 403 1
402 434 1
403 371 1
403 402 1
404 405 1
405 404 1
405 406 1
406 405 1
406 407 1
406 438 1
407 375 1
407 406 1
407 408 1
408 407 1
408 409 1
409 408 1
409 410 1
410 409 1
410 411 1
410 442 1
411 379 1
411 410 1
411 412 1
412 411 1
412 413 1
412 444 1
413 381 1
413 412 1
414 415 1
414 446 1
415 383 1
415 414 1
416 384 1
416 417 1
417 416 1
417 418 1
417 449 1
418 417 1
418 419 1
419 418 1
419 420 1
419 451 1
420 388 1
420 419 1
420 421 1
421 420 1
421 422 1
421 453 1
422 390 1
422 421 1
423 424 1
423 455 1
424 392 1
424 423 1
424 425 1
425 424 1
425 426 1
425 457 1
426 394 1
426 425 1
426 427 1
427 426 1
427 428 1
427 459 1
428 396 1
428 427 1
428 429 1
429 428 1
429 430 1
429 461 1
430 398 1
430 429 1
430 431 1
431 430 1
431 432 1
431 463 1
432 400 1
432 431 1
433 434 1
433 465 1
434 402 1
434 433 1
435 467 1
436 437 1
437 436 1
437 438 1
437 469 1
438 406 1
438 437 1
438 439 1
439 438 1
439 440 1
439 471 1
440 439 1
440 441 1
441 440 1
441 442 1
441 473 1
442 410 1
442 441 1
442 443 1
443 442 1
443 444 1
443 475 1
444 412 1
444 443 1
444 445 1
445 444 1
445 446 1
445 477 1
446 414 1
446 445 1
446 447 1
447 446 1
447 479 1
448 449 1
448 480 1
449 417 1
449 448 1
449 450 1
450 449 1
450 451 1
450 482 1
451 419 1
451 450 1
452 453 1
452 484 1
453 421 1
453 452 1
453 454 1
454 453 1
454 455 1
455 423 1
455 454 1
455 456 1
456 455 1
456 488 1
457 425 1
458 459 1
458 490 1
459 427 1
459 458 1
460 461 1
461 429 1
461 460 1
461 462 1
462 461 1
462 494 1
463 431 1
463 464 1
464 463 1
464 465 1
465 433 1
465 464 1
465 466 1
466 465 1
466 498 1
467 435 1
467 468 1
468 467 1
468 469 1
468 500 1
469 437 1
469 468 1
469 470 1
470 469 1
470 502 1
471 439 1
471 472 1
472 471 1
472 473 1
472 504 1
473 441 1
473 472 1
473 474 1
474 473 1
474 475 1
474 506 1
475 443 1
475 474 1
475 476 1
476 475 1
476 477 1
476 508 1
477 445 1
477 476 1
477 478 1
478 477 1
478 479 1
478 510 1
479 447 1
479 478 1
480 448 1
480 481 1
481 480 1
481 482 1
482 450 1
482 481 1
482 483 1
483 482 1
483 484 1
484 452 1
484 483 1
484 485 1
485 484 1
485 486 1
486 485 1
486 487 1
487 486 1
487 488 1
488 456 1
488 487 1
489 490 1
490 458 1
490 489 1
491 492 1
492 491 1
492 493 1
493 492 1
493 494 1
494 462 1
494 493 1
494 495 1
495 494 1
495 496 1
496 495 1
496 497 1
497 496 1
497 498 1
498 466 1
498 497 1
498 499 1
499 498 1
499 500 1
500 468 1
500 499 1
500 501 1
501 500 1
501 502 1
502 470 1
502 501 1
502 503 1
503 502 1
503 504 1
504 472 1
504 503 1
504 505 1
505 504 1
505 506 1
506 474 1
506 505 1
506 507 1
507 506 1
507 508 1
508 476 1
508 507 1
508 509 1
509 508 1
509 510 1
510 478 1
510 509 1
1 83 111 315 318 344 418
11 26 142 190 252 346 504
18 109 196 257 296 398 471
77 87 272 290 348 388 457
