448 546 1 448 78
1 2 15
1 30 9
2 3 1
3 4 8
3 32 1
4 5 2
5 6 9
5 34 11
6 7 13
7 8 12
7 36 11
8 9 5
9 10 9
9 38 19
11 12 2
11 40 16
12 13 14
13 14 11
13 42 4
15 16 15
15 44 14
16 17 14
17 18 12
18 19 18
19 48 8
20 21 11
21 22 6
21 50 12
22 23 8
23 24 5
24 25 13
26 27 18
27 56 4
28 29 17
29 58 14
31 32 15
31 61 13
32 33 8
33 34 2
33 63 8
34 35 11
35 36 19
35 65 5
36 37 6
37 38 3
37 67 14
38 39 18
39 40 17
39 69 11
40 41 14
41 42 6
41 71 13
42 43 18
43 44 6
43 73 6
45 46 14
45 75 19
46 47 8
47 48 4
47 77 2
48 49 17
49 50 16
49 79 14
50 51 18
51 52 11
51 81 19
53 54 14
53 83 19
54 55 14
55 56 6
56 57 14
57 58 13
57 87 10
58 59 9
59 89 10
60 61 13
60 90 12
61 62 18
62 63 13
62 92 19
63 64 10
64 65 18
66 67 6
66 96 2
67 68 11
68 69 7
68 98 10
69 70 14
70 71 3
70 100 4
71 72 8
72 73 4
72 102 5
73 74 5
74 75 7
74 104 9
75 76 17
76 77 16
76 106 9
77 78 11
78 79 8
78 108 18
79 80 1
80 81 4
81 82 1
82 83 12
82 112 5
84 85 1
85 86 14
86 87 7
86 116 11
87 88 9
88 89 12
88 118 6
90 91 13
91 92 5
91 121 14
92 93 11
93 123 18
94 95 1
95 96 13
95 125 4
96 97 1
97 98 1
97 127 16
98 99 11
99 100 11
99 129 10
100 101 18
101 102 5
101 131 19
102 103 4
103 104 7
103 133 15
104 105 1
105 106 12
105 135 11
106 107 17
108 109 15
109 110 1
109 139 5
110 111 10
111 112 14
111 141 17
112 113 16
113 114 10
113 143 16
114 115 11
115 116 18
115 145 1
116 117 13
117 118 14
117 147 12
118 119 18
119 149 10
120 121 18
120 150 9
121 122 16
122 123 6
123 124 8
124 125 12
124 154 10
125 126 12
126 127 11
126 156 19
128 129 10
128 158 16
129 130 17
130 131 7
130 160 11
131 132 16
132 133 6
132 162 17
133 134 11
134 135 6
134 164 8
135 136 1
136 137 13
136 166 7
137 138 5
138 139 2
138 168 1
139 140 11
140 141 18
140 170 17
141 142 1
142 143 1
142 172 12
143 144 17
144 145 10
144 174 3
145 146 16
146 147 9
146 176 10
147 148 11
148 178 3
151 152 18
151 181 5
152 153 15
153 154 3
153 183 19
154 155 13
155 185 19
156 157 16
157 158 10
157 187 14
159 160 5
159 189 5
160 161 6
161 162 16
161 191 1
162 163 11
163 164 16
163 193 13
165 166 4
166 167 13
167 168 15
167 197 5
168 169 7
169 170 16
169 199 4
170 171 3
171 201 2
172 173 6
173 174 5
173 203 9
174 175 16
175 205 19
176 177 1
177 178 3
177 207 1
178 179 14
179 209 10
180 181 1
180 210 13
181 182 13
182 212 11
183 184 16
184 214 11
185 186 8
186 187 2
187 188 14
188 218 17
189 190 16
190 191 17
190 220 12
191 192 18
192 193 4
192 222 8
193 194 18
194 195 15
194 224 6
196 197 1
197 198 3
198 228 16
199 200 9
200 201 3
200 230 18
201 202 3
202 203 4
202 232 1
204 205 18
204 234 5
205 206 4
206 207 10
207 208 14
208 209 6
208 238 2
210 211 9
211 212 7
211 241 19
213 214 14
214 215 16
215 216 13
215 245 3
217 247 1
218 219 6
219 249 7
220 221 17
221 222 19
221 251 19
223 253 8
224 225 3
225 226 7
225 255 12
227 228 1
228 229 4
229 230 7
229 259 4
230 231 9
231 232 16
231 261 8
232 233 9
233 234 13
233 263 12
234 235 17
235 236 1
236 237 5
237 238 3
237 267 6
238 239 2
240 241 9
240 270 14
242 272 7
243 244 3
244 245 11
244 274 5
245 246 9
246 247 16
246 276 19
247 248 11
248 278 18
249 250 13
250 251 5
250 280 18
251 252 14
252 282 17
253 254 15
254 255 9
255 256 18
256 257 19
256 286 8
257 258 9
258 259 14
258 288 13
259 260 12
260 290 9
261 262 12
262 263 8
262 292 12
263 264 15
264 265 3
264 294 11
265 266 17
266 296 7
267 268 4
268 269 6
270 271 7
271 272 4
271 301 17
272 273 9
273 274 6
273 303 7
274 275 6
275 276 1
275 305 6
276 277 1
277 307 2
278 279 3
279 309 14
280 281 2
281 311 3
282 283 16
283 284 18
283 313 10
284 285 7
286 287 4
287 288 4
287 317 6
289 319 10
290 291 15
291 292 15
291 321 4
292 293 10
293 294 10
293 323 10
294 295 3
295 296 17
295 325 13
296 297 12
297 298 4
297 327 16
299 329 6
300 301 17
300 330 2
301 302 18
302 303 6
302 332 8
303 304 7
304 305 16
304 334 18
305 306 4
306 307 5
306 336 11
307 308 3
308 338 2
309 310 16
310 311 19
310 340 17
311 312 10
312 342 13
313 314 16
314 315 16
314 344 7
316 317 4
317 318 9
318 319 14
319 320 13
320 321 19
320 350 6
321 322 2
322 323 18
324 325 1
324 354 3
325 326 1
326 327 18
326 356 17
327 328 12
328 329 1
328 358 14
330 331 14
331 361 12
332 333 14
333 334 15
333 363 9
334 335 6
335 336 1
335 365 6
337 338 13
337 367 19
338 339 10
339 340 18
339 369 8
341 342 14
341 371 19
342 343 9
343 344 11
343 373 11
344 345 16
345 346 11
345 375 12
347 377 3
348 349 14
349 350 8
349 379 7
350 351 9
351 352 3
351 381 2
352 353 12
353 354 2
353 383 5
355 356 11
355 385 8
356 357 2
357 358 2
357 387 16
358 359 2
359 389 10
360 361 2
360 390 12
361 362 1
362 363 6
362 392 14
363 364 6
364 365 15
364 394 18
365 366 14
366 367 13
366 396 15
368 369 9
368 398 14
369 370 13
370 371 19
371 372 12
372 373 4
372 402 19
373 374 16
374 404 14
375 376 13
376 377 10
376 406 17
377 378 15
378 379 14
378 408 15
379 380 18
380 381 18
380 410 8
382 383 2
382 412 11
383 384 18
384 385 7
385 386 7
386 387 16
386 416 16
387 388 8
388 389 16
388 418 18
391 392 3
391 420 12
392 393 3
393 394 9
394 395 13
395 396 4
395 424 3
396 397 17
397 398 17
397 426 15
398 399 17
399 400 6
399 428 11
400 401 18
401 402 2
401 430 1
402 403 18
403 432 16
404 405 1
405 406 5
406 407 6
407 408 12
407 436 19
408 409 14
409 438 17
410 411 18
411 440 18
412 413 10
413 414 19
413 442 17
414 415 3
415 444 3
417 446 19
418 419 6
419 448 10
420 421 17
421 422 4
422 423 1
424 425 12
425 426 16
426 427 4
427 428 11
429 430 9
430 431 9
431 432 14
432 433 19
433 434 10
434 435 17
435 436 12
436 437 15
437 438 19
438 439 8
440 441 4
442 443 11
443 444 2
444 445 10
445 446 8
446 447 10
447 448 9
10
22
28
29
37
50
63
64
68
69
80
82
83
87
91
94
95
96
100
103
122
123
124
130
133
135
142
144
148
162
169
174
183
191
194
208
217
236
237
246
255
256
257
260
266
267
276
278
290
301
310
312
314
316
321
323
324
333
337
338
343
345
351
352
359
364
365
368
376
378
389
401
408
412
425
429
430
442
