1456 1920 1 1456 51
1 2 8
1 54 14
2 3 16
3 4 1
3 56 15
4 5 16
5 6 11
5 58 19
6 7 4
7 8 15
7 60 18
9 10 10
9 62 18
11 12 6
11 64 7
12 13 18
13 14 11
13 66 5
14 15 15
15 16 17
15 68 9
16 17 2
17 18 5
17 70 16
18 19 18
19 20 11
19 72 10
20 21 4
21 22 7
21 74 12
22 23 16
23 76 13
24 25 4
25 78 9
26 27 1
27 28 16
27 80 19
28 29 8
29 30 15
29 82 6
30 31 5
31 32 2
32 33 18
33 34 17
33 86 10
34 35 17
35 36 17
35 88 12
36 37 1
37 38 5
37 90 11
38 39 9
39 40 14
39 92 3
40 41 9
41 42 19
41 94 2
42 43 4
43 44 3
43 96 3
45 46 14
46 47 11
47 48 17
47 100 2
48 49 6
49 50 2
49 102 15
50 51 8
51 52 16
51 104 1
52 53 5
53 106 1
55 56 13
55 109 14
56 57 19
57 58 14
57 111 8
58 59 13
59 60 8
60 61 11
61 62 9
61 115 14
62 63 17
63 64 3
64 65 6
65 66 1
65 119 10
66 67 2
67 68 1
68 69 11
69 70 2
69 123 14
70 71 10
71 72 6
71 125 18
73 127 15
74 75 4
75 76 14
75 129 14
76 77 7
77 78 11
77 131 1
78 79 2
79 80 12
79 133 9
80 81 16
81 82 7
81 135 1
82 83 17
83 84 15
83 137 2
84 85 16
85 86 4
85 139 16
86 87 5
87 88 18
87 141 18
89 90 4
89 143 19
91 92 1
91 145 17
92 93 12
93 94 12
93 147 16
94 95 13
95 96 7
95 149 8
96 97 11
97 98 11
97 151 18
98 99 5
99 100 15
99 153 17
101 102 11
101 155 7
102 103 3
103 104 19
103 157 2
104 105 5
105 106 19
105 159 16
106 107 9
107 161 2
108 109 16
108 162 15
109 110 1
110 111 12
110 164 4
111 112 12
112 113 7
112 166 8
113 114 19
114 115 1
114 168 7
115 116 13
116 117 9
116 170 5
117 118 4
118 172 8
120 121 4
120 174 13
121 122 2
122 123 11
122 176 9
123 124 2
124 125 5
124 178 3
125 126 15
126 127 3
126 180 4
127 128 5
128 129 12
128 182 4
129 130 10
130 184 18
131 132 8
132 133 15
132 186 11
133 134 17
134 135 8
135 136 18
136 190 6
138 139 2
138 192 14
139 140 16
140 194 10
141 142 10
142 196 19
143 144 1
144 145 16
144 198 15
145 146 13
146 147 5
146 200 13
147 148 4
148 149 6
148 202 12
149 150 19
150 151 8
150 204 10
151 152 12
152 153 1
152 206 2
153 154 8
154 155 15
154 208 1
155 156 6
156 157 12
156 210 8
157 158 13
158 159 2
158 212 9
159 160 6
160 161 15
160 214 14
162 163 12
163 164 16
164 165 10
165 166 16
165 219 8
166 167 2
167 168 15
167 221 7
168 169 11
169 170 8
169 223 4
170 171 17
171 225 17
172 173 19
173 227 19
175 176 17
175 229 1
176 177 3
177 178 8
177 231 16
178 179 6
179 180 12
179 233 8
180 181 16
181 182 4
181 235 9
182 183 13
183 184 18
183 237 6
184 185 11
185 186 9
185 239 10
186 187 7
187 188 7
187 241 17
188 189 12
189 190 13
189 243 9
190 191 1
191 192 13
191 245 8
193 194 8
193 247 13
194 195 2
195 196 19
195 249 19
196 197 6
197 198 16
197 251 9
198 199 6
199 200 18
200 201 8
201 202 16
201 255 8
202 203 1
203 204 17
203 257 16
204 205 9
207 208 12
207 261 1
208 209 12
209 210 2
209 263 16
210 211 16
211 212 14
212 213 18
213 214 4
213 267 7
214 215 5
215 269 1
216 217 16
217 218 11
218 219 9
218 272 12
219 220 16
220 221 2
220 274 2
221 222 16
222 223 1
222 276 15
223 224 8
224 225 15
224 278 3
225 226 18
226 227 6
226 280 15
227 228 3
228 229 8
228 282 7
229 230 15
230 231 6
230 284 10
231 232 12
232 233 19
233 234 17
234 235 16
234 288 15
235 236 8
236 237 2
236 290 17
238 239 13
238 292 3
239 240 6
240 241 16
240 294 7
241 242 15
242 243 16
242 296 10
243 244 6
244 245 4
244 298 15
245 246 17
246 247 9
246 300 6
247 248 7
248 249 10
248 302 17
249 250 17
250 251 3
250 304 14
251 252 2
252 253 10
252 306 17
253 254 15
254 255 15
254 308 14
255 256 14
256 257 15
256 310 7
257 258 10
258 259 10
258 312 8
259 260 19
260 261 19
260 314 5
261 262 16
262 263 11
262 316 8
263 264 11
264 265 10
264 318 7
265 266 5
266 267 6
266 320 17
267 268 12
268 269 2
268 322 18
270 271 8
271 272 1
271 325 12
272 273 1
273 274 16
273 327 15
274 275 7
275 276 16
275 329 16
276 277 16
277 278 1
277 331 9
278 279 7
279 280 17
280 281 18
281 335 3
283 284 10
283 337 3
284 285 4
285 286 1
285 339 12
287 341 9
288 289 12
289 290 2
289 343 14
290 291 4
291 292 5
291 345 10
292 293 8
293 294 13
293 347 17
294 295 4
295 296 3
296 297 2
297 298 5
297 351 5
298 299 13
299 300 17
299 353 12
300 301 17
301 302 15
301 355 18
302 303 15
303 304 12
303 357 14
305 306 1
305 359 18
306 307 8
307 308 14
307 361 3
308 309 8
309 310 1
309 363 15
310 311 13
311 312 14
311 365 17
312 313 18
314 315 2
315 316 15
315 369 17
317 318 17
317 371 6
318 319 15
319 320 2
319 373 17
320 321 13
321 322 5
321 375 4
323 377 16
324 325 5
324 378 17
325 326 12
326 327 16
326 380 11
327 328 1
328 329 18
328 382 6
329 330 13
330 331 4
331 332 1
332 333 18
332 386 6
333 334 16
334 335 14
334 388 4
335 336 7
336 337 18
336 390 2
337 338 6
338 339 7
338 392 3
339 340 15
340 341 2
340 394 9
341 342 1
343 344 18
344 345 18
344 398 11
345 346 8
346 347 5
346 400 4
347 348 19
348 349 10
348 402 17
349 350 12
350 351 1
350 404 1
351 352 3
352 353 7
352 406 5
353 354 11
354 355 2
354 408 17
355 356 15
356 410 16
357 358 4
358 359 15
358 412 9
359 360 13
360 361 5
360 414 7
361 362 3
362 363 1
362 416 13
363 364 8
364 365 19
364 418 8
365 366 9
366 367 1
366 420 14
367 368 15
368 369 17
368 422 17
369 370 6
370 371 6
370 424 6
371 372 10
372 373 1
372 426 14
373 374 15
374 428 14
375 376 18
376 377 18
376 430 5
378 379 7
379 380 9
379 433 17
380 381 8
381 435 10
382 383 3
383 384 1
383 437 1
384 385 1
385 439 4
386 387 2
387 388 18
387 441 14
388 389 7
389 390 2
389 443 18
390 391 16
391 392 19
391 445 12
392 393 12
393 394 10
393 447 14
394 395 2
395 396 15
395 449 17
396 397 10
397 398 3
397 451 13
399 400 17
401 402 2
401 455 1
402 403 16
403 404 11
403 457 16
405 406 12
405 459 16
406 407 13
407 408 16
407 461 9
408 409 15
409 463 15
411 412 8
411 465 14
412 413 4
413 414 10
413 467 12
414 415 6
415 416 12
415 469 10
417 418 1
417 471 10
418 419 18
419 420 16
419 473 15
420 421 8
421 422 7
421 475 19
422 423 4
423 424 16
423 477 8
424 425 18
426 427 11
427 428 16
427 481 16
428 429 4
429 430 9
430 431 18
431 485 1
432 433 14
433 434 5
434 435 2
434 488 10
435 436 15
436 437 18
436 490 18
437 438 19
438 439 15
439 440 15
440 441 10
440 494 11
442 443 3
442 496 3
443 444 17
444 498 3
446 500 8
447 448 1
448 502 10
449 450 11
450 451 18
450 504 19
451 452 8
452 453 19
452 506 6
453 454 11
454 455 4
454 508 3
455 456 9
456 457 17
456 510 17
457 458 1
458 459 11
458 512 15
460 461 4
460 514 16
461 462 12
462 463 5
463 464 2
464 518 6
465 466 16
466 467 6
466 520 17
467 468 3
468 469 9
468 522 1
469 470 16
470 471 1
470 524 3
471 472 12
472 473 16
472 526 7
473 474 16
474 475 8
474 528 11
475 476 16
476 477 15
476 530 17
477 478 11
478 479 7
478 532 1
479 480 13
480 481 6
480 534 15
481 482 18
482 483 1
482 536 14
483 484 13
484 485 4
484 538 14
486 487 16
487 488 18
487 541 8
489 490 1
490 491 6
491 492 7
491 545 15
492 493 8
493 494 12
494 495 3
495 496 17
495 549 10
496 497 16
497 498 17
497 551 10
499 500 4
499 553 2
500 501 9
501 502 2
501 555 8
502 503 15
503 504 13
503 557 11
504 505 11
505 506 13
505 559 2
506 507 16
507 508 13
508 509 2
509 510 17
509 563 15
510 511 9
511 512 1
511 565 16
512 513 9
513 567 1
514 515 1
515 516 10
517 518 15
517 571 19
518 519 18
519 520 11
519 573 11
520 521 2
521 522 15
521 575 12
522 523 1
523 524 3
523 577 19
524 525 10
525 579 12
526 527 9
527 528 5
527 581 8
528 529 13
529 530 15
529 583 15
530 531 8
531 532 7
531 585 11
532 533 18
533 534 13
533 587 17
534 535 10
535 536 2
535 589 10
536 537 16
537 538 2
537 591 18
538 539 7
539 593 13
540 541 1
540 594 15
541 542 6
542 543 18
542 596 8
543 544 14
544 598 17
545 546 1
546 547 9
546 600 15
547 548 1
548 549 18
548 602 17
549 550 8
550 551 14
550 604 2
551 552 7
552 553 5
552 606 9
553 554 10
554 555 9
554 608 18
555 556 18
556 557 1
557 558 15
558 559 2
558 612 2
559 560 11
560 561 3
560 614 14
561 562 17
562 563 3
562 616 19
563 564 7
564 565 14
564 618 1
565 566 17
566 567 5
566 620 8
567 568 2
568 622 19
569 570 5
570 571 14
570 624 9
571 572 15
572 573 15
572 626 7
573 574 19
574 575 4
574 628 1
575 576 10
576 577 4
576 630 8
578 632 10
579 580 17
580 581 13
580 634 2
581 582 5
582 583 10
582 636 2
583 584 17
584 585 17
584 638 6
585 586 10
586 587 18
586 640 14
587 588 19
588 589 2
588 642 17
589 590 5
590 591 2
590 644 17
591 592 17
592 646 16
594 595 15
595 649 15
596 597 4
597 598 13
597 651 13
598 599 5
599 600 14
599 653 14
601 602 16
601 655 7
602 603 13
603 604 10
603 657 10
604 605 18
605 606 8
605 659 11
606 607 7
607 608 5
607 661 18
608 609 4
609 610 2
609 663 17
610 611 18
611 612 15
611 665 3
612 613 19
613 614 6
613 667 17
614 615 2
615 616 12
615 669 9
616 617 11
617 618 15
617 671 10
618 619 1
619 620 4
620 621 1
621 622 4
621 675 10
622 623 8
623 624 14
623 677 8
624 625 10
625 626 3
625 679 16
626 627 9
627 628 8
627 681 9
628 629 13
629 630 11
630 631 16
631 632 16
631 685 9
632 633 1
633 687 9
634 635 12
635 636 17
636 637 16
637 638 19
637 691 18
639 640 16
639 693 5
640 641 2
641 642 15
641 695 17
642 643 1
643 644 15
643 697 2
644 645 14
645 646 15
645 699 8
646 647 14
647 701 19
648 649 8
648 702 19
649 650 17
650 704 7
651 652 5
652 653 6
652 706 1
653 654 11
654 655 1
654 708 16
655 656 15
656 657 12
656 710 10
657 658 2
658 659 1
658 712 16
659 660 3
660 661 9
660 714 16
661 662 9
662 663 3
662 716 9
663 664 9
664 665 16
664 718 10
665 666 14
666 667 4
667 668 16
668 669 17
668 722 6
669 670 7
670 671 13
672 673 15
672 726 5
673 674 2
674 675 9
674 728 2
675 676 16
676 677 2
676 730 9
677 678 5
678 679 10
678 732 1
679 680 6
680 681 9
681 682 7
682 683 9
682 736 10
683 684 13
684 685 10
684 738 5
685 686 7
686 687 2
686 740 18
687 688 17
688 689 12
688 742 19
689 690 12
690 744 11
691 692 17
692 746 16
693 694 18
694 695 1
694 748 1
695 696 16
696 697 10
696 750 10
697 698 6
698 699 18
698 752 9
699 700 11
700 754 2
703 704 13
703 757 18
704 705 16
705 706 5
705 759 19
706 707 3
707 708 15
707 761 18
708 709 4
709 710 16
709 763 6
711 712 4
711 765 7
712 713 4
713 714 14
713 767 3
714 715 12
715 716 11
715 769 18
716 717 1
717 718 4
717 771 7
718 719 15
719 720 1
719 773 3
720 721 7
721 722 2
723 777 17
724 725 18
725 726 8
725 779 6
726 727 12
727 781 17
728 729 9
729 783 11
730 731 5
731 732 9
731 785 15
732 733 10
733 734 14
733 787 2
734 735 13
735 736 16
735 789 8
736 737 16
738 739 15
739 793 19
740 741 9
741 742 18
741 795 13
742 743 2
743 744 6
743 797 2
744 745 12
745 746 1
745 799 1
746 747 17
747 748 1
747 801 7
748 749 14
749 750 12
749 803 12
750 751 1
751 752 16
751 805 19
752 753 13
753 754 8
753 807 2
754 755 5
755 809 10
756 757 6
756 810 16
757 758 6
758 759 14
759 760 16
760 761 17
761 762 13
762 763 6
762 816 12
763 764 12
764 765 8
764 818 9
765 766 16
766 767 17
766 820 10
767 768 3
768 769 11
768 822 12
769 770 10
770 771 15
770 824 8
771 772 7
772 773 11
772 826 18
773 774 2
774 775 16
774 828 11
775 776 10
776 777 17
776 830 4
777 778 6
778 779 12
778 832 10
779 780 16
780 781 13
780 834 3
781 782 9
782 783 18
782 836 5
783 784 1
784 785 15
785 786 12
786 787 13
786 840 5
787 788 18
788 789 7
788 842 16
789 790 13
790 791 5
790 844 11
791 792 12
792 793 11
792 846 7
793 794 11
794 795 6
794 848 1
795 796 18
796 797 9
796 850 18
797 798 8
798 799 15
798 852 2
799 800 1
800 801 14
800 854 3
801 802 7
802 803 6
802 856 14
803 804 17
804 805 13
804 858 10
805 806 16
806 807 5
806 860 14
807 808 9
808 862 8
810 811 1
812 813 8
813 814 4
813 867 1
814 815 15
815 816 6
815 869 3
816 817 6
817 818 13
817 871 8
818 819 5
819 820 9
819 873 3
820 821 18
821 822 18
821 875 1
822 823 17
823 824 9
823 877 15
824 825 3
825 879 6
826 827 16
827 828 15
828 829 4
829 830 14
829 883 9
830 831 8
831 832 1
831 885 2
832 833 2
833 834 10
833 887 18
834 835 8
835 836 6
835 889 17
836 837 16
837 838 13
839 893 13
840 841 18
841 895 16
842 843 4
843 844 12
843 897 4
844 845 6
845 846 6
845 899 9
846 847 7
847 848 18
847 901 19
848 849 16
849 850 13
849 903 17
850 851 1
851 852 17
852 853 8
853 854 12
853 907 7
854 855 3
855 856 11
855 909 3
856 857 13
857 858 12
857 911 12
858 859 8
859 913 5
861 862 13
861 915 9
862 863 13
863 917 11
864 865 14
864 918 18
865 866 16
866 867 12
866 920 6
867 868 10
868 869 12
868 922 5
869 870 7
870 871 2
872 873 15
872 926 14
873 874 10
874 875 4
874 928 6
875 876 2
876 877 15
876 930 13
877 878 5
878 879 6
878 932 9
879 880 17
880 881 18
880 934 13
881 882 7
882 883 18
882 936 11
883 884 5
884 885 8
885 886 5
886 940 14
887 888 14
888 889 3
888 942 6
889 890 1
890 944 17
891 892 6
892 893 18
893 894 1
894 895 4
894 948 15
895 896 10
896 897 17
896 950 4
897 898 9
898 899 11
898 952 19
899 900 7
900 901 7
900 954 1
901 902 18
902 903 3
902 956 5
903 904 15
904 905 4
904 958 1
905 906 2
906 907 3
906 960 18
907 908 10
908 962 1
909 910 15
910 911 16
910 964 8
911 912 5
912 913 11
912 966 12
913 914 4
914 915 4
914 968 12
915 916 6
916 917 11
916 970 16
918 919 4
919 920 6
919 973 2
920 921 13
922 923 16
923 977 3
924 925 1
925 926 14
925 979 14
926 927 10
927 928 6
928 929 16
929 930 18
929 983 16
930 931 2
931 985 19
932 933 16
933 934 8
933 987 17
934 935 12
935 936 5
935 989 13
937 938 4
937 991 12
938 939 4
939 993 11
940 941 1
941 942 5
941 995 7
942 943 18
943 944 9
944 945 4
945 946 18
945 999 9
946 947 9
947 948 14
947 1001 18
948 949 5
949 950 9
951 952 3
951 1005 2
952 953 2
953 954 1
953 1007 7
954 955 2
955 956 5
955 1009 1
956 957 13
957 958 4
959 960 14
959 1013 2
960 961 12
961 962 6
961 1015 1
962 963 13
963 964 17
963 1017 4
964 965 19
965 966 17
965 1019 4
966 967 15
967 968 8
967 1021 13
968 969 8
969 970 11
969 1023 16
970 971 2
971 1025 17
972 973 11
972 1026 2
973 974 11
974 975 14
974 1028 8
975 976 11
976 977 1
976 1030 17
977 978 17
978 979 17
978 1032 10
979 980 17
980 981 1
980 1034 6
982 983 5
982 1036 17
983 984 4
984 985 2
984 1038 6
985 986 3
986 987 15
986 1040 14
988 989 19
988 1042 13
989 990 14
990 991 13
990 1044 9
992 993 2
992 1046 18
993 994 8
994 995 7
994 1048 7
995 996 6
996 997 9
996 1050 13
997 998 16
998 999 14
998 1052 3
999 1000 5
1000 1001 5
1000 1054 1
1001 1002 18
1002 1003 4
1002 1056 3
1003 1004 17
1004 1005 10
1004 1058 17
1005 1006 12
1006 1007 3
1006 1060 10
1007 1008 17
1008 1009 5
1008 1062 16
1009 1010 19
1010 1011 5
1010 1064 15
1011 1012 8
1012 1013 10
1012 1066 14
1013 1014 6
1014 1015 14
1014 1068 14
1015 1016 6
1016 1017 17
1016 1070 5
1017 1018 8
1018 1019 7
1018 1072 16
1020 1021 11
1020 1074 7
1021 1022 3
1022 1023 9
1023 1024 19
1024 1025 4
1024 1078 16
1026 1027 1
1027 1028 13
1027 1081 10
1028 1029 14
1029 1030 3
1029 1083 5
1030 1031 3
1031 1085 1
1032 1033 2
1033 1034 9
1033 1087 13
1034 1035 3
1035 1089 9
1037 1038 8
1037 1091 5
1038 1039 1
1039 1040 1
1040 1041 5
1041 1042 11
1041 1095 17
1042 1043 5
1043 1044 5
1044 1045 7
1045 1046 1
1045 1099 13
1046 1047 14
1047 1048 11
1047 1101 2
1048 1049 11
1049 1050 12
1050 1051 8
1051 1052 4
1051 1105 11
1052 1053 15
1053 1054 7
1053 1107 8
1054 1055 1
1055 1056 4
1055 1109 19
1056 1057 12
1057 1058 9
1057 1111 1
1058 1059 12
1059 1060 5
1059 1113 3
1060 1061 12
1061 1062 2
1061 1115 5
1062 1063 14
1063 1064 10
1063 1117 5
1064 1065 2
1065 1119 18
1066 1067 17
1067 1068 5
1067 1121 16
1068 1069 16
1069 1070 14
1069 1123 19
1070 1071 1
1071 1072 10
1071 1125 4
1072 1073 6
1073 1074 9
1073 1127 16
1074 1075 4
1075 1076 3
1075 1129 6
1077 1078 16
1077 1131 19
1078 1079 13
1079 1133 1
1080 1081 7
1080 1134 14
1081 1082 6
1082 1083 14
1082 1136 12
1083 1084 9
1084 1085 5
1086 1087 12
1086 1140 14
1087 1088 11
1088 1089 18
1088 1142 18
1089 1090 13
1090 1091 5
1090 1144 10
1091 1092 18
1092 1093 3
1093 1094 6
1094 1095 13
1094 1148 7
1095 1096 10
1096 1097 12
1096 1150 18
1097 1098 1
1098 1099 1
1098 1152 1
1099 1100 2
1100 1101 9
1100 1154 11
1101 1102 11
1102 1103 15
1102 1156 8
1103 1104 11
1104 1105 7
1104 1158 17
1105 1106 15
1106 1107 2
1106 1160 19
1107 1108 11
1108 1109 5
1108 1162 6
1109 1110 9
1110 1111 7
1110 1164 15
1111 1112 4
1112 1113 1
1113 1114 10
1114 1115 6
1114 1168 11
1115 1116 12
1116 1117 7
1116 1170 13
1117 1118 15
1118 1119 16
1118 1172 6
1119 1120 7
1120 1121 14
1120 1174 13
1121 1122 9
1122 1123 16
1122 1176 3
1123 1124 17
1126 1127 6
1126 1180 17
1128 1182 12
1129 1130 18
1130 1131 9
1130 1184 2
1131 1132 6
1132 1133 12
1132 1186 8
1134 1135 2
1135 1136 17
1136 1137 10
1137 1138 12
1137 1191 10
1138 1139 16
1139 1140 7
1139 1193 2
1140 1141 16
1141 1142 1
1141 1195 8
1142 1143 9
1143 1144 6
1143 1197 17
1144 1145 9
1145 1146 9
1145 1199 7
1146 1147 12
1147 1148 12
1147 1201 6
1148 1149 1
1149 1150 9
1149 1203 13
1150 1151 12
1151 1152 1
1151 1205 13
1152 1153 6
1153 1154 12
1154 1155 14
1155 1156 5
1155 1209 3
1156 1157 15
1157 1158 19
1157 1211 2
1158 1159 18
1159 1160 10
1160 1161 6
1161 1162 6
1161 1215 4
1162 1163 16
1163 1164 10
1163 1217 11
1164 1165 12
1165 1166 18
1165 1219 11
1166 1167 6
1167 1221 4
1168 1169 1
1169 1223 14
1170 1171 1
1172 1173 10
1173 1174 17
1173 1227 4
1174 1175 14
1175 1176 6
1175 1229 11
1176 1177 4
1177 1178 9
1178 1179 14
1179 1180 3
1179 1233 14
1180 1181 8
1181 1182 15
1181 1235 10
1183 1184 9
1183 1237 17
1184 1185 7
1185 1186 9
1185 1239 3
1186 1187 13
1188 1189 13
1189 1190 16
1190 1191 8
1190 1244 19
1191 1192 15
1192 1193 18
1192 1246 12
1193 1194 16
1194 1195 8
1194 1248 9
1195 1196 8
1196 1197 1
1196 1250 8
1197 1198 15
1198 1199 18
1198 1252 5
1199 1200 6
1200 1201 14
1200 1254 3
1201 1202 7
1202 1203 14
1202 1256 7
1204 1205 8
1204 1258 4
1205 1206 7
1206 1207 1
1206 1260 17
1207 1208 8
1208 1209 10
1208 1262 10
1209 1210 15
1210 1264 13
1211 1212 1
1212 1213 8
1212 1266 2
1213 1214 4
1214 1215 8
1214 1268 2
1215 1216 14
1216 1217 5
1216 1270 12
1217 1218 6
1218 1219 8
1218 1272 2
1219 1220 5
1220 1221 2
1220 1274 13
1221 1222 10
1222 1223 16
1222 1276 8
1223 1224 10
1224 1225 8
1224 1278 7
1225 1226 11
1226 1227 3
1226 1280 12
1227 1228 2
1228 1229 6
1229 1230 12
1230 1231 12
1230 1284 12
1231 1232 13
1232 1233 1
1232 1286 13
1233 1234 3
1234 1235 19
1234 1288 1
1236 1237 18
1236 1290 9
1237 1238 9
1238 1239 18
1238 1292 18
1239 1240 4
1240 1241 14
1240 1294 2
1242 1243 5
1243 1244 11
1243 1297 2
1244 1245 2
1245 1246 6
1245 1299 1
1246 1247 15
1247 1248 3
1247 1301 12
1248 1249 8
1249 1250 10
1249 1303 10
1250 1251 3
1251 1252 15
1251 1305 2
1252 1253 15
1253 1254 18
1253 1307 12
1254 1255 12
1255 1256 18
1255 1309 13
1256 1257 7
1257 1258 18
1257 1311 10
1259 1260 12
1259 1313 19
1260 1261 3
1261 1262 12
1261 1315 7
1262 1263 7
1263 1264 17
1263 1317 8
1264 1265 14
1265 1266 19
1265 1319 3
1266 1267 16
1267 1268 2
1267 1321 10
1268 1269 13
1269 1270 3
1269 1323 15
1270 1271 14
1271 1272 10
1271 1325 3
1272 1273 10
1273 1274 10
1273 1327 12
1275 1276 14
1275 1329 13
1276 1277 5
1277 1278 14
1277 1331 16
1279 1333 19
1280 1281 2
1281 1282 11
1281 1335 4
1283 1284 3
1283 1337 14
1284 1285 9
1285 1286 2
1285 1339 7
1286 1287 8
1287 1288 14
1288 1289 12
1289 1343 4
1290 1291 10
1291 1292 4
1291 1345 2
1292 1293 3
1293 1294 14
1293 1347 11
1294 1295 14
1295 1349 6
1296 1297 10
1296 1350 15
1297 1298 13
1298 1299 3
1298 1352 4
1299 1300 9
1300 1301 17
1300 1354 18
1301 1302 19
1302 1303 1
1302 1356 17
1303 1304 12
1304 1305 3
1304 1358 7
1305 1306 18
1306 1307 14
1306 1360 3
1307 1308 6
1308 1309 6
1308 1362 4
1309 1310 2
1310 1311 15
1310 1364 3
1311 1312 14
1312 1313 3
1312 1366 15
1314 1315 14
1314 1368 17
1315 1316 11
1316 1317 7
1316 1370 18
1317 1318 4
1318 1319 17
1318 1372 13
1319 1320 10
1320 1321 4
1320 1374 18
1321 1322 17
1322 1323 3
1322 1376 4
1323 1324 3
1324 1325 4
1324 1378 5
1325 1326 7
1326 1327 3
1326 1380 11
1327 1328 17
1328 1329 9
1328 1382 7
1330 1331 14
1330 1384 17
1331 1332 16
1332 1333 6
1332 1386 19
1334 1335 7
1334 1388 10
1335 1336 18
1336 1337 16
1336 1390 9
1338 1339 5
1338 1392 12
1339 1340 18
1340 1341 1
1340 1394 13
1341 1342 14
1342 1343 7
1343 1344 12
1344 1345 14
1344 1398 10
1345 1346 3
1346 1347 6
1346 1400 10
1347 1348 15
1348 1349 17
1348 1402 16
1350 1351 1
1351 1352 4
1351 1404 16
1352 1353 2
1353 1354 5
1353 1406 16
1354 1355 12
1356 1357 1
1357 1358 9
1357 1410 15
1358 1359 8
1359 1360 2
1359 1412 7
1360 1361 16
1361 1414 19
1362 1363 5
1363 1364 15
1364 1365 7
1365 1366 11
1365 1418 8
1366 1367 2
1367 1368 1
1367 1420 10
1369 1370 10
1369 1422 15
1370 1371 12
1371 1372 12
1371 1424 3
1372 1373 16
1373 1374 15
1373 1426 14
1374 1375 16
1375 1376 15
1375 1428 8
1376 1377 16
1377 1378 17
1377 1430 4
1378 1379 3
1379 1380 3
1379 1432 13
1380 1381 8
1381 1434 9
1382 1383 1
1383 1384 16
1383 1436 11
1385 1386 17
1385 1438 13
1386 1387 10
1387 1388 13
1387 1440 14
1389 1390 16
1389 1442 4
1390 1391 5
1391 1392 5
1391 1444 16
1392 1393 4
1393 1446 16
1394 1395 7
1395 1396 9
1395 1448 5
1396 1397 6
1397 1398 3
1397 1450 6
1398 1399 13
1399 1400 14
1399 1452 14
1401 1402 11
1401 1454 19
1402 1403 15
1403 1456 19
1404 1405 15
1405 1406 14
1406 1407 10
1408 1409 11
1409 1410 16
1410 1411 8
1411 1412 18
1412 1413 2
1413 1414 5
1414 1415 15
1415 1416 9
1416 1417 17
1417 1418 2
1418 1419 14
1419 1420 5
1420 1421 6
1421 1422 11
1422 1423 4
1423 1424 1
1424 1425 16
1425 1426 12
1426 1427 19
1427 1428 1
1428 1429 3
1429 1430 6
1430 1431 4
1431 1432 10
1432 1433 10
1433 1434 16
1435 1436 1
1436 1437 16
1437 1438 3
1438 1439 3
1439 1440 11
1440 1441 19
1442 1443 12
1443 1444 17
1444 1445 6
1445 1446 5
1446 1447 18
1447 1448 5
1448 1449 13
1449 1450 9
1450 1451 3
1451 1452 11
1452 1453 6
1453 1454 10
1454 1455 9
1455 1456 18
12 122 528 702
15 83 970 1249
19 106 752 798
23 168 301 455
24 177 276 1333
30 680 688 1450
37 57 120 860
42 730 1286 1382
67 285 712 956
89 229 645 1225
93 819 1203 1319
95 152 170 768
103 236 465 1346
105 463 495 524
119 1073 1323 1448
125 416 1019 1150
129 800 1154 1386
142 452 1079 1443
147 467 722 1424
163 305 1214 1230
174 428 954 1279
180 252 313 570
181 700 889 1447
191 288 847 1344
205 400 544 978
211 704 920 983
234 364 1059 1304
240 441 1000 1251
244 596 1064 1289
246 858 1385 1390
249 508 1078 1080
267 600 1098 1153
282 888 1097 1229
308 1110 1218 1435
316 840 1250 1416
318 442 1118 1406
329 828 1178 1223
339 799 1015 1453
345 710 861 985
386 1081 1193 1438
399 448 1046 1409
426 466 526 879
533 619 864 1367
547 918 992 1162
602 668 1179 1348
646 713 792 1163
651 781 827 1043
671 786 1252 1274
791 868 1128 1156
821 839 884 1062
934 1026 1217 1326
