4722 1798 1 1798 369
1 2 11
2 1 11
1 60 13
60 1 13
2 3 17
3 2 17
3 4 2
4 3 2
3 62 10
62 3 10
4 5 11
5 4 11
5 6 14
6 5 14
5 64 11
64 5 11
7 8 17
8 7 17
7 66 15
66 7 15
8 9 11
9 8 11
9 10 8
10 9 8
9 68 6
68 9 6
11 12 7
12 11 7
11 70 3
70 11 3
12 13 7
13 12 7
13 14 4
14 13 4
13 72 18
72 13 18
14 15 7
15 14 7
15 16 2
16 15 2
16 17 13
17 16 13
17 18 5
18 17 5
17 76 7
76 17 7
18 19 15
19 18 15
19 20 15
20 19 15
19 78 18
78 19 18
20 21 18
21 20 18
21 80 4
80 21 4
22 23 6
23 22 6
23 24 8
24 23 8
23 82 10
82 23 10
24 25 9
25 24 9
25 26 15
26 25 15
25 84 4
84 25 4
26 27 9
27 26 9
27 28 8
28 27 8
27 86 2
86 27 2
28 29 15
29 28 15
29 30 6
30 29 6
30 31 9
31 30 9
31 32 17
32 31 17
31 90 12
90 31 12
32 33 6
33 32 6
33 34 1
34 33 1
33 92 7
92 33 7
34 35 11
35 34 11
35 36 6
36 35 6
35 94 3
94 35 3
37 38 3
38 37 3
38 39 14
39 38 14
39 40 1
40 39 1
39 98 12
98 39 12
40 41 11
41 40 11
41 42 17
42 41 17
41 100 15
100 41 15
42 43 12
43 42 12
43 44 10
44 43 10
43 102 1
102 43 1
44 45 6
45 44 6
45 46 18
46 45 18
45 104 5
104 45 5
46 47 15
47 46 15
47 48 5
48 47 5
47 106 8
106 47 8
48 49 1
49 48 1
49 50 11
50 49 11
49 108 6
108 49 6
50 51 19
51 50 19
51 52 16
52 51 16
51 110 8
110 51 8
52 53 13
53 52 13
53 54 16
54 53 16
53 112 15
112 53 15
54 55 10
55 54 10
55 56 1
56 55 1
55 114 8
114 55 8
56 57 13
57 56 13
57 58 1
58 57 1
57 116 15
116 57 15
58 59 16
59 58 16
59 118 1
118 59 1
60 61 17
61 60 17
61 62 8
62 61 8
61 121 17
121 61 17
62 63 3
63 62 3
63 64 1
64 63 1
63 123 8
123 63 8
64 65 10
65 64 10
65 66 9
66 65 9
65 125 17
125 65 17
66 67 17
67 66 17
67 127 13
127 67 13
68 69 3
69 68 3
69 70 18
70 69 18
69 129 10
129 69 10
70 71 4
71 70 4
71 72 10
72 71 10
71 131 1
131 71 1
72 73 4
73 72 4
73 74 2
74 73 2
73 133 17
133 73 17
74 75 17
75 74 17
75 76 13
76 75 13
75 135 1
135 75 1
76 77 16
77 76 16
77 137 2
137 77 2
78 79 3
79 78 3
79 80 18
80 79 18
79 139 11
139 79 11
80 81 13
81 80 13
81 82 15
82 81 15
81 141 12
141 81 12
82 83 12
83 82 12
83 84 3
84 83 3
83 143 2
143 83 2
84 85 3
85 84 3
85 86 13
86 85 13
85 145 18
145 85 18
87 88 10
88 87 10
87 147 11
147 87 11
88 89 4
89 88 4
89 149 16
149 89 16
90 91 14
91 90 14
91 92 17
92 91 17
93 94 15
94 93 15
93 153 16
153 93 16
94 95 7
95 94 7
95 96 7
96 95 7
95 155 6
155 95 6
96 97 5
97 96 5
97 98 2
98 97 2
97 157 11
157 97 11
98 99 5
99 98 5
99 159 18
159 99 18
100 101 6
101 100 6
101 102 3
102 101 3
101 161 13
161 101 13
102 103 1
103 102 1
103 104 9
104 103 9
103 163 11
163 103 11
104 105 19
105 104 19
105 106 17
106 105 17
105 165 8
165 105 8
106 107 12
107 106 12
107 108 19
108 107 19
107 167 19
167 107 19
108 109 13
109 108 13
109 110 16
110 109 16
111 112 16
112 111 16
111 171 10
171 111 10
112 113 9
113 112 9
113 114 9
114 113 9
113 173 16
173 113 16
114 115 15
115 114 15
115 116 10
116 115 10
115 175 1
175 115 1
116 117 15
117 116 15
117 118 15
118 117 15
117 177 7
177 117 7
118 119 12
119 118 12
119 179 10
179 119 10
120 121 4
121 120 4
120 180 16
180 120 16
121 122 11
122 121 11
122 123 8
123 122 8
122 182 11
182 122 11
124 125 7
125 124 7
124 184 12
184 124 12
125 126 8
126 125 8
126 127 12
127 126 12
126 186 3
186 126 3
127 128 17
128 127 17
128 129 15
129 128 15
128 188 8
188 128 8
129 130 11
130 129 11
130 131 16
131 130 16
130 190 6
190 130 6
131 132 3
132 131 3
132 133 17
133 132 17
132 192 11
192 132 11
133 134 2
134 133 2
134 135 17
135 134 17
134 194 19
194 134 19
135 136 5
136 135 5
136 137 18
137 136 18
136 196 5
196 136 5
137 138 1
138 137 1
138 139 3
139 138 3
138 198 4
198 138 4
139 140 17
140 139 17
140 141 7
141 140 7
140 200 9
200 140 9
141 142 5
142 141 5
142 143 6
143 142 6
142 202 2
202 142 2
143 144 9
144 143 9
144 145 9
145 144 9
144 204 2
204 144 2
145 146 14
146 145 14
146 147 9
147 146 9
146 206 8
206 146 8
147 148 3
148 147 3
148 149 11
149 148 11
149 150 8
150 149 8
150 151 1
151 150 1
150 210 12
210 150 12
151 152 13
152 151 13
152 153 7
153 152 7
152 212 16
212 152 16
153 154 14
154 153 14
154 155 16
155 154 16
154 214 15
214 154 15
155 156 3
156 155 3
156 157 3
157 156 3
157 158 16
158 157 16
158 159 11
159 158 11
158 218 15
218 158 15
159 160 16
160 159 16
160 161 1
161 160 1
160 220 9
220 160 9
161 162 3
162 161 3
162 163 4
163 162 4
162 222 18
222 162 18
163 164 6
164 163 6
164 224 17
224 164 17
166 167 15
167 166 15
166 226 2
226 166 2
167 168 15
168 167 15
168 169 10
169 168 10
168 228 9
228 168 9
169 170 16
170 169 16
170 171 11
171 170 11
170 230 11
230 170 11
171 172 11
172 171 11
172 173 9
173 172 9
172 232 8
232 172 8
173 174 6
174 173 6
174 175 6
175 174 6
174 234 6
234 174 6
175 176 12
176 175 12
176 177 2
177 176 2
176 236 13
236 176 13
177 178 18
178 177 18
178 179 11
179 178 11
178 238 16
238 178 16
181 182 8
182 181 8
182 183 3
183 182 3
183 184 14
184 183 14
183 243 16
243 183 16
184 185 10
185 184 10
185 186 13
186 185 13
185 245 8
245 185 8
187 188 9
188 187 9
187 247 6
247 187 6
188 189 13
189 188 13
189 190 1
190 189 1
189 249 8
249 189 8
190 191 7
191 190 7
191 192 11
192 191 11
191 251 13
251 191 13
192 193 3
193 192 3
193 194 16
194 193 16
193 253 11
253 193 11
194 195 8
195 194 8
195 196 1
196 195 1
195 255 11
255 195 11
196 197 13
197 196 13
197 198 12
198 197 12
197 257 17
257 197 17
198 199 9
199 198 9
199 200 1
200 199 1
199 259 8
259 199 8
200 201 19
201 200 19
201 202 5
202 201 5
202 203 14
203 202 14
203 204 18
204 203 18
204 205 9
205 204 9
205 206 6
206 205 6
205 265 19
265 205 19
206 207 1
207 206 1
207 208 11
208 207 11
207 267 12
267 207 12
209 210 17
210 209 17
209 269 12
269 209 12
210 211 16
211 210 16
211 212 17
212 211 17
211 271 1
271 211 1
212 213 10
213 212 10
213 214 12
214 213 12
213 273 1
273 213 1
214 215 17
215 214 17
215 216 17
216 215 17
215 275 8
275 215 8
216 217 15
217 216 15
217 218 6
218 217 6
218 219 18
219 218 18
219 220 3
220 219 3
219 279 4
279 219 4
220 221 6
221 220 6
221 222 11
222 221 11
221 281 9
281 221 9
222 223 7
223 222 7
223 224 18
224 223 18
223 283 13
283 223 13
224 225 12
225 224 12
225 226 10
226 225 10
225 285 18
285 225 18
227 228 17
228 227 17
227 287 15
287 227 15
228 229 14
229 228 14
229 230 11
230 229 11
229 289 6
289 229 6
230 231 7
231 230 7
231 232 10
232 231 10
231 291 3
291 231 3
232 233 16
233 232 16
233 234 12
234 233 12
233 293 11
293 233 11
234 235 17
235 234 17
235 236 19
236 235 19
236 237 16
237 236 16
237 238 19
238 237 19
237 297 10
297 237 10
239 299 4
299 239 4
240 241 1
241 240 1
240 300 14
300 240 14
241 242 2
242 241 2
242 243 17
243 242 17
242 302 11
302 242 11
244 245 1
245 244 1
244 304 3
304 244 3
246 247 8
247 246 8
246 306 5
306 246 5
247 248 4
248 247 4
248 308 11
308 248 11
249 250 12
250 249 12
250 251 19
251 250 19
250 310 6
310 250 6
251 252 14
252 251 14
252 253 4
253 252 4
252 312 1
312 252 1
253 254 9
254 253 9
255 256 15
256 255 15
256 257 13
257 256 13
256 316 12
316 256 12
257 258 7
258 257 7
258 259 15
259 258 15
258 318 7
318 258 7
259 260 16
260 259 16
260 261 13
261 260 13
260 320 14
320 260 14
261 262 7
262 261 7
262 263 3
263 262 3
262 322 18
322 262 18
264 265 9
265 264 9
264 324 1
324 264 1
266 267 14
267 266 14
266 326 18
326 266 18
267 268 10
268 267 10
268 269 11
269 268 11
268 328 14
328 268 14
269 270 12
270 269 12
270 271 10
271 270 10
270 330 5
330 270 5
271 272 7
272 271 7
272 273 3
273 272 3
272 332 7
332 272 7
273 274 7
274 273 7
274 334 5
334 274 5
275 276 18
276 275 18
276 277 4
277 276 4
276 336 9
336 276 9
277 278 10
278 277 10
278 279 2
279 278 2
279 280 5
280 279 5
280 340 18
340 280 18
281 282 3
282 281 3
282 283 6
283 282 6
282 342 14
342 282 14
283 284 9
284 283 9
284 285 13
285 284 13
284 344 18
344 284 18
285 286 1
286 285 1
286 287 10
287 286 10
286 346 11
346 286 11
287 288 8
288 287 8
288 289 8
289 288 8
290 291 8
291 290 8
291 292 8
292 291 8
292 293 4
293 292 4
292 352 1
352 292 1
293 294 8
294 293 8
294 354 17
354 294 17
295 296 1
296 295 1
296 297 1
297 296 1
296 356 5
356 296 5
297 298 12
298 297 12
298 299 17
299 298 17
298 358 11
358 298 11
301 302 17
302 301 17
301 361 1
361 301 1
302 303 4
303 302 4
303 304 18
304 303 18
303 363 3
363 303 3
304 305 4
305 304 4
305 306 15
306 305 15
305 365 19
365 305 19
306 307 10
307 306 10
307 308 7
308 307 7
307 367 9
367 307 9
308 309 12
309 308 12
309 310 14
310 309 14
309 369 16
369 309 16
310 311 17
311 310 17
311 312 2
312 311 2
311 371 9
371 311 9
312 313 1
313 312 1
313 314 14
314 313 14
313 373 10
373 313 10
314 315 4
315 314 4
315 316 6
316 315 6
315 375 17
375 315 17
316 317 3
317 316 3
317 318 12
318 317 12
318 319 19
319 318 19
319 320 13
320 319 13
319 379 19
379 319 19
320 321 16
321 320 16
321 322 16
322 321 16
321 381 9
381 321 9
322 323 17
323 322 17
323 324 7
324 323 7
323 383 2
383 323 2
324 325 8
325 324 8
325 326 4
326 325 4
325 385 6
385 325 6
326 327 8
327 326 8
327 328 12
328 327 12
327 387 13
387 327 13
328 329 3
329 328 3
329 330 18
330 329 18
329 389 3
389 329 3
331 332 11
332 331 11
331 391 5
391 331 5
332 333 15
333 332 15
333 334 1
334 333 1
333 393 6
393 333 6
334 335 10
335 334 10
335 336 16
336 335 16
335 395 5
395 335 5
336 337 11
337 336 11
337 338 7
338 337 7
337 397 4
397 337 4
338 339 5
339 338 5
339 340 18
340 339 18
339 399 8
399 339 8
340 341 9
341 340 9
341 342 8
342 341 8
341 401 15
401 341 15
342 343 5
343 342 5
343 344 5
344 343 5
343 403 8
403 343 8
344 345 8
345 344 8
345 346 2
346 345 2
346 347 10
347 346 10
347 348 4
348 347 4
347 407 14
407 347 14
348 349 11
349 348 11
349 350 1
350 349 1
349 409 8
409 349 8
350 351 17
351 350 17
351 352 13
352 351 13
351 411 19
411 351 19
352 353 2
353 352 2
353 354 4
354 353 4
353 413 15
413 353 15
354 355 17
355 354 17
355 356 13
356 355 13
355 415 9
415 355 9
356 357 9
357 356 9
357 358 8
358 357 8
357 417 4
417 357 4
358 359 15
359 358 15
359 419 9
419 359 9
360 361 5
361 360 5
361 362 12
362 361 12
362 363 17
363 362 17
362 422 1
422 362 1
363 364 17
364 363 17
364 365 14
365 364 14
364 424 17
424 364 17
365 366 17
366 365 17
366 426 15
426 366 15
367 368 16
368 367 16
368 369 12
369 368 12
368 428 15
428 368 15
369 370 6
370 369 6
370 371 9
371 370 9
370 430 16
430 370 16
371 372 12
372 371 12
372 373 13
373 372 13
372 432 8
432 372 8
373 374 14
374 373 14
374 375 16
375 374 16
374 434 15
434 374 15
375 376 13
376 375 13
376 377 14
377 376 14
378 379 1
379 378 1
378 438 14
438 378 14
379 380 13
380 379 13
380 381 5
381 380 5
380 440 12
440 380 12
381 382 15
382 381 15
382 383 11
383 382 11
382 442 8
442 382 8
384 385 8
385 384 8
384 444 14
444 384 14
385 386 14
386 385 14
386 446 6
446 386 6
387 388 8
388 387 8
388 389 11
389 388 11
388 448 13
448 388 13
389 390 14
390 389 14
390 450 13
450 390 13
391 392 11
392 391 11
392 393 1
393 392 1
392 452 15
452 392 15
394 395 3
395 394 3
394 454 12
454 394 12
395 396 6
396 395 6
396 397 17
397 396 17
396 456 10
456 396 10
397 398 3
398 397 3
398 399 12
399 398 12
398 458 15
458 398 15
399 400 1
400 399 1
400 460 2
460 400 2
401 402 9
402 401 9
402 403 12
403 402 12
402 462 16
462 402 16
403 404 10
404 403 10
404 405 1
405 404 1
404 464 19
464 404 19
405 406 9
406 405 9
406 407 10
407 406 10
406 466 3
466 406 3
407 408 12
408 407 12
408 409 5
409 408 5
408 468 7
468 408 7
409 410 12
410 409 12
410 411 7
411 410 7
410 470 5
470 410 5
411 412 17
412 411 17
412 413 2
413 412 2
412 472 1
472 412 1
413 414 16
414 413 16
414 415 12
415 414 12
414 474 17
474 414 17
415 416 9
416 415 9
416 476 4
476 416 4
417 418 7
418 417 7
418 478 9
478 418 9
420 421 2
421 420 2
421 481 15
481 421 15
422 423 9
423 422 9
423 424 14
424 423 14
424 425 16
425 424 16
425 426 19
426 425 19
425 485 19
485 425 19
426 427 12
427 426 12
427 428 13
428 427 13
427 487 1
487 427 1
428 429 16
429 428 16
429 430 8
430 429 8
429 489 14
489 429 14
430 431 3
431 430 3
431 491 4
491 431 4
433 434 1
434 433 1
433 493 3
493 433 3
434 435 18
435 434 18
435 436 7
436 435 7
435 495 19
495 435 19
436 437 12
437 436 12
437 497 4
497 437 4
438 439 17
439 438 17
439 440 10
440 439 10
439 499 7
499 439 7
441 442 8
442 441 8
441 501 6
501 441 6
442 443 12
443 442 12
443 444 2
444 443 2
443 503 14
503 443 14
444 445 3
445 444 3
445 446 6
446 445 6
445 505 12
505 445 12
446 447 2
447 446 2
447 448 3
448 447 3
447 507 19
507 447 19
448 449 11
449 448 11
449 450 6
450 449 6
449 509 4
509 449 4
450 451 5
451 450 5
451 452 14
452 451 14
451 511 3
511 451 3
452 453 10
453 452 10
453 454 19
454 453 19
453 513 14
513 453 14
455 456 7
456 455 7
456 457 14
457 456 14
457 458 19
458 457 19
457 517 19
517 457 19
458 459 13
459 458 13
459 460 13
460 459 13
459 519 13
519 459 13
460 461 5
461 460 5
461 462 5
462 461 5
461 521 2
521 461 2
462 463 8
463 462 8
463 523 4
523 463 4
464 465 12
465 464 12
465 466 13
466 465 13
466 467 17
467 466 17
467 468 1
468 467 1
467 527 4
527 467 4
468 469 16
469 468 16
469 529 9
529 469 9
470 471 13
471 470 13
471 472 2
472 471 2
471 531 6
531 471 6
472 473 5
473 472 5
473 474 9
474 473 9
473 533 19
533 473 19
474 475 12
475 474 12
475 476 14
476 475 14
475 535 4
535 475 4
476 477 15
477 476 15
477 478 15
478 477 15
477 537 16
537 477 16
478 479 12
479 478 12
479 539 3
539 479 3
480 481 17
481 480 17
480 540 9
540 480 9
481 482 6
482 481 6
482 483 8
483 482 8
482 542 9
542 482 9
483 484 1
484 483 1
484 485 13
485 484 13
484 544 13
544 484 13
485 486 6
486 485 6
486 487 15
487 486 15
487 488 6
488 487 6
488 548 14
548 488 14
489 490 12
490 489 12
490 491 6
491 490 6
490 550 3
550 490 3
491 492 4
492 491 4
492 493 10
493 492 10
492 552 1
552 492 1
493 494 4
494 493 4
494 495 3
495 494 3
494 554 2
554 494 2
495 496 13
496 495 13
496 497 2
497 496 2
496 556 6
556 496 6
497 498 7
498 497 7
498 499 3
499 498 3
498 558 16
558 498 16
499 500 13
500 499 13
500 501 12
501 500 12
500 560 9
560 500 9
501 502 1
502 501 1
502 503 5
503 502 5
502 562 4
562 502 4
503 504 6
504 503 6
504 505 4
505 504 4
504 564 1
564 504 1
505 506 13
506 505 13
506 566 3
566 506 3
507 508 10
508 507 10
508 509 14
509 508 14
508 568 3
568 508 3
509 510 8
510 509 8
510 511 11
511 510 11
510 570 17
570 510 17
511 512 3
512 511 3
512 513 13
513 512 13
512 572 17
572 512 17
513 514 1
514 513 1
514 515 6
515 514 6
514 574 17
574 514 17
515 516 2
516 515 2
516 517 17
517 516 17
516 576 1
576 516 1
518 519 19
519 518 19
518 578 1
578 518 1
520 521 1
521 520 1
520 580 13
580 520 13
521 522 18
522 521 18
522 523 13
523 522 13
522 582 7
582 522 7
523 524 18
524 523 18
524 525 11
525 524 11
524 584 3
584 524 3
525 526 10
526 525 10
526 527 4
527 526 4
526 586 1
586 526 1
527 528 16
528 527 16
528 588 4
588 528 4
529 530 14
530 529 14
530 531 12
531 530 12
531 532 11
532 531 11
532 533 7
533 532 7
532 592 17
592 532 17
534 535 4
535 534 4
534 594 5
594 534 5
535 536 7
536 535 7
536 596 10
596 536 10
537 538 1
538 537 1
538 539 18
539 538 18
538 598 17
598 538 17
541 601 13
601 541 13
542 543 3
543 542 3
543 603 11
603 543 11
544 545 15
545 544 15
545 546 8
546 545 8
546 547 8
547 546 8
547 548 12
548 547 12
547 607 16
607 547 16
548 549 12
549 548 12
549 550 15
550 549 15
549 609 1
609 549 1
550 551 14
551 550 14
551 552 2
552 551 2
551 611 15
611 551 15
552 553 3
553 552 3
553 554 11
554 553 11
553 613 5
613 553 5
554 555 18
555 554 18
555 556 1
556 555 1
555 615 7
615 555 7
556 557 18
557 556 18
557 558 2
558 557 2
557 617 8
617 557 8
558 559 2
559 558 2
559 560 6
560 559 6
559 619 2
619 559 2
560 561 18
561 560 18
561 562 15
562 561 15
561 621 13
621 561 13
562 563 10
563 562 10
563 564 15
564 563 15
563 623 19
623 563 19
564 565 15
565 564 15
565 566 15
566 565 15
565 625 19
625 565 19
567 568 9
568 567 9
567 627 6
627 567 6
568 569 5
569 568 5
569 570 15
570 569 15
569 629 3
629 569 3
570 571 16
571 570 16
571 572 8
572 571 8
571 631 1
631 571 1
572 573 10
573 572 10
573 574 10
574 573 10
573 633 4
633 573 4
574 575 17
575 574 17
575 576 8
576 575 8
575 635 12
635 575 12
576 577 6
577 576 6
577 578 15
578 577 15
577 637 13
637 577 13
578 579 17
579 578 17
579 580 7
580 579 7
579 639 2
639 579 2
580 581 13
581 580 13
582 583 8
583 582 8
583 584 18
584 583 18
583 643 8
643 583 8
584 585 18
585 584 18
585 586 7
586 585 7
585 645 10
645 585 10
586 587 3
587 586 3
587 588 1
588 587 1
589 590 10
590 589 10
589 649 19
649 589 19
590 591 14
591 590 14
591 651 9
651 591 9
592 593 18
593 592 18
593 594 3
594 593 3
593 653 15
653 593 15
594 595 8
595 594 8
595 596 1
596 595 1
595 655 14
655 595 14
596 597 3
597 596 3
598 599 8
599 598 8
599 659 9
659 599 9
600 601 1
601 600 1
601 602 6
602 601 6
602 603 8
603 602 8
602 662 16
662 602 16
603 604 2
604 603 2
604 605 12
605 604 12
604 664 16
664 604 16
606 607 12
607 606 12
606 666 18
666 606 18
607 608 4
608 607 4
608 609 11
609 608 11
608 668 12
668 608 12
609 610 16
610 609 16
610 611 10
611 610 10
610 670 9
670 610 9
612 613 10
613 612 10
612 672 16
672 612 16
613 614 4
614 613 4
614 615 11
615 614 11
614 674 6
674 614 6
615 616 10
616 615 10
616 617 4
617 616 4
617 618 17
618 617 17
618 619 6
619 618 6
618 678 11
678 618 11
620 621 16
621 620 16
620 680 19
680 620 19
622 623 15
623 622 15
622 682 7
682 622 7
623 624 8
624 623 8
624 625 6
625 624 6
625 626 6
626 625 6
626 627 6
627 626 6
626 686 19
686 626 19
627 628 4
628 627 4
628 688 3
688 628 3
629 630 17
630 629 17
630 631 19
631 630 19
630 690 15
690 630 15
631 632 14
632 631 14
632 633 13
633 632 13
632 692 4
692 632 4
633 634 15
634 633 15
634 635 18
635 634 18
635 636 8
636 635 8
636 637 12
637 636 12
636 696 8
696 636 8
637 638 11
638 637 11
638 698 11
698 638 11
639 640 8
640 639 8
640 641 17
641 640 17
640 700 16
700 640 16
641 642 2
642 641 2
642 643 10
643 642 10
642 702 12
702 642 12
643 644 19
644 643 19
644 645 18
645 644 18
645 646 14
646 645 14
646 647 18
647 646 18
646 706 10
706 646 10
647 648 9
648 647 9
648 649 18
649 648 18
648 708 3
708 648 3
649 650 10
650 649 10
650 651 12
651 650 12
650 710 16
710 650 16
651 652 2
652 651 2
652 653 3
653 652 3
652 712 1
712 652 1
653 654 18
654 653 18
654 655 14
655 654 14
654 714 6
714 654 6
655 656 9
656 655 9
656 716 17
716 656 17
657 658 12
658 657 12
658 718 8
718 658 8
660 661 16
661 660 16
661 662 14
662 661 14
661 721 7
721 661 7
662 663 12
663 662 12
663 664 17
664 663 17
663 723 3
723 663 3
664 665 10
665 664 10
665 666 19
666 665 19
665 725 19
725 665 19
666 667 18
667 666 18
667 668 15
668 667 15
667 727 13
727 667 13
668 669 13
669 668 13
669 670 17
670 669 17
669 729 8
729 669 8
670 671 16
671 670 16
671 672 12
672 671 12
671 731 5
731 671 5
672 673 8
673 672 8
673 674 12
674 673 12
673 733 5
733 673 5
674 675 10
675 674 10
675 676 19
676 675 19
675 735 13
735 675 13
676 677 1
677 676 1
677 678 14
678 677 14
677 737 13
737 677 13
678 679 18
679 678 18
679 680 6
680 679 6
680 681 16
681 680 16
681 682 10
682 681 10
681 741 12
741 681 12
682 683 11
683 682 11
683 684 11
684 683 11
683 743 14
743 683 14
684 685 13
685 684 13
685 686 2
686 685 2
685 745 12
745 685 12
686 687 4
687 686 4
687 747 3
747 687 3
688 689 15
689 688 15
689 690 7
690 689 7
689 749 3
749 689 3
691 692 1
692 691 1
691 751 5
751 691 5
693 694 16
694 693 16
693 753 12
753 693 12
694 695 17
695 694 17
695 696 12
696 695 12
695 755 1
755 695 1
696 697 10
697 696 10
697 698 5
698 697 5
698 699 3
699 698 3
699 700 3
700 699 3
699 759 14
759 699 14
700 701 6
701 700 6
701 702 4
702 701 4
701 761 1
761 701 1
702 703 6
703 702 6
703 704 1
704 703 1
703 763 13
763 703 13
704 705 3
705 704 3
705 706 15
706 705 15
705 765 5
765 705 5
706 707 19
707 706 19
707 708 7
708 707 7
707 767 3
767 707 3
708 709 10
709 708 10
709 769 14
769 709 14
710 711 2
711 710 2
711 712 2
712 711 2
711 771 1
771 711 1
712 713 1
713 712 1
713 714 16
714 713 16
713 773 11
773 713 11
714 715 18
715 714 18
715 716 18
716 715 18
715 775 10
775 715 10
716 717 5
717 716 5
717 718 8
718 717 8
717 777 8
777 717 8
718 719 2
719 718 2
719 779 5
779 719 5
720 721 11
721 720 11
720 780 19
780 720 19
721 722 11
722 721 11
722 723 13
723 722 13
723 724 7
724 723 7
724 725 7
725 724 7
724 784 3
784 724 3
725 726 2
726 725 2
726 786 16
786 726 16
727 728 18
728 727 18
728 788 10
788 728 10
729 730 4
730 729 4
730 731 10
731 730 10
730 790 7
790 730 7
731 732 12
732 731 12
732 733 5
733 732 5
732 792 5
792 732 5
733 734 16
734 733 16
734 735 13
735 734 13
734 794 4
794 734 4
735 736 18
736 735 18
736 737 7
737 736 7
738 739 7
739 738 7
738 798 14
798 738 14
739 740 15
740 739 15
740 741 9
741 740 9
740 800 19
800 740 19
742 802 7
802 742 7
743 744 8
744 743 8
744 745 14
745 744 14
744 804 8
804 744 8
745 746 2
746 745 2
746 747 1
747 746 1
746 806 9
806 746 9
747 748 2
748 747 2
748 749 7
749 748 7
748 808 19
808 748 19
749 750 1
750 749 1
750 751 4
751 750 4
750 810 16
810 750 16
752 753 13
753 752 13
752 812 12
812 752 12
753 754 19
754 753 19
754 755 1
755 754 1
754 814 3
814 754 3
755 756 4
756 755 4
756 757 14
757 756 14
756 816 1
816 756 1
757 758 1
758 757 1
758 818 1
818 758 1
759 760 7
760 759 7
760 761 9
761 760 9
760 820 7
820 760 7
761 762 1
762 761 1
762 763 18
763 762 18
762 822 19
822 762 19
763 764 11
764 763 11
764 765 18
765 764 18
764 824 6
824 764 6
765 766 7
766 765 7
766 767 1
767 766 1
766 826 14
826 766 14
767 768 15
768 767 15
768 769 11
769 768 11
768 828 6
828 768 6
770 771 17
771 770 17
770 830 10
830 770 10
771 772 6
772 771 6
772 773 4
773 772 4
773 774 1
774 773 1
775 776 12
776 775 12
776 777 4
777 776 4
776 836 5
836 776 5
777 778 5
778 777 5
778 779 6
779 778 6
778 838 10
838 778 10
780 781 10
781 780 10
781 782 3
782 781 3
781 841 18
841 781 18
783 784 1
784 783 1
783 843 16
843 783 16
784 785 4
785 784 4
785 786 2
786 785 2
785 845 9
845 785 9
786 787 11
787 786 11
787 788 5
788 787 5
789 790 1
790 789 1
789 849 13
849 789 13
790 791 1
791 790 1
791 792 7
792 791 7
791 851 6
851 791 6
792 793 8
793 792 8
793 794 10
794 793 10
793 853 1
853 793 1
794 795 15
795 794 15
795 796 18
796 795 18
795 855 19
855 795 19
796 797 8
797 796 8
797 798 6
798 797 6
797 857 18
857 797 18
799 800 9
800 799 9
799 859 10
859 799 10
800 801 15
801 800 15
801 802 14
802 801 14
801 861 5
861 801 5
802 803 11
803 802 11
803 804 17
804 803 17
803 863 5
863 803 5
804 805 3
805 804 3
805 806 1
806 805 1
805 865 16
865 805 16
806 807 3
807 806 3
807 867 2
867 807 2
808 809 11
809 808 11
809 810 3
810 809 3
809 869 16
869 809 16
810 811 12
811 810 12
811 871 8
871 811 8
812 813 14
813 812 14
813 814 10
814 813 10
813 873 8
873 813 8
814 815 10
815 814 10
815 875 10
875 815 10
816 817 8
817 816 8
817 818 19
818 817 19
817 877 10
877 817 10
818 819 16
819 818 16
819 820 10
820 819 10
819 879 2
879 819 2
820 821 2
821 820 2
821 822 3
822 821 3
821 881 2
881 821 2
822 823 17
823 822 17
823 824 16
824 823 16
823 883 14
883 823 14
825 826 10
826 825 10
825 885 2
885 825 2
826 827 9
827 826 9
827 828 14
828 827 14
827 887 4
887 827 4
828 829 1
829 828 1
829 830 4
830 829 4
829 889 17
889 829 17
830 831 5
831 830 5
831 832 6
832 831 6
831 891 14
891 831 14
832 833 4
833 832 4
833 834 8
834 833 8
833 893 8
893 833 8
834 835 19
835 834 19
835 836 1
836 835 1
835 895 4
895 835 4
836 837 6
837 836 6
837 838 18
838 837 18
837 897 15
897 837 15
838 839 17
839 838 17
839 899 17
899 839 17
840 841 14
841 840 14
840 900 3
900 840 3
841 842 17
842 841 17
842 843 16
843 842 16
842 902 1
902 842 1
843 844 2
844 843 2
844 845 18
845 844 18
844 904 4
904 844 4
845 846 17
846 845 17
846 847 7
847 846 7
846 906 1
906 846 1
847 848 13
848 847 13
848 849 6
849 848 6
848 908 2
908 848 2
849 850 10
850 849 10
850 851 6
851 850 6
851 852 8
852 851 8
852 853 3
853 852 3
852 912 1
912 852 1
853 854 9
854 853 9
854 855 14
855 854 14
854 914 3
914 854 3
855 856 2
856 855 2
856 857 15
857 856 15
857 858 8
858 857 8
858 859 11
859 858 11
858 918 9
918 858 9
859 860 4
860 859 4
860 861 15
861 860 15
860 920 8
920 860 8
861 862 2
862 861 2
862 863 13
863 862 13
862 922 12
922 862 12
863 864 13
864 863 13
864 865 1
865 864 1
864 924 14
924 864 14
865 866 2
866 865 2
866 867 12
867 866 12
866 926 19
926 866 19
867 868 11
868 867 11
868 869 16
869 868 16
868 928 14
928 868 14
869 870 12
870 869 12
870 871 3
871 870 3
870 930 16
930 870 16
871 872 3
872 871 3
872 932 17
932 872 17
873 874 16
874 873 16
874 875 10
875 874 10
874 934 13
934 874 13
875 876 9
876 875 9
876 877 18
877 876 18
876 936 1
936 876 1
877 878 2
878 877 2
878 879 10
879 878 10
878 938 18
938 878 18
879 880 3
880 879 3
881 882 17
882 881 17
882 883 1
883 882 1
882 942 6
942 882 6
883 884 4
884 883 4
884 885 13
885 884 13
886 887 3
887 886 3
886 946 4
946 886 4
887 888 19
888 887 19
888 948 7
948 888 7
889 890 5
890 889 5
890 891 4
891 890 4
891 892 7
892 891 7
892 893 12
893 892 12
892 952 15
952 892 15
893 894 14
894 893 14
894 895 19
895 894 19
894 954 8
954 894 8
895 896 11
896 895 11
896 897 14
897 896 14
896 956 13
956 896 13
897 898 15
898 897 15
898 899 14
899 898 14
898 958 5
958 898 5
900 901 15
901 900 15
901 902 2
902 901 2
902 903 14
903 902 14
903 904 6
904 903 6
903 963 12
963 903 12
904 905 6
905 904 6
905 906 15
906 905 15
905 965 15
965 905 15
906 907 10
907 906 10
907 908 1
908 907 1
907 967 11
967 907 11
908 909 15
909 908 15
909 910 7
910 909 7
910 911 5
911 910 5
911 971 17
971 911 17
912 913 4
913 912 4
913 914 6
914 913 6
913 973 11
973 913 11
915 916 15
916 915 15
915 975 12
975 915 12
916 917 3
917 916 3
917 918 8
918 917 8
917 977 8
977 917 8
918 919 6
919 918 6
919 979 3
979 919 3
920 921 18
921 920 18
921 922 14
922 921 14
921 981 9
981 921 9
922 923 2
923 922 2
923 924 13
924 923 13
923 983 10
983 923 10
924 925 14
925 924 14
925 926 12
926 925 12
925 985 19
985 925 19
926 927 15
927 926 15
927 928 16
928 927 16
927 987 2
987 927 2
928 929 16
929 928 16
929 930 13
930 929 13
929 989 9
989 929 9
930 931 7
931 930 7
931 932 14
932 931 14
931 991 14
991 931 14
932 933 17
933 932 17
933 934 8
934 933 8
933 993 7
993 933 7
934 935 10
935 934 10
935 936 9
936 935 9
935 995 7
995 935 7
936 937 11
937 936 11
937 938 16
938 937 16
937 997 6
997 937 6
938 939 6
939 938 6
939 940 13
940 939 13
939 999 17
999 939 17
940 941 11
941 940 11
941 942 13
942 941 13
941 1001 10
1001 941 10
942 943 12
943 942 12
943 944 15
944 943 15
943 1003 8
1003 943 8
945 946 2
946 945 2
945 1005 10
1005 945 10
946 947 5
947 946 5
947 948 7
948 947 7
947 1007 15
1007 947 15
948 949 4
949 948 4
949 950 3
950 949 3
949 1009 14
1009 949 14
950 951 16
951 950 16
951 952 8
952 951 8
951 1011 7
1011 951 7
952 953 17
953 952 17
953 1013 4
1013 953 4
954 955 12
955 954 12
955 956 15
956 955 15
955 1015 1
1015 955 1
956 957 10
957 956 10
957 958 19
958 957 19
957 1017 11
1017 957 11
958 959 1
959 958 1
959 1019 17
1019 959 17
960 1020 9
1020 960 9
961 962 6
962 961 6
962 963 9
963 962 9
962 1022 4
1022 962 4
963 964 6
964 963 6
964 965 17
965 964 17
964 1024 3
1024 964 3
965 966 6
966 965 6
966 967 9
967 966 9
966 1026 3
1026 966 3
967 968 8
968 967 8
968 969 16
969 968 16
968 1028 16
1028 968 16
969 970 11
970 969 11
970 971 9
971 970 9
970 1030 6
1030 970 6
971 972 3
972 971 3
972 973 10
973 972 10
972 1032 12
1032 972 12
973 974 17
974 973 17
974 975 16
975 974 16
974 1034 19
1034 974 19
976 977 12
977 976 12
976 1036 8
1036 976 8
977 978 18
978 977 18
978 979 8
979 978 8
978 1038 15
1038 978 15
979 980 8
980 979 8
980 981 2
981 980 2
980 1040 1
1040 980 1
981 982 17
982 981 17
982 983 6
983 982 6
982 1042 15
1042 982 15
983 984 8
984 983 8
984 985 8
985 984 8
984 1044 13
1044 984 13
985 986 3
986 985 3
986 987 9
987 986 9
986 1046 6
1046 986 6
987 988 15
988 987 15
988 989 8
989 988 8
988 1048 18
1048 988 18
989 990 3
990 989 3
990 991 19
991 990 19
991 992 6
992 991 6
992 993 15
993 992 15
993 994 12
994 993 12
994 995 8
995 994 8
994 1054 4
1054 994 4
995 996 16
996 995 16
996 997 17
997 996 17
996 1056 16
1056 996 16
997 998 18
998 997 18
998 1058 1
1058 998 1
999 1000 15
1000 999 15
1000 1001 4
1001 1000 4
1000 1060 2
1060 1000 2
1001 1002 11
1002 1001 11
1002 1003 16
1003 1002 16
1002 1062 15
1062 1002 15
1003 1004 15
1004 1003 15
1004 1005 18
1005 1004 18
1004 1064 6
1064 1004 6
1005 1006 17
1006 1005 17
1006 1007 14
1007 1006 14
1006 1066 18
1066 1006 18
1007 1008 10
1008 1007 10
1008 1068 17
1068 1008 17
1009 1010 2
1010 1009 2
1010 1011 17
1011 1010 17
1010 1070 4
1070 1010 4
1011 1012 14
1012 1011 14
1012 1013 6
1013 1012 6
1012 1072 19
1072 1012 19
1013 1014 2
1014 1013 2
1014 1015 9
1015 1014 9
1014 1074 15
1074 1014 15
1015 1016 4
1016 1015 4
1016 1017 5
1017 1016 5
1016 1076 4
1076 1016 4
1017 1018 2
1018 1017 2
1018 1019 1
1019 1018 1
1018 1078 15
1078 1018 15
1020 1021 7
1021 1020 7
1021 1022 17
1022 1021 17
1021 1081 15
1081 1021 15
1022 1023 15
1023 1022 15
1023 1083 10
1083 1023 10
1024 1025 13
1025 1024 13
1025 1026 13
1026 1025 13
1025 1085 13
1085 1025 13
1026 1027 11
1027 1026 11
1027 1028 17
1028 1027 17
1027 1087 13
1087 1027 13
1028 1029 13
1029 1028 13
1029 1030 18
1030 1029 18
1029 1089 7
1089 1029 7
1030 1031 16
1031 1030 16
1031 1032 7
1032 1031 7
1031 1091 7
1091 1031 7
1032 1033 17
1033 1032 17
1033 1034 4
1034 1033 4
1033 1093 16
1093 1033 16
1034 1035 7
1035 1034 7
1035 1036 7
1036 1035 7
1035 1095 17
1095 1035 17
1036 1037 4
1037 1036 4
1037 1038 11
1038 1037 11
1037 1097 15
1097 1037 15
1038 1039 6
1039 1038 6
1039 1040 13
1040 1039 13
1039 1099 13
1099 1039 13
1040 1041 19
1041 1040 19
1041 1042 10
1042 1041 10
1041 1101 15
1101 1041 15
1042 1043 15
1043 1042 15
1043 1103 11
1103 1043 11
1044 1045 5
1045 1044 5
1045 1046 8
1046 1045 8
1045 1105 1
1105 1045 1
1046 1047 4
1047 1046 4
1047 1048 2
1048 1047 2
1047 1107 10
1107 1047 10
1049 1050 14
1050 1049 14
1049 1109 19
1109 1049 19
1050 1051 16
1051 1050 16
1051 1052 6
1052 1051 6
1051 1111 5
1111 1051 5
1052 1053 9
1053 1052 9
1053 1054 4
1054 1053 4
1053 1113 13
1113 1053 13
1054 1055 13
1055 1054 13
1055 1056 6
1056 1055 6
1056 1057 1
1057 1056 1
1057 1058 2
1058 1057 2
1057 1117 10
1117 1057 10
1058 1059 6
1059 1058 6
1059 1060 16
1060 1059 16
1059 1119 4
1119 1059 4
1060 1061 13
1061 1060 13
1061 1062 8
1062 1061 8
1061 1121 13
1121 1061 13
1062 1063 15
1063 1062 15
1063 1064 8
1064 1063 8
1063 1123 8
1123 1063 8
1065 1066 15
1066 1065 15
1066 1067 9
1067 1066 9
1067 1068 9
1068 1067 9
1067 1127 2
1127 1067 2
1068 1069 16
1069 1068 16
1069 1070 5
1070 1069 5
1069 1129 13
1129 1069 13
1070 1071 9
1071 1070 9
1071 1072 1
1072 1071 1
1071 1131 6
1131 1071 6
1072 1073 9
1073 1072 9
1073 1074 4
1074 1073 4
1073 1133 6
1133 1073 6
1074 1075 8
1075 1074 8
1075 1076 1
1076 1075 1
1075 1135 9
1135 1075 9
1076 1077 3
1077 1076 3
1077 1078 2
1078 1077 2
1077 1137 5
1137 1077 5
1079 1139 17
1139 1079 17
1080 1081 13
1081 1080 13
1080 1140 11
1140 1080 11
1081 1082 18
1082 1081 18
1082 1083 6
1083 1082 6
1082 1142 7
1142 1082 7
1083 1084 1
1084 1083 1
1084 1085 8
1085 1084 8
1084 1144 7
1144 1084 7
1085 1086 14
1086 1085 14
1086 1087 14
1087 1086 14
1086 1146 16
1146 1086 16
1087 1088 3
1088 1087 3
1088 1089 15
1089 1088 15
1088 1148 12
1148 1088 12
1089 1090 5
1090 1089 5
1090 1091 6
1091 1090 6
1090 1150 18
1150 1090 18
1091 1092 13
1092 1091 13
1092 1093 1
1093 1092 1
1092 1152 10
1152 1092 10
1093 1094 11
1094 1093 11
1094 1095 15
1095 1094 15
1094 1154 1
1154 1094 1
1095 1096 2
1096 1095 2
1096 1097 7
1097 1096 7
1096 1156 8
1156 1096 8
1097 1098 18
1098 1097 18
1098 1099 1
1099 1098 1
1098 1158 5
1158 1098 5
1099 1100 11
1100 1099 11
1100 1101 5
1101 1100 5
1100 1160 15
1160 1100 15
1101 1102 12
1102 1101 12
1102 1103 9
1103 1102 9
1102 1162 18
1162 1102 18
1103 1104 8
1104 1103 8
1104 1105 2
1105 1104 2
1104 1164 2
1164 1104 2
1105 1106 13
1106 1105 13
1106 1107 3
1107 1106 3
1107 1108 17
1108 1107 17
1108 1109 17
1109 1108 17
1108 1168 15
1168 1108 15
1109 1110 1
1110 1109 1
1110 1111 6
1111 1110 6
1110 1170 12
1170 1110 12
1111 1112 4
1112 1111 4
1112 1113 13
1113 1112 13
1112 1172 5
1172 1112 5
1114 1115 5
1115 1114 5
1114 1174 2
1174 1114 2
1115 1116 16
1116 1115 16
1116 1176 1
1176 1116 1
1117 1118 1
1118 1117 1
1118 1178 4
1178 1118 4
1119 1120 4
1120 1119 4
1120 1180 17
1180 1120 17
1121 1122 18
1122 1121 18
1122 1123 4
1123 1122 4
1122 1182 13
1182 1122 13
1123 1124 16
1124 1123 16
1124 1125 2
1125 1124 2
1124 1184 9
1184 1124 9
1125 1126 1
1126 1125 1
1126 1127 19
1127 1126 19
1128 1129 1
1129 1128 1
1128 1188 11
1188 1128 11
1129 1130 7
1130 1129 7
1130 1131 10
1131 1130 10
1131 1132 1
1132 1131 1
1132 1133 15
1133 1132 15
1132 1192 17
1192 1132 17
1133 1134 10
1134 1133 10
1134 1135 9
1135 1134 9
1134 1194 8
1194 1134 8
1136 1137 7
1137 1136 7
1137 1138 8
1138 1137 8
1138 1139 14
1139 1138 14
1138 1198 16
1198 1138 16
1140 1141 10
1141 1140 10
1141 1142 18
1142 1141 18
1141 1201 4
1201 1141 4
1142 1143 14
1143 1142 14
1143 1144 17
1144 1143 17
1143 1203 10
1203 1143 10
1144 1145 1
1145 1144 1
1145 1146 15
1146 1145 15
1145 1205 15
1205 1145 15
1146 1147 7
1147 1146 7
1147 1148 10
1148 1147 10
1147 1207 4
1207 1147 4
1148 1149 2
1149 1148 2
1149 1150 18
1150 1149 18
1149 1209 16
1209 1149 16
1150 1151 6
1151 1150 6
1152 1153 16
1153 1152 16
1153 1154 18
1154 1153 18
1153 1213 8
1213 1153 8
1154 1155 6
1155 1154 6
1155 1215 6
1215 1155 6
1156 1157 8
1157 1156 8
1157 1158 12
1158 1157 12
1157 1217 18
1217 1157 18
1158 1159 16
1159 1158 16
1159 1160 6
1160 1159 6
1159 1219 17
1219 1159 17
1160 1161 9
1161 1160 9
1161 1162 5
1162 1161 5
1162 1163 10
1163 1162 10
1163 1164 1
1164 1163 1
1163 1223 4
1223 1163 4
1164 1165 2
1165 1164 2
1165 1166 9
1166 1165 9
1165 1225 11
1225 1165 11
1166 1167 13
1167 1166 13
1167 1168 6
1168 1167 6
1167 1227 8
1227 1167 8
1168 1169 12
1169 1168 12
1169 1170 16
1170 1169 16
1169 1229 5
1229 1169 5
1170 1171 14
1171 1170 14
1171 1231 12
1231 1171 12
1172 1173 6
1173 1172 6
1173 1174 10
1174 1173 10
1173 1233 5
1233 1173 5
1174 1175 7
1175 1174 7
1175 1176 4
1176 1175 4
1176 1177 6
1177 1176 6
1177 1178 14
1178 1177 14
1177 1237 2
1237 1177 2
1178 1179 17
1179 1178 17
1179 1180 12
1180 1179 12
1179 1239 14
1239 1179 14
1180 1181 8
1181 1180 8
1181 1182 11
1182 1181 11
1181 1241 8
1241 1181 8
1182 1183 13
1183 1182 13
1183 1184 4
1184 1183 4
1183 1243 6
1243 1183 6
1185 1186 1
1186 1185 1
1185 1245 15
1245 1185 15
1186 1187 17
1187 1186 17
1187 1188 19
1188 1187 19
1187 1247 1
1247 1187 1
1188 1189 1
1189 1188 1
1189 1190 5
1190 1189 5
1189 1249 13
1249 1189 13
1190 1191 11
1191 1190 11
1191 1251 3
1251 1191 3
1192 1193 1
1193 1192 1
1193 1194 7
1194 1193 7
1193 1253 16
1253 1193 16
1194 1195 17
1195 1194 17
1195 1196 6
1196 1195 6
1195 1255 4
1255 1195 4
1196 1197 3
1197 1196 3
1197 1198 17
1198 1197 17
1197 1257 19
1257 1197 19
1198 1199 10
1199 1198 10
1199 1259 12
1259 1199 12
1200 1201 2
1201 1200 2
1200 1260 18
1260 1200 18
1201 1202 6
1202 1201 6
1202 1203 3
1203 1202 3
1202 1262 4
1262 1202 4
1203 1204 18
1204 1203 18
1204 1205 18
1205 1204 18
1204 1264 8
1264 1204 8
1205 1206 7
1206 1205 7
1206 1207 2
1207 1206 2
1206 1266 12
1266 1206 12
1207 1208 4
1208 1207 4
1208 1209 16
1209 1208 16
1208 1268 12
1268 1208 12
1209 1210 1
1210 1209 1
1210 1211 10
1211 1210 10
1211 1212 8
1212 1211 8
1212 1213 1
1213 1212 1
1212 1272 7
1272 1212 7
1213 1214 19
1214 1213 19
1214 1215 18
1215 1214 18
1214 1274 13
1274 1214 13
1215 1216 16
1216 1215 16
1216 1217 12
1217 1216 12
1216 1276 14
1276 1216 14
1217 1218 1
1218 1217 1
1218 1219 5
1219 1218 5
1218 1278 6
1278 1218 6
1219 1220 6
1220 1219 6
1220 1221 6
1221 1220 6
1220 1280 8
1280 1220 8
1221 1222 13
1222 1221 13
1222 1223 2
1223 1222 2
1222 1282 10
1282 1222 10
1223 1224 17
1224 1223 17
1224 1225 10
1225 1224 10
1224 1284 15
1284 1224 15
1225 1226 17
1226 1225 17
1226 1227 13
1227 1226 13
1226 1286 4
1286 1226 4
1227 1228 5
1228 1227 5
1228 1229 17
1229 1228 17
1228 1288 17
1288 1228 17
1229 1230 1
1230 1229 1
1230 1231 4
1231 1230 4
1232 1233 16
1233 1232 16
1232 1292 1
1292 1232 1
1233 1234 9
1234 1233 9
1234 1235 17
1235 1234 17
1234 1294 9
1294 1234 9
1235 1236 8
1236 1235 8
1236 1237 2
1237 1236 2
1236 1296 18
1296 1236 18
1237 1238 16
1238 1237 16
1238 1239 15
1239 1238 15
1238 1298 17
1298 1238 17
1239 1240 18
1240 1239 18
1240 1241 10
1241 1240 10
1240 1300 4
1300 1240 4
1241 1242 6
1242 1241 6
1242 1243 15
1243 1242 15
1242 1302 7
1302 1242 7
1243 1244 18
1244 1243 18
1244 1304 14
1304 1244 14
1245 1246 11
1246 1245 11
1246 1247 18
1247 1246 18
1246 1306 8
1306 1246 8
1248 1249 16
1249 1248 16
1248 1308 3
1308 1248 3
1249 1250 13
1250 1249 13
1250 1251 8
1251 1250 8
1250 1310 16
1310 1250 16
1251 1252 16
1252 1251 16
1252 1253 12
1253 1252 12
1252 1312 8
1312 1252 8
1253 1254 10
1254 1253 10
1254 1255 4
1255 1254 4
1254 1314 6
1314 1254 6
1255 1256 1
1256 1255 1
1256 1316 16
1316 1256 16
1257 1258 9
1258 1257 9
1258 1259 17
1259 1258 17
1258 1318 1
1318 1258 1
1260 1261 13
1261 1260 13
1261 1262 16
1262 1261 16
1261 1321 8
1321 1261 8
1263 1264 17
1264 1263 17
1263 1323 10
1323 1263 10
1264 1265 1
1265 1264 1
1265 1266 19
1266 1265 19
1265 1325 9
1325 1265 9
1266 1267 16
1267 1266 16
1267 1268 3
1268 1267 3
1267 1327 7
1327 1267 7
1269 1270 1
1270 1269 1
1269 1329 6
1329 1269 6
1270 1271 8
1271 1270 8
1271 1272 17
1272 1271 17
1271 1331 13
1331 1271 13
1273 1274 19
1274 1273 19
1273 1333 9
1333 1273 9
1274 1275 6
1275 1274 6
1275 1276 15
1276 1275 15
1275 1335 12
1335 1275 12
1276 1277 13
1277 1276 13
1277 1278 7
1278 1277 7
1277 1337 19
1337 1277 19
1278 1279 1
1279 1278 1
1279 1280 17
1280 1279 17
1279 1339 15
1339 1279 15
1280 1281 13
1281 1280 13
1281 1282 18
1282 1281 18
1281 1341 7
1341 1281 7
1282 1283 11
1283 1282 11
1283 1284 10
1284 1283 10
1283 1343 10
1343 1283 10
1284 1285 7
1285 1284 7
1285 1286 15
1286 1285 15
1286 1287 16
1287 1286 16
1287 1288 18
1288 1287 18
1288 1289 15
1289 1288 15
1289 1290 7
1290 1289 7
1289 1349 13
1349 1289 13
1290 1291 3
1291 1290 3
1291 1292 14
1292 1291 14
1291 1351 16
1351 1291 16
1292 1293 7
1293 1292 7
1293 1294 18
1294 1293 18
1293 1353 17
1353 1293 17
1294 1295 11
1295 1294 11
1295 1355 10
1355 1295 10
1296 1297 10
1297 1296 10
1297 1357 5
1357 1297 5
1298 1299 10
1299 1298 10
1299 1359 1
1359 1299 1
1300 1301 5
1301 1300 5
1301 1302 4
1302 1301 4
1301 1361 18
1361 1301 18
1302 1303 13
1303 1302 13
1303 1304 9
1304 1303 9
1303 1363 9
1363 1303 9
1304 1305 19
1305 1304 19
1305 1306 12
1306 1305 12
1305 1365 11
1365 1305 11
1306 1307 14
1307 1306 14
1307 1308 18
1308 1307 18
1308 1309 9
1309 1308 9
1309 1310 10
1310 1309 10
1309 1369 13
1369 1309 13
1310 1311 9
1311 1310 9
1311 1312 9
1312 1311 9
1312 1313 4
1313 1312 4
1313 1314 11
1314 1313 11
1313 1373 13
1373 1313 13
1314 1315 14
1315 1314 14
1315 1316 3
1316 1315 3
1315 1375 7
1375 1315 7
1316 1317 12
1317 1316 12
1317 1318 13
1318 1317 13
1317 1377 11
1377 1317 11
1318 1319 10
1319 1318 10
1319 1379 15
1379 1319 15
1320 1321 8
1321 1320 8
1320 1380 9
1380 1320 9
1321 1322 16
1322 1321 16
1322 1382 12
1382 1322 12
1323 1324 1
1324 1323 1
1324 1325 6
1325 1324 6
1324 1384 4
1384 1324 4
1325 1326 6
1326 1325 6
1326 1327 4
1327 1326 4
1326 1386 13
1386 1326 13
1327 1328 14
1328 1327 14
1328 1329 6
1329 1328 6
1328 1388 11
1388 1328 11
1329 1330 11
1330 1329 11
1330 1331 17
1331 1330 17
1330 1390 9
1390 1330 9
1331 1332 14
1332 1331 14
1332 1333 13
1333 1332 13
1332 1392 13
1392 1332 13
1333 1334 1
1334 1333 1
1334 1394 5
1394 1334 5
1335 1336 13
1336 1335 13
1336 1337 3
1337 1336 3
1336 1396 18
1396 1336 18
1337 1338 5
1338 1337 5
1338 1339 6
1339 1338 6
1338 1398 9
1398 1338 9
1339 1340 14
1340 1339 14
1340 1341 6
1341 1340 6
1340 1400 3
1400 1340 3
1341 1342 17
1342 1341 17
1342 1402 18
1402 1342 18
1343 1344 13
1344 1343 13
1344 1404 13
1404 1344 13
1345 1346 6
1346 1345 6
1346 1406 3
1406 1346 3
1347 1348 10
1348 1347 10
1348 1349 4
1349 1348 4
1348 1408 19
1408 1348 19
1350 1351 18
1351 1350 18
1350 1410 14
1410 1350 14
1352 1353 3
1353 1352 3
1352 1412 12
1412 1352 12
1354 1355 7
1355 1354 7
1354 1414 10
1414 1354 10
1355 1356 6
1356 1355 6
1356 1357 15
1357 1356 15
1356 1416 2
1416 1356 2
1357 1358 7
1358 1357 7
1358 1359 8
1359 1358 8
1358 1418 14
1418 1358 14
1360 1361 9
1361 1360 9
1360 1420 12
1420 1360 12
1361 1362 5
1362 1361 5
1362 1363 2
1363 1362 2
1362 1422 16
1422 1362 16
1363 1364 13
1364 1363 13
1364 1365 5
1365 1364 5
1364 1424 15
1424 1364 15
1366 1367 2
1367 1366 2
1366 1426 5
1426 1366 5
1367 1368 8
1368 1367 8
1368 1428 17
1428 1368 17
1369 1370 15
1370 1369 15
1370 1430 17
1430 1370 17
1371 1372 9
1372 1371 9
1372 1373 2
1373 1372 2
1372 1432 2
1432 1372 2
1373 1374 13
1374 1373 13
1374 1375 10
1375 1374 10
1374 1434 18
1434 1374 18
1375 1376 4
1376 1375 4
1376 1377 5
1377 1376 5
1376 1436 2
1436 1376 2
1377 1378 17
1378 1377 17
1378 1438 17
1438 1378 17
1380 1381 15
1381 1380 15
1381 1382 14
1382 1381 14
1381 1441 6
1441 1381 6
1382 1383 9
1383 1382 9
1383 1384 2
1384 1383 2
1383 1443 6
1443 1383 6
1384 1385 7
1385 1384 7
1385 1386 6
1386 1385 6
1385 1445 2
1445 1385 2
1387 1388 6
1388 1387 6
1387 1447 8
1447 1387 8
1388 1389 11
1389 1388 11
1389 1390 8
1390 1389 8
1389 1449 15
1449 1389 15
1390 1391 18
1391 1390 18
1391 1392 8
1392 1391 8
1391 1451 17
1451 1391 17
1392 1393 11
1393 1392 11
1393 1394 2
1394 1393 2
1393 1453 16
1453 1393 16
1394 1395 2
1395 1394 2
1395 1396 6
1396 1395 6
1395 1455 5
1455 1395 5
1396 1397 15
1397 1396 15
1397 1398 3
1398 1397 3
1398 1399 18
1399 1398 18
1399 1400 18
1400 1399 18
1399 1459 18
1459 1399 18
1400 1401 8
1401 1400 8
1401 1402 12
1402 1401 12
1403 1404 3
1404 1403 3
1404 1405 3
1405 1404 3
1405 1406 8
1406 1405 8
1405 1465 2
1465 1405 2
1406 1407 15
1407 1406 15
1407 1408 4
1408 1407 4
1407 1467 10
1467 1407 10
1408 1409 4
1409 1408 4
1409 1410 12
1410 1409 12
1410 1411 5
1411 1410 5
1411 1412 6
1412 1411 6
1411 1471 15
1471 1411 15
1413 1414 4
1414 1413 4
1413 1473 2
1473 1413 2
1414 1415 12
1415 1414 12
1415 1416 17
1416 1415 17
1415 1475 11
1475 1415 11
1416 1417 14
1417 1416 14
1417 1418 17
1418 1417 17
1417 1477 7
1477 1417 7
1418 1419 15
1419 1418 15
1419 1420 10
1420 1419 10
1419 1479 13
1479 1419 13
1420 1421 4
1421 1420 4
1421 1422 1
1422 1421 1
1421 1481 3
1481 1421 3
1422 1423 10
1423 1422 10
1423 1483 4
1483 1423 4
1424 1425 2
1425 1424 2
1425 1426 12
1426 1425 12
1426 1427 5
1427 1426 5
1427 1428 12
1428 1427 12
1427 1487 12
1487 1427 12
1428 1429 1
1429 1428 1
1429 1430 12
1430 1429 12
1429 1489 5
1489 1429 5
1430 1431 12
1431 1430 12
1431 1432 11
1432 1431 11
1431 1491 11
1491 1431 11
1432 1433 13
1433 1432 13
1433 1493 14
1493 1433 14
1434 1435 17
1435 1434 17
1435 1436 13
1436 1435 13
1435 1495 15
1495 1435 15
1436 1437 16
1437 1436 16
1437 1438 17
1438 1437 17
1437 1497 7
1497 1437 7
1438 1439 8
1439 1438 8
1439 1499 1
1499 1439 1
1440 1441 5
1441 1440 5
1440 1500 17
1500 1440 17
1441 1442 1
1442 1441 1
1442 1443 10
1443 1442 10
1442 1502 1
1502 1442 1
1443 1444 17
1444 1443 17
1444 1445 7
1445 1444 7
1444 1504 16
1504 1444 16
1445 1446 6
1446 1445 6
1446 1447 13
1447 1446 13
1446 1506 18
1506 1446 18
1447 1448 14
1448 1447 14
1448 1449 6
1449 1448 6
1450 1451 1
1451 1450 1
1450 1510 2
1510 1450 2
1451 1452 1
1452 1451 1
1452 1453 1
1453 1452 1
1452 1512 9
1512 1452 9
1453 1454 3
1454 1453 3
1454 1514 15
1514 1454 15
1455 1456 17
1456 1455 17
1456 1457 17
1457 1456 17
1456 1516 1
1516 1456 1
1457 1458 4
1458 1457 4
1458 1459 9
1459 1458 9
1458 1518 19
1518 1458 19
1459 1460 18
1460 1459 18
1460 1461 17
1461 1460 17
1460 1520 18
1520 1460 18
1461 1462 11
1462 1461 11
1462 1463 2
1463 1462 2
1462 1522 18
1522 1462 18
1463 1464 14
1464 1463 14
1464 1465 16
1465 1464 16
1464 1524 12
1524 1464 12
1465 1466 13
1466 1465 13
1466 1467 14
1467 1466 14
1466 1526 2
1526 1466 2
1467 1468 17
1468 1467 17
1468 1469 3
1469 1468 3
1468 1528 18
1528 1468 18
1469 1470 3
1470 1469 3
1470 1471 12
1471 1470 12
1470 1530 16
1530 1470 16
1471 1472 16
1472 1471 16
1472 1473 10
1473 1472 10
1472 1532 10
1532 1472 10
1473 1474 18
1474 1473 18
1474 1475 2
1475 1474 2
1474 1534 13
1534 1474 13
1475 1476 13
1476 1475 13
1476 1477 16
1477 1476 16
1476 1536 13
1536 1476 13
1477 1478 11
1478 1477 11
1479 1480 18
1480 1479 18
1480 1481 14
1481 1480 14
1481 1482 11
1482 1481 11
1482 1483 9
1483 1482 9
1483 1484 4
1484 1483 4
1484 1485 15
1485 1484 15
1484 1544 4
1544 1484 4
1486 1487 8
1487 1486 8
1486 1546 2
1546 1486 2
1487 1488 3
1488 1487 3
1488 1489 4
1489 1488 4
1488 1548 1
1548 1488 1
1489 1490 15
1490 1489 15
1490 1491 7
1491 1490 7
1490 1550 6
1550 1490 6
1491 1492 8
1492 1491 8
1492 1493 18
1493 1492 18
1492 1552 7
1552 1492 7
1493 1494 9
1494 1493 9
1494 1495 18
1495 1494 18
1495 1496 2
1496 1495 2
1496 1497 12
1497 1496 12
1496 1556 18
1556 1496 18
1497 1498 5
1498 1497 5
1498 1499 14
1499 1498 14
1498 1558 12
1558 1498 12
1500 1501 1
1501 1500 1
1501 1561 6
1561 1501 6
1502 1503 6
1503 1502 6
1503 1504 18
1504 1503 18
1503 1563 12
1563 1503 12
1504 1505 3
1505 1504 3
1505 1506 12
1506 1505 12
1505 1565 11
1565 1505 11
1506 1507 3
1507 1506 3
1507 1508 2
1508 1507 2
1507 1567 15
1567 1507 15
1508 1509 16
1509 1508 16
1509 1510 4
1510 1509 4
1510 1511 3
1511 1510 3
1511 1512 18
1512 1511 18
1511 1571 2
1571 1511 2
1512 1513 4
1513 1512 4
1513 1514 6
1514 1513 6
1513 1573 3
1573 1513 3
1515 1516 6
1516 1515 6
1515 1575 10
1575 1515 10
1516 1517 11
1517 1516 11
1517 1518 15
1518 1517 15
1517 1577 17
1577 1517 17
1518 1519 5
1519 1518 5
1519 1520 1
1520 1519 1
1519 1579 17
1579 1519 17
1520 1521 14
1521 1520 14
1521 1581 3
1581 1521 3
1522 1523 12
1523 1522 12
1523 1583 4
1583 1523 4
1524 1525 8
1525 1524 8
1525 1585 2
1585 1525 2
1526 1527 3
1527 1526 3
1527 1528 15
1528 1527 15
1528 1529 9
1529 1528 9
1529 1530 3
1530 1529 3
1529 1589 5
1589 1529 5
1530 1531 2
1531 1530 2
1531 1532 17
1532 1531 17
1531 1591 16
1591 1531 16
1532 1533 7
1533 1532 7
1533 1534 12
1534 1533 12
1533 1593 14
1593 1533 14
1534 1535 15
1535 1534 15
1535 1536 15
1536 1535 15
1536 1537 15
1537 1536 15
1537 1538 1
1538 1537 1
1537 1597 2
1597 1537 2
1538 1539 2
1539 1538 2
1539 1540 12
1540 1539 12
1539 1599 8
1599 1539 8
1540 1541 2
1541 1540 2
1541 1542 14
1542 1541 14
1541 1601 10
1601 1541 10
1542 1543 14
1543 1542 14
1543 1544 17
1544 1543 17
1543 1603 12
1603 1543 12
1544 1545 16
1545 1544 16
1545 1546 6
1546 1545 6
1545 1605 14
1605 1545 14
1546 1547 7
1547 1546 7
1547 1548 16
1548 1547 16
1547 1607 17
1607 1547 17
1548 1549 18
1549 1548 18
1549 1550 11
1550 1549 11
1549 1609 6
1609 1549 6
1550 1551 2
1551 1550 2
1551 1552 17
1552 1551 17
1551 1611 17
1611 1551 17
1552 1553 6
1553 1552 6
1553 1554 5
1554 1553 5
1553 1613 10
1613 1553 10
1554 1555 6
1555 1554 6
1555 1556 3
1556 1555 3
1555 1615 8
1615 1555 8
1556 1557 7
1557 1556 7
1557 1558 6
1558 1557 6
1557 1617 4
1617 1557 4
1558 1559 9
1559 1558 9
1559 1619 11
1619 1559 11
1560 1620 18
1620 1560 18
1561 1562 7
1562 1561 7
1562 1563 14
1563 1562 14
1562 1622 7
1622 1562 7
1563 1564 15
1564 1563 15
1564 1565 11
1565 1564 11
1564 1624 14
1624 1564 14
1565 1566 5
1566 1565 5
1566 1626 13
1626 1566 13
1567 1568 1
1568 1567 1
1568 1569 5
1569 1568 5
1570 1571 17
1571 1570 17
1570 1630 1
1630 1570 1
1571 1572 3
1572 1571 3
1572 1632 3
1632 1572 3
1573 1574 11
1574 1573 11
1574 1575 13
1575 1574 13
1574 1634 16
1634 1574 16
1575 1576 12
1576 1575 12
1576 1577 6
1577 1576 6
1576 1636 1
1636 1576 1
1578 1579 2
1579 1578 2
1578 1638 12
1638 1578 12
1580 1581 7
1581 1580 7
1580 1640 15
1640 1580 15
1581 1582 15
1582 1581 15
1582 1583 8
1583 1582 8
1582 1642 6
1642 1582 6
1583 1584 18
1584 1583 18
1584 1585 10
1585 1584 10
1584 1644 2
1644 1584 2
1585 1586 5
1586 1585 5
1586 1587 13
1587 1586 13
1586 1646 15
1646 1586 15
1587 1588 18
1588 1587 18
1590 1650 17
1650 1590 17
1592 1652 19
1652 1592 19
1593 1594 13
1594 1593 13
1594 1595 2
1595 1594 2
1594 1654 1
1654 1594 1
1595 1596 16
1596 1595 16
1596 1656 18
1656 1596 18
1597 1598 16
1598 1597 16
1598 1658 13
1658 1598 13
1599 1600 18
1600 1599 18
1600 1601 3
1601 1600 3
1600 1660 13
1660 1600 13
1601 1602 13
1602 1601 13
1602 1603 8
1603 1602 8
1602 1662 18
1662 1602 18
1603 1604 4
1604 1603 4
1604 1605 13
1605 1604 13
1604 1664 10
1664 1604 10
1605 1606 5
1606 1605 5
1606 1607 9
1607 1606 9
1606 1666 19
1666 1606 19
1607 1608 3
1608 1607 3
1608 1609 1
1609 1608 1
1608 1668 12
1668 1608 12
1609 1610 15
1610 1609 15
1610 1611 5
1611 1610 5
1610 1670 5
1670 1610 5
1611 1612 4
1612 1611 4
1612 1613 3
1613 1612 3
1613 1614 17
1614 1613 17
1614 1674 7
1674 1614 7
1616 1617 10
1617 1616 10
1616 1676 1
1676 1616 1
1617 1618 17
1618 1617 17
1618 1619 19
1619 1618 19
1620 1621 3
1621 1620 3
1621 1622 17
1622 1621 17
1621 1681 14
1681 1621 14
1622 1623 7
1623 1622 7
1623 1624 17
1624 1623 17
1623 1683 18
1683 1623 18
1624 1625 7
1625 1624 7
1625 1626 3
1626 1625 3
1625 1685 16
1685 1625 16
1626 1627 12
1627 1626 12
1627 1628 13
1628 1627 13
1627 1687 3
1687 1627 3
1628 1629 1
1629 1628 1
1629 1630 10
1630 1629 10
1629 1689 11
1689 1629 11
1630 1631 3
1631 1630 3
1631 1632 16
1632 1631 16
1631 1691 8
1691 1631 8
1632 1633 5
1633 1632 5
1633 1634 11
1634 1633 11
1633 1693 15
1693 1633 15
1634 1635 17
1635 1634 17
1635 1636 2
1636 1635 2
1635 1695 10
1695 1635 10
1636 1637 8
1637 1636 8
1637 1697 3
1697 1637 3
1638 1639 19
1639 1638 19
1639 1699 13
1699 1639 13
1640 1641 10
1641 1640 10
1641 1701 1
1701 1641 1
1642 1643 17
1643 1642 17
1643 1644 2
1644 1643 2
1643 1703 17
1703 1643 17
1644 1645 4
1645 1644 4
1645 1646 17
1646 1645 17
1645 1705 5
1705 1645 5
1647 1648 11
1648 1647 11
1648 1649 1
1649 1648 1
1649 1650 17
1650 1649 17
1649 1709 5
1709 1649 5
1650 1651 14
1651 1650 14
1651 1652 8
1652 1651 8
1651 1711 12
1711 1651 12
1652 1653 9
1653 1652 9
1653 1654 9
1654 1653 9
1653 1713 11
1713 1653 11
1654 1655 10
1655 1654 10
1655 1656 2
1656 1655 2
1655 1715 15
1715 1655 15
1656 1657 1
1657 1656 1
1657 1658 13
1658 1657 13
1657 1717 4
1717 1657 4
1659 1660 3
1660 1659 3
1659 1719 4
1719 1659 4
1660 1661 2
1661 1660 2
1661 1662 15
1662 1661 15
1661 1721 14
1721 1661 14
1662 1663 13
1663 1662 13
1663 1664 17
1664 1663 17
1663 1723 17
1723 1663 17
1664 1665 4
1665 1664 4
1665 1666 7
1666 1665 7
1665 1725 3
1725 1665 3
1666 1667 13
1667 1666 13
1667 1668 4
1668 1667 4
1667 1727 16
1727 1667 16
1668 1669 3
1669 1668 3
1669 1670 19
1670 1669 19
1669 1729 5
1729 1669 5
1670 1671 2
1671 1670 2
1671 1672 8
1672 1671 8
1671 1731 5
1731 1671 5
1672 1673 16
1673 1672 16
1673 1674 18
1674 1673 18
1673 1733 9
1733 1673 9
1675 1735 16
1735 1675 16
1676 1677 5
1677 1676 5
1677 1678 16
1678 1677 16
1677 1737 10
1737 1677 10
1678 1679 10
1679 1678 10
1679 1739 16
1739 1679 16
1680 1681 6
1681 1680 6
1680 1740 16
1740 1680 16
1682 1683 12
1683 1682 12
1682 1742 14
1742 1682 14
1683 1684 11
1684 1683 11
1684 1685 4
1685 1684 4
1684 1744 15
1744 1684 15
1685 1686 16
1686 1685 16
1686 1687 8
1687 1686 8
1686 1746 2
1746 1686 2
1687 1688 17
1688 1687 17
1688 1689 15
1689 1688 15
1689 1690 14
1690 1689 14
1690 1691 2
1691 1690 2
1690 1750 4
1750 1690 4
1691 1692 7
1692 1691 7
1692 1693 12
1693 1692 12
1692 1752 10
1752 1692 10
1693 1694 14
1694 1693 14
1694 1754 5
1754 1694 5
1695 1696 18
1696 1695 18
1696 1697 6
1697 1696 6
1696 1756 3
1756 1696 3
1697 1698 13
1698 1697 13
1698 1699 9
1699 1698 9
1698 1758 9
1758 1698 9
1699 1700 1
1700 1699 1
1700 1701 11
1701 1700 11
1700 1760 10
1760 1700 10
1701 1702 6
1702 1701 6
1702 1703 18
1703 1702 18
1702 1762 3
1762 1702 3
1703 1704 16
1704 1703 16
1704 1705 1
1705 1704 1
1704 1764 5
1764 1704 5
1705 1706 1
1706 1705 1
1706 1707 5
1707 1706 5
1706 1766 18
1766 1706 18
1707 1708 17
1708 1707 17
1708 1709 16
1709 1708 16
1708 1768 6
1768 1708 6
1709 1710 9
1710 1709 9
1710 1711 12
1711 1710 12
1711 1712 13
1712 1711 13
1712 1713 16
1713 1712 16
1712 1772 5
1772 1712 5
1714 1715 18
1715 1714 18
1714 1774 17
1774 1714 17
1715 1716 18
1716 1715 18
1716 1717 16
1717 1716 16
1716 1776 4
1776 1716 4
1717 1718 3
1718 1717 3
1718 1719 9
1719 1718 9
1718 1778 14
1778 1718 14
1719 1720 7
1720 1719 7
1720 1721 6
1721 1720 6
1720 1780 1
1780 1720 1
1721 1722 7
1722 1721 7
1722 1723 11
1723 1722 11
1722 1782 5
1782 1722 5
1723 1724 18
1724 1723 18
1724 1725 19
1725 1724 19
1724 1784 1
1784 1724 1
1725 1726 5
1726 1725 5
1726 1727 17
1727 1726 17
1726 1786 1
1786 1726 1
1727 1728 10
1728 1727 10
1728 1729 4
1729 1728 4
1728 1788 1
1788 1728 1
1729 1730 6
1730 1729 6
1730 1731 8
1731 1730 8
1730 1790 5
1790 1730 5
1731 1732 3
1732 1731 3
1732 1733 15
1733 1732 15
1733 1734 6
1734 1733 6
1734 1735 7
1735 1734 7
1734 1794 18
1794 1734 18
1735 1736 3
1736 1735 3
1736 1737 1
1737 1736 1
1736 1796 6
1796 1736 6
1738 1739 4
1739 1738 4
1738 1798 7
1798 1738 7
1740 1741 17
1741 1740 17
1741 1742 13
1742 1741 13
1743 1744 1
1744 1743 1
1744 1745 4
1745 1744 4
1745 1746 15
1746 1745 15
1746 1747 17
1747 1746 17
1747 1748 1
1748 1747 1
1748 1749 18
1749 1748 18
1749 1750 7
1750 1749 7
1750 1751 18
1751 1750 18
1751 1752 17
1752 1751 17
1752 1753 1
1753 1752 1
1753 1754 3
1754 1753 3
1754 1755 7
1755 1754 7
1755 1756 14
1756 1755 14
1756 1757 8
1757 1756 8
1757 1758 4
1758 1757 4
1758 1759 7
1759 1758 7
1761 1762 1
1762 1761 1
1762 1763 18
1763 1762 18
1763 1764 17
1764 1763 17
1765 1766 17
1766 1765 17
1766 1767 6
1767 1766 6
1768 1769 5
1769 1768 5
1770 1771 16
1771 1770 16
1771 1772 9
1772 1771 9
1772 1773 18
1773 1772 18
1773 1774 9
1774 1773 9
1774 1775 15
1775 1774 15
1775 1776 3
1776 1775 3
1776 1777 9
1777 1776 9
1777 1778 3
1778 1777 3
1778 1779 14
1779 1778 14
1779 1780 16
1780 1779 16
1781 1782 8
1782 1781 8
1782 1783 1
1783 1782 1
1783 1784 10
1784 1783 10
1784 1785 19
1785 1784 19
1785 1786 16
1786 1785 16
1787 1788 6
1788 1787 6
1788 1789 2
1789 1788 2
1789 1790 10
1790 1789 10
1790 1791 7
1791 1790 7
1791 1792 19
1792 1791 19
1792 1793 4
1793 1792 4
1793 1794 8
1794 1793 8
1794 1795 2
1795 1794 2
1795 1796 5
1796 1795 5
1796 1797 12
1797 1796 12
1797 1798 1
1798 1797 1
4 1325 1684
7 680 1153
8 433 1149
9 280 344
12 774 1104
16 124 1683
17 159 1173
18 1516 1779
19 822 1585
20 268 1066
23 114 1240
24 286 311
26 1164 1748
27 1724 1796
31 906 1098
32 108 1496
37 1387 1758
38 91 1002
39 624 1317
40 377 409
42 254 1628
43 357 550
44 1086 1174
45 191 1432
47 1399 1477
50 904 1441
51 127 1130
53 1418 1535
54 181 1096
55 424 1599
56 1304 1591
57 1202 1275
58 64 1252
60 745 1502
61 362 834
62 739 786
63 749 1723
65 696 836
66 723 724
67 934 1264
70 666 835
72 827 1378
77 355 792
79 658 1289
84 709 807
86 988 1147
88 818 858
89 273 959
90 993 1499
92 598 1330
94 1480 1534
96 133 500
98 833 927
99 1076 1084
102 621 1545
103 444 1421
104 313 1594
105 1061 1470
106 1734 1744
107 391 897
110 707 1783
116 1259 1603
118 175 662
119 151 583
120 176 1400
126 576 1331
129 773 1075
130 332 1265
134 446 1632
135 167 464
136 473 489
137 1251 1717
140 601 609
141 342 1602
142 352 1190
146 341 918
147 984 1642
148 373 1187
149 1385 1561
150 439 1787
152 537 911
153 1383 1790
156 529 1658
158 1095 1227
160 946 1039
162 276 619
163 622 1074
164 526 920
165 525 1459
169 551 1649
170 1162 1316
171 612 1780
173 498 1519
174 852 1565
179 1019 1051
183 1341 1484
184 743 1215
185 267 1570
186 692 1607
187 196 1167
188 289 1610
189 1178 1280
192 337 1725
194 851 1195
195 923 1455
197 953 1711
198 347 721
199 1111 1786
203 323 1688
204 351 394
205 1239 1272
209 832 924
210 452 746
212 1490 1732
214 1054 1693
215 649 1447
220 970 1487
221 776 913
222 1217 1726
223 1302 1446
224 1372 1718
225 820 1656
230 586 1578
231 752 976
232 1172 1719
234 1382 1741
236 710 1305
237 494 570
239 742 1450
240 1497 1562
242 291 631
244 425 969
245 1232 1554
247 363 1024
252 1551 1700
253 1152 1494
255 1262 1445
256 1179 1703
260 722 1221
261 1277 1536
263 979 1192
266 821 1759
269 647 1032
272 1375 1705
277 438 1115
281 292 879
282 496 1715
284 1125 1600
287 585 1706
288 1267 1308
290 857 1046
293 845 892
295 1521 1611
296 838 1072
298 748 1137
300 368 675
301 1324 1556
305 1151 1367
308 926 1109
310 369 1113
316 1183 1542
317 331 389
319 780 848
321 539 1647
322 474 562
324 380 1103
326 476 777
327 682 1406
328 1247 1403
329 1469 1593
330 758 1384
333 388 543
334 429 762
335 887 1077
339 673 1349
345 478 1142
349 415 582
353 797 1119
356 528 1177
358 935 1168
360 1444 1472
361 1360 1366
364 587 1665
366 626 1544
367 830 877
374 495 1205
375 1189 1622
384 505 729
385 1312 1757
386 1146 1573
392 542 627
393 1100 1795
395 1320 1612
398 1028 1381
399 404 599
402 490 1505
407 1500 1569
412 1282 1369
414 507 1589
416 523 1058
417 432 1699
423 865 1471
426 687 1549
427 718 1504
428 538 630
430 625 1390
434 596 1517
435 712 1356
436 593 995
437 705 1798
442 828 1297
443 908 1132
445 1131 1522
453 1523 1552
454 1007 1737
458 811 1511
462 488 1456
463 799 880
468 510 648
469 744 1201
470 1255 1425
472 1083 1229
475 1226 1397
482 1564 1760
485 607 1489
487 1386 1567
493 860 1223
499 1290 1788
502 1433 1661
503 644 936
506 1040 1344
508 869 903
512 1011 1020
513 883 1618
518 937 1283
520 564 689
527 1319 1491
533 719 1518
534 1211 1736
549 577 1512
554 997 1722
559 605 1309
566 654 1135
568 1422 1473
574 1060 1782
575 731 1256
584 862 1664
588 595 676
591 634 1729
603 840 1431
606 1025 1080
610 1156 1196
611 1053 1639
614 669 1492
615 863 1059
616 921 1013
623 896 1012
628 1245 1281
629 1478 1668
635 961 992
642 1620 1778
643 1468 1698
653 715 1530
656 756 1676
660 1087 1090
661 1350 1501
664 916 1429
667 1686 1701
668 958 1667
681 1155 1314
683 1296 1605
684 1027 1286
690 1191 1438
695 902 1659
697 1364 1756
706 781 967
717 1029 1318
720 890 1081
727 1435 1531
733 853 885
737 1120 1479
738 956 1727
740 750 962
753 779 998
755 1052 1198
759 978 1415
760 1248 1575
761 1448 1572
763 1328 1754
764 1402 1733
765 768 1332
766 1069 1138
770 800 804
771 844 1068
785 1389 1532
788 837 1337
789 810 1543
791 1234 1621
794 1243 1485
795 1056 1184
796 1675 1710
802 1057 1730
814 1574 1747
819 1197 1359
825 1393 1657
829 1089 1357
839 972 1271
843 1257 1563
846 1067 1411
849 1465 1651
854 1685 1687
859 1041 1739
872 1293 1541
873 1094 1579
886 1157 1346
888 975 1370
889 1016 1750
891 929 1528
895 1412 1716
898 982 1436
907 1208 1419
917 1270 1615
919 1123 1295
928 1329 1424
931 1482 1708
933 1158 1374
940 954 1348
941 1106 1244
947 1063 1279
963 1050 1682
977 1092 1284
985 1299 1745
996 1540 1775
1005 1048 1498
1008 1073 1235
1009 1430 1584
1018 1354 1513
1021 1663 1702
1047 1322 1538
1055 1078 1194
1085 1107 1121
1099 1524 1721
1105 1408 1645
1112 1753 1765
1117 1351 1377
1126 1547 1666
1127 1236 1546
1133 1212 1475
1163 1503 1636
1169 1206 1767
1214 1263 1353
1220 1608 1735
1224 1362 1460
1233 1466 1694
1237 1343 1463
1268 1443 1461
1278 1313 1440
1285 1311 1555
1287 1557 1746
1303 1614 1627
1327 1454 1595
1380 1413 1713
1420 1640 1697
1462 1514 1539
1493 1609 1690
1548 1650 1679
1558 1619 1777
1582 1674 1770
1592 1625 1771
