3086 1150 1 1150 658
1 2 7
2 1 7
1 48 11
48 1 11
2 3 10
3 2 10
3 4 15
4 3 15
3 50 14
50 3 14
4 5 1
5 4 1
5 6 10
6 5 10
5 52 11
52 5 11
6 7 11
7 6 11
7 8 10
8 7 10
7 54 12
54 7 12
9 10 8
10 9 8
10 11 17
11 10 17
11 12 6
12 11 6
12 13 12
13 12 12
13 14 18
14 13 18
13 60 7
60 13 7
14 15 6
15 14 6
15 16 4
16 15 4
15 62 14
62 15 14
16 17 2
17 16 2
17 18 2
18 17 2
17 64 9
64 17 9
18 19 5
19 18 5
19 20 19
20 19 19
19 66 5
66 19 5
20 21 14
21 20 14
21 22 19
22 21 19
21 68 9
68 21 9
22 23 9
23 22 9
23 24 3
24 23 3
23 70 2
70 23 2
24 25 13
25 24 13
25 26 1
26 25 1
25 72 7
72 25 7
26 27 1
27 26 1
27 28 14
28 27 14
29 30 3
30 29 3
29 76 18
76 29 18
30 31 9
31 30 9
31 32 1
32 31 1
31 78 5
78 31 5
32 33 14
33 32 14
33 34 18
34 33 18
33 80 18
80 33 18
34 35 14
35 34 14
35 36 16
36 35 16
35 82 1
82 35 1
36 37 3
37 36 3
37 38 16
38 37 16
37 84 12
84 37 12
38 39 2
39 38 2
39 40 6
40 39 6
39 86 1
86 39 1
40 41 2
41 40 2
41 42 9
42 41 9
41 88 15
88 41 15
42 43 15
43 42 15
43 44 14
44 43 14
43 90 18
90 43 18
45 46 14
46 45 14
45 92 13
92 45 13
46 47 6
47 46 6
47 94 17
94 47 17
48 49 16
49 48 16
49 50 4
50 49 4
49 97 17
97 49 17
50 51 5
51 50 5
51 52 8
52 51 8
51 99 4
99 51 4
53 101 2
101 53 2
54 55 12
55 54 12
56 57 3
57 56 3
57 58 9
58 57 9
57 105 14
105 57 14
58 59 17
59 58 17
59 60 19
60 59 19
59 107 18
107 59 18
60 61 11
61 60 11
61 62 17
62 61 17
62 63 7
63 62 7
63 64 19
64 63 19
63 111 15
111 63 15
64 65 12
65 64 12
65 66 6
66 65 6
65 113 12
113 65 12
66 67 12
67 66 12
67 68 16
68 67 16
67 115 1
115 67 1
68 69 17
69 68 17
69 70 12
70 69 12
69 117 16
117 69 16
70 71 18
71 70 18
71 72 14
72 71 14
71 119 18
119 71 18
72 73 17
73 72 17
73 74 12
74 73 12
73 121 18
121 73 18
74 75 1
75 74 1
75 76 4
76 75 4
75 123 3
123 75 3
76 77 6
77 76 6
77 78 17
78 77 17
78 79 6
79 78 6
79 127 11
127 79 11
80 81 14
81 80 14
81 82 11
82 81 11
81 129 19
129 81 19
82 83 3
83 82 3
83 84 8
84 83 8
83 131 6
131 83 6
85 86 16
86 85 16
85 133 3
133 85 3
86 87 13
87 86 13
87 88 1
88 87 1
87 135 14
135 87 14
88 89 2
89 88 2
89 90 3
90 89 3
89 137 16
137 89 16
90 91 4
91 90 4
91 92 4
92 91 4
91 139 10
139 91 10
92 93 11
93 92 11
93 94 4
94 93 4
93 141 19
141 93 19
94 95 10
95 94 10
95 143 16
143 95 16
96 97 17
97 96 17
96 144 6
144 96 6
97 98 8
98 97 8
98 99 10
99 98 10
98 146 16
146 98 16
99 100 10
100 99 10
100 101 10
101 100 10
100 148 18
148 100 18
101 102 13
102 101 13
102 150 10
150 102 10
103 104 6
104 103 6
104 105 5
105 104 5
104 152 4
152 104 4
105 106 17
106 105 17
106 154 2
154 106 2
107 108 1
108 107 1
108 109 5
109 108 5
108 156 5
156 108 5
109 110 2
110 109 2
110 111 14
111 110 14
110 158 2
158 110 2
111 112 2
112 111 2
112 113 12
113 112 12
112 160 6
160 112 6
114 115 8
115 114 8
114 162 3
162 114 3
115 116 7
116 115 7
116 164 12
164 116 12
117 118 7
118 117 7
118 119 5
119 118 5
119 120 7
120 119 7
120 168 9
168 120 9
121 122 18
122 121 18
122 123 11
123 122 11
122 170 2
170 122 2
123 124 17
124 123 17
124 125 6
125 124 6
124 172 17
172 124 17
125 126 4
126 125 4
126 127 4
127 126 4
126 174 16
174 126 16
127 128 1
128 127 1
128 129 16
129 128 16
128 176 10
176 128 10
129 130 17
130 129 17
130 178 15
178 130 15
131 132 9
132 131 9
132 133 5
133 132 5
132 180 12
180 132 12
133 134 12
134 133 12
134 135 5
135 134 5
134 182 1
182 134 1
135 136 12
136 135 12
136 184 12
184 136 12
137 138 16
138 137 16
138 139 17
139 138 17
138 186 8
186 138 8
139 140 14
140 139 14
140 188 16
188 140 16
141 142 4
142 141 4
142 143 9
143 142 9
142 190 8
190 142 8
145 146 10
146 145 10
145 193 16
193 145 16
146 147 10
147 146 10
147 148 6
148 147 6
147 195 6
195 147 6
148 149 9
149 148 9
149 150 7
150 149 7
149 197 8
197 149 8
150 151 9
151 150 9
151 152 16
152 151 16
151 199 3
199 151 3
152 153 4
153 152 4
153 154 2
154 153 2
153 201 14
201 153 14
154 155 12
155 154 12
155 156 9
156 155 9
155 203 17
203 155 17
156 157 12
157 156 12
157 158 6
158 157 6
157 205 4
205 157 4
158 159 5
159 158 5
159 160 4
160 159 4
159 207 18
207 159 18
160 161 10
161 160 10
161 162 18
162 161 18
161 209 12
209 161 12
162 163 1
163 162 1
163 164 3
164 163 3
163 211 12
211 163 12
164 165 17
165 164 17
165 166 1
166 165 1
165 213 17
213 165 17
166 167 7
167 166 7
167 168 19
168 167 19
167 215 16
215 167 16
169 170 4
170 169 4
169 217 12
217 169 12
170 171 12
171 170 12
171 172 7
172 171 7
172 173 11
173 172 11
173 174 16
174 173 16
174 175 11
175 174 11
175 176 12
176 175 12
175 223 9
223 175 9
176 177 6
177 176 6
177 178 12
178 177 12
177 225 7
225 177 7
178 179 7
179 178 7
179 180 13
180 179 13
179 227 17
227 179 17
180 181 15
181 180 15
181 182 18
182 181 18
182 183 13
183 182 13
183 184 10
184 183 10
183 231 7
231 183 7
184 185 3
185 184 3
185 186 18
186 185 18
185 233 19
233 185 19
186 187 3
187 186 3
187 188 12
188 187 12
187 235 19
235 187 19
188 189 6
189 188 6
189 190 12
190 189 12
189 237 1
237 189 1
190 191 1
191 190 1
191 239 4
239 191 4
192 193 3
193 192 3
193 194 8
194 193 8
194 195 18
195 194 18
194 242 13
242 194 13
195 196 12
196 195 12
196 197 1
197 196 1
196 244 17
244 196 17
197 198 8
198 197 8
198 199 2
199 198 2
198 246 6
246 198 6
199 200 13
200 199 13
200 201 11
201 200 11
200 248 8
248 200 8
201 202 1
202 201 1
202 203 12
203 202 12
202 250 14
250 202 14
203 204 9
204 203 9
204 205 6
205 204 6
204 252 1
252 204 1
205 206 16
206 205 16
206 207 14
207 206 14
206 254 14
254 206 14
207 208 15
208 207 15
208 209 2
209 208 2
208 256 9
256 208 9
209 210 3
210 209 3
210 211 4
211 210 4
210 258 3
258 210 3
211 212 11
212 211 11
212 213 11
213 212 11
212 260 3
260 212 3
213 214 15
214 213 15
214 215 11
215 214 11
214 262 3
262 214 3
215 216 17
216 215 17
216 217 17
217 216 17
217 218 7
218 217 7
218 219 5
219 218 5
218 266 11
266 218 11
219 220 16
220 219 16
220 221 16
221 220 16
220 268 7
268 220 7
221 222 13
222 221 13
222 223 8
223 222 8
222 270 9
270 222 9
223 224 8
224 223 8
224 225 6
225 224 6
224 272 10
272 224 10
225 226 5
226 225 5
226 274 10
274 226 10
227 228 13
228 227 13
228 229 6
229 228 6
228 276 16
276 228 16
229 230 4
230 229 4
230 231 17
231 230 17
230 278 16
278 230 16
231 232 7
232 231 7
232 233 12
233 232 12
232 280 5
280 232 5
233 234 2
234 233 2
234 282 8
282 234 8
235 236 4
236 235 4
236 237 9
237 236 9
236 284 19
284 236 19
237 238 16
238 237 16
238 239 9
239 238 9
238 286 8
286 238 8
240 241 5
241 240 5
241 242 3
242 241 3
242 243 17
243 242 17
243 291 12
291 243 12
245 246 12
246 245 12
245 293 4
293 245 4
246 247 10
247 246 10
247 248 5
248 247 5
247 295 1
295 247 1
248 249 12
249 248 12
249 297 15
297 249 15
250 251 6
251 250 6
251 252 1
252 251 1
252 253 14
253 252 14
253 254 13
254 253 13
253 301 15
301 253 15
254 255 11
255 254 11
255 256 13
256 255 13
255 303 14
303 255 14
256 257 4
257 256 4
257 258 11
258 257 11
257 305 8
305 257 8
258 259 11
259 258 11
259 260 7
260 259 7
259 307 6
307 259 6
260 261 8
261 260 8
261 262 9
262 261 9
261 309 1
309 261 1
262 263 9
263 262 9
263 264 7
264 263 7
263 311 9
311 263 9
264 265 18
265 264 18
265 266 8
266 265 8
265 313 13
313 265 13
266 267 18
267 266 18
267 268 15
268 267 15
267 315 9
315 267 9
268 269 15
269 268 15
269 270 4
270 269 4
270 271 18
271 270 18
271 272 17
272 271 17
271 319 12
319 271 12
272 273 12
273 272 12
273 274 17
274 273 17
273 321 18
321 273 18
274 275 18
275 274 18
275 276 7
276 275 7
275 323 6
323 275 6
276 277 7
277 276 7
277 278 15
278 277 15
277 325 14
325 277 14
278 279 14
279 278 14
279 280 9
280 279 9
279 327 13
327 279 13
280 281 4
281 280 4
281 329 6
329 281 6
282 283 17
283 282 17
283 284 17
284 283 17
283 331 11
331 283 11
284 285 9
285 284 9
285 333 9
333 285 9
287 335 4
335 287 4
288 289 13
289 288 13
288 336 6
336 288 6
289 290 14
290 289 14
290 291 13
291 290 13
290 338 14
338 290 14
291 292 13
292 291 13
292 293 15
293 292 15
292 340 16
340 292 16
293 294 9
294 293 9
294 295 1
295 294 1
294 342 4
342 294 4
296 297 4
297 296 4
296 344 5
344 296 5
297 298 11
298 297 11
298 299 15
299 298 15
298 346 11
346 298 11
299 300 16
300 299 16
300 348 5
348 300 5
301 302 15
302 301 15
302 303 7
303 302 7
302 350 5
350 302 5
303 304 8
304 303 8
304 305 19
305 304 19
305 306 14
306 305 14
306 307 19
307 306 19
306 354 6
354 306 6
307 308 16
308 307 16
308 309 16
309 308 16
308 356 10
356 308 10
310 311 7
311 310 7
310 358 15
358 310 15
311 312 17
312 311 17
312 313 9
313 312 9
312 360 5
360 312 5
313 314 15
314 313 15
314 315 14
315 314 14
314 362 8
362 314 8
315 316 12
316 315 12
316 317 10
317 316 10
316 364 18
364 316 18
317 318 13
318 317 13
318 319 3
319 318 3
318 366 17
366 318 17
319 320 6
320 319 6
320 321 3
321 320 3
320 368 16
368 320 16
321 322 8
322 321 8
322 323 2
323 322 2
322 370 2
370 322 2
323 324 18
324 323 18
324 325 6
325 324 6
324 372 10
372 324 10
325 326 9
326 325 9
326 327 14
327 326 14
326 374 18
374 326 18
327 328 9
328 327 9
328 329 2
329 328 2
328 376 9
376 328 9
329 330 10
330 329 10
330 331 3
331 330 3
330 378 10
378 330 10
331 332 17
332 331 17
332 333 3
333 332 3
332 380 19
380 332 19
333 334 12
334 333 12
334 335 12
335 334 12
334 382 12
382 334 12
336 337 4
337 336 4
337 338 1
338 337 1
337 385 19
385 337 19
338 339 18
339 338 18
339 340 3
340 339 3
339 387 8
387 339 8
340 341 18
341 340 18
341 342 19
342 341 19
341 389 14
389 341 14
342 343 1
343 342 1
343 344 8
344 343 8
344 345 7
345 344 7
345 346 2
346 345 2
345 393 5
393 345 5
346 347 15
347 346 15
347 348 16
348 347 16
347 395 10
395 347 10
348 349 3
349 348 3
349 350 15
350 349 15
349 397 2
397 349 2
350 351 16
351 350 16
351 352 12
352 351 12
351 399 6
399 351 6
352 353 4
353 352 4
353 354 18
354 353 18
353 401 10
401 353 10
354 355 19
355 354 19
355 356 10
356 355 10
355 403 10
403 355 10
356 357 11
357 356 11
357 358 1
358 357 1
357 405 14
405 357 14
358 359 15
359 358 15
359 360 16
360 359 16
359 407 7
407 359 7
360 361 17
361 360 17
361 362 6
362 361 6
361 409 10
409 361 10
362 363 1
363 362 1
363 364 17
364 363 17
363 411 16
411 363 16
364 365 4
365 364 4
365 366 17
366 365 17
365 413 2
413 365 2
366 367 14
367 366 14
367 368 14
368 367 14
367 415 9
415 367 9
368 369 14
369 368 14
369 370 1
370 369 1
369 417 13
417 369 13
370 371 13
371 370 13
371 372 12
372 371 12
371 419 12
419 371 12
372 373 15
373 372 15
373 421 12
421 373 12
374 375 19
375 374 19
375 376 1
376 375 1
375 423 9
423 375 9
377 378 11
378 377 11
377 425 5
425 377 5
378 379 17
379 378 17
379 380 5
380 379 5
379 427 18
427 379 18
380 381 15
381 380 15
381 382 14
382 381 14
381 429 2
429 381 2
382 383 13
383 382 13
383 431 11
431 383 11
384 385 16
385 384 16
384 432 13
432 384 13
385 386 16
386 385 16
386 387 19
387 386 19
386 434 16
434 386 16
387 388 15
388 387 15
388 436 17
436 388 17
389 390 10
390 389 10
390 391 3
391 390 3
390 438 9
438 390 9
391 392 13
392 391 13
392 393 2
393 392 2
392 440 10
440 392 10
393 394 8
394 393 8
394 395 17
395 394 17
395 396 19
396 395 19
396 397 14
397 396 14
396 444 16
444 396 16
397 398 7
398 397 7
398 399 18
399 398 18
398 446 19
446 398 19
399 400 16
400 399 16
400 401 5
401 400 5
400 448 13
448 400 13
401 402 11
402 401 11
402 403 15
403 402 15
402 450 13
450 402 13
404 405 3
405 404 3
404 452 8
452 404 8
405 406 11
406 405 11
406 407 5
407 406 5
406 454 17
454 406 17
407 408 16
408 407 16
408 409 13
409 408 13
408 456 5
456 408 5
409 410 13
410 409 13
410 411 13
411 410 13
410 458 8
458 410 8
411 412 1
412 411 1
412 413 5
413 412 5
412 460 2
460 412 2
414 415 15
415 414 15
414 462 1
462 414 1
415 416 10
416 415 10
416 417 10
417 416 10
416 464 7
464 416 7
417 418 7
418 417 7
418 419 13
419 418 13
418 466 12
466 418 12
419 420 15
420 419 15
420 421 13
421 420 13
420 468 4
468 420 4
421 422 15
422 421 15
422 423 17
423 422 17
422 470 5
470 422 5
423 424 15
424 423 15
424 425 3
425 424 3
424 472 16
472 424 16
425 426 5
426 425 5
426 474 3
474 426 3
427 428 8
428 427 8
428 476 3
476 428 3
430 431 13
431 430 13
430 478 8
478 430 8
432 433 5
433 432 5
433 434 11
434 433 11
433 481 19
481 433 19
434 435 19
435 434 19
435 436 4
436 435 4
436 437 8
437 436 8
437 438 3
438 437 3
437 485 6
485 437 6
438 439 17
439 438 17
439 440 13
440 439 13
439 487 6
487 439 6
440 441 1
441 440 1
441 442 8
442 441 8
441 489 15
489 441 15
442 443 19
443 442 19
443 444 11
444 443 11
443 491 2
491 443 2
444 445 12
445 444 12
445 446 7
446 445 7
447 495 18
495 447 18
448 449 8
449 448 8
449 497 12
497 449 12
450 451 19
451 450 19
451 452 12
452 451 12
451 499 16
499 451 16
453 454 15
454 453 15
453 501 9
501 453 9
454 455 1
455 454 1
455 456 9
456 455 9
455 503 13
503 455 13
456 457 11
457 456 11
457 458 2
458 457 2
457 505 12
505 457 12
459 460 3
460 459 3
459 507 15
507 459 15
460 461 6
461 460 6
461 509 16
509 461 16
462 463 7
463 462 7
463 464 14
464 463 14
463 511 1
511 463 1
464 465 14
465 464 14
465 466 7
466 465 7
465 513 18
513 465 18
466 467 14
467 466 14
467 468 10
468 467 10
467 515 3
515 467 3
469 470 18
470 469 18
469 517 5
517 469 5
470 471 7
471 470 7
471 472 5
472 471 5
471 519 7
519 471 7
472 473 7
473 472 7
473 474 10
474 473 10
473 521 2
521 473 2
474 475 9
475 474 9
475 476 3
476 475 3
475 523 8
523 475 8
476 477 8
477 476 8
477 478 2
478 477 2
477 525 17
525 477 17
478 479 14
479 478 14
479 527 4
527 479 4
480 528 18
528 480 18
481 482 18
482 481 18
482 483 3
483 482 3
482 530 1
530 482 1
483 484 13
484 483 13
484 485 10
485 484 10
484 532 15
532 484 15
485 486 5
486 485 5
486 487 17
487 486 17
486 534 2
534 486 2
487 488 9
488 487 9
488 489 18
489 488 18
488 536 16
536 488 16
489 490 15
490 489 15
490 491 9
491 490 9
490 538 1
538 490 1
491 492 12
492 491 12
492 493 8
493 492 8
492 540 2
540 492 2
493 494 16
494 493 16
494 495 1
495 494 1
494 542 11
542 494 11
495 496 16
496 495 16
496 497 16
497 496 16
496 544 4
544 496 4
497 498 2
498 497 2
498 499 12
499 498 12
498 546 18
546 498 18
499 500 9
500 499 9
500 548 10
548 500 10
501 502 3
502 501 3
502 503 11
503 502 11
502 550 10
550 502 10
503 504 16
504 503 16
504 505 16
505 504 16
504 552 19
552 504 19
505 506 10
506 505 10
506 507 5
507 506 5
506 554 8
554 506 8
507 508 14
508 507 14
508 509 2
509 508 2
508 556 1
556 508 1
509 510 13
510 509 13
510 511 2
511 510 2
511 512 11
512 511 11
512 513 16
513 512 16
512 560 19
560 512 19
513 514 1
514 513 1
514 515 11
515 514 11
514 562 14
562 514 14
515 516 9
516 515 9
516 517 7
517 516 7
516 564 17
564 516 17
517 518 14
518 517 14
518 519 12
519 518 12
518 566 8
566 518 8
519 520 15
520 519 15
520 521 7
521 520 7
520 568 16
568 520 16
522 523 10
523 522 10
522 570 9
570 522 9
523 524 7
524 523 7
524 525 2
525 524 2
524 572 9
572 524 9
526 527 12
527 526 12
526 574 11
574 526 11
528 529 13
529 528 13
529 530 16
530 529 16
529 577 5
577 529 5
530 531 19
531 530 19
531 532 13
532 531 13
531 579 13
579 531 13
532 533 11
533 532 11
533 534 8
534 533 8
533 581 11
581 533 11
534 535 6
535 534 6
535 536 6
536 535 6
535 583 9
583 535 9
536 537 1
537 536 1
537 538 1
538 537 1
537 585 2
585 537 2
539 540 15
540 539 15
539 587 14
587 539 14
540 541 11
541 540 11
541 542 1
542 541 1
542 543 5
543 542 5
543 544 19
544 543 19
543 591 8
591 543 8
544 545 6
545 544 6
545 546 18
546 545 18
545 593 13
593 545 13
546 547 8
547 546 8
547 595 1
595 547 1
548 549 10
549 548 10
549 550 7
550 549 7
549 597 4
597 549 4
550 551 7
551 550 7
551 552 19
552 551 19
551 599 17
599 551 17
552 553 12
553 552 12
553 554 7
554 553 7
554 555 18
555 554 18
555 556 7
556 555 7
555 603 2
603 555 2
556 557 16
557 556 16
557 558 15
558 557 15
557 605 5
605 557 5
558 559 13
559 558 13
559 560 17
560 559 17
560 561 18
561 560 18
561 562 3
562 561 3
561 609 7
609 561 7
562 563 10
563 562 10
563 564 2
564 563 2
563 611 17
611 563 17
564 565 8
565 564 8
565 566 1
566 565 1
566 567 5
567 566 5
567 568 18
568 567 18
567 615 13
615 567 13
568 569 4
569 568 4
569 570 11
570 569 11
569 617 10
617 569 10
570 571 14
571 570 14
571 572 1
572 571 1
571 619 8
619 571 8
572 573 9
573 572 9
573 574 7
574 573 7
573 621 18
621 573 18
574 575 10
575 574 10
575 623 2
623 575 2
576 577 10
577 576 10
576 624 7
624 576 7
577 578 7
578 577 7
578 579 5
579 578 5
578 626 12
626 578 12
579 580 2
580 579 2
580 581 14
581 580 14
580 628 10
628 580 10
581 582 13
582 581 13
582 583 9
583 582 9
582 630 7
630 582 7
583 584 3
584 583 3
584 585 16
585 584 16
584 632 10
632 584 10
585 586 2
586 585 2
586 634 3
634 586 3
587 588 13
588 587 13
588 589 5
589 588 5
588 636 6
636 588 6
589 590 18
590 589 18
590 591 1
591 590 1
590 638 12
638 590 12
591 592 5
592 591 5
592 593 13
593 592 13
592 640 9
640 592 9
593 594 2
594 593 2
594 642 19
642 594 19
595 596 9
596 595 9
596 597 14
597 596 14
596 644 2
644 596 2
597 598 1
598 597 1
598 599 10
599 598 10
598 646 18
646 598 18
599 600 16
600 599 16
600 601 8
601 600 8
601 602 6
602 601 6
602 603 4
603 602 4
602 650 16
650 602 16
604 605 1
605 604 1
604 652 12
652 604 12
605 606 16
606 605 16
606 607 1
607 606 1
606 654 7
654 606 7
607 608 18
608 607 18
608 609 9
609 608 9
608 656 14
656 608 14
609 610 15
610 609 15
610 611 2
611 610 2
610 658 14
658 610 14
611 612 2
612 611 2
612 613 17
613 612 17
612 660 7
660 612 7
613 614 12
614 613 12
614 615 5
615 614 5
614 662 6
662 614 6
615 616 9
616 615 9
616 617 4
617 616 4
616 664 3
664 616 3
617 618 9
618 617 9
618 619 1
619 618 1
618 666 7
666 618 7
619 620 14
620 619 14
620 621 15
621 620 15
620 668 18
668 620 18
621 622 2
622 621 2
622 623 12
623 622 12
622 670 10
670 622 10
624 625 4
625 624 4
625 626 4
626 625 4
625 673 7
673 625 7
626 627 6
627 626 6
627 628 1
628 627 1
627 675 7
675 627 7
628 629 5
629 628 5
629 630 3
630 629 3
629 677 5
677 629 5
630 631 15
631 630 15
631 632 16
632 631 16
631 679 2
679 631 2
632 633 3
633 632 3
633 634 17
634 633 17
633 681 11
681 633 11
634 635 9
635 634 9
635 636 6
636 635 6
635 683 15
683 635 15
636 637 16
637 636 16
637 638 1
638 637 1
637 685 1
685 637 1
638 639 4
639 638 4
639 640 15
640 639 15
640 641 1
641 640 1
641 642 14
642 641 14
642 643 5
643 642 5
643 644 17
644 643 17
644 645 5
645 644 5
645 646 18
646 645 18
645 693 12
693 645 12
646 647 12
647 646 12
647 648 1
648 647 1
647 695 11
695 647 11
648 649 1
649 648 1
649 650 14
650 649 14
649 697 5
697 649 5
650 651 14
651 650 14
651 652 4
652 651 4
651 699 4
699 651 4
652 653 3
653 652 3
653 654 13
654 653 13
653 701 9
701 653 9
654 655 14
655 654 14
655 656 14
656 655 14
655 703 11
703 655 11
656 657 7
657 656 7
657 658 7
658 657 7
657 705 15
705 657 15
658 659 10
659 658 10
659 660 8
660 659 8
659 707 10
707 659 10
660 661 8
661 660 8
661 662 3
662 661 3
661 709 2
709 661 2
662 663 6
663 662 6
663 664 7
664 663 7
663 711 3
711 663 3
664 665 13
665 664 13
665 666 15
666 665 15
665 713 12
713 665 12
666 667 17
667 666 17
667 668 16
668 667 16
667 715 18
715 667 18
669 670 1
670 669 1
669 717 16
717 669 16
670 671 9
671 670 9
671 719 10
719 671 10
672 673 10
673 672 10
672 720 3
720 672 3
673 674 13
674 673 13
674 675 17
675 674 17
674 722 13
722 674 13
675 676 9
676 675 9
676 677 4
677 676 4
676 724 4
724 676 4
677 678 19
678 677 19
678 679 11
679 678 11
678 726 9
726 678 9
679 680 2
680 679 2
680 681 18
681 680 18
680 728 6
728 680 6
682 683 8
683 682 8
682 730 17
730 682 17
683 684 4
684 683 4
684 685 8
685 684 8
684 732 11
732 684 11
685 686 11
686 685 11
686 687 10
687 686 10
686 734 18
734 686 18
687 688 6
688 687 6
688 689 16
689 688 16
688 736 6
736 688 6
690 691 8
691 690 8
690 738 16
738 690 16
691 692 14
692 691 14
692 693 9
693 692 9
692 740 10
740 692 10
693 694 4
694 693 4
694 695 11
695 694 11
694 742 5
742 694 5
695 696 2
696 695 2
696 697 12
697 696 12
696 744 2
744 696 2
697 698 12
698 697 12
698 699 17
699 698 17
698 746 16
746 698 16
699 700 4
700 699 4
700 701 6
701 700 6
701 702 6
702 701 6
702 703 2
703 702 2
702 750 14
750 702 14
703 704 6
704 703 6
704 705 6
705 704 6
704 752 7
752 704 7
705 706 5
706 705 5
706 707 6
707 706 6
706 754 11
754 706 11
707 708 16
708 707 16
708 709 9
709 708 9
708 756 13
756 708 13
709 710 17
710 709 17
710 758 11
758 710 11
712 713 1
713 712 1
712 760 3
760 712 3
713 714 9
714 713 9
714 715 18
715 714 18
714 762 3
762 714 3
715 716 8
716 715 8
716 717 15
717 716 15
716 764 11
764 716 11
717 718 15
718 717 15
718 719 13
719 718 13
718 766 2
766 718 2
720 721 14
721 720 14
721 722 11
722 721 11
721 769 16
769 721 16
722 723 16
723 722 16
723 724 1
724 723 1
723 771 18
771 723 18
724 725 18
725 724 18
725 726 17
726 725 17
725 773 13
773 725 13
726 727 8
727 726 8
727 728 7
728 727 7
727 775 10
775 727 10
728 729 3
729 728 3
729 730 7
730 729 7
729 777 2
777 729 2
730 731 2
731 730 2
731 732 13
732 731 13
731 779 14
779 731 14
732 733 1
733 732 1
733 734 8
734 733 8
733 781 2
781 733 2
734 735 13
735 734 13
735 736 15
736 735 15
735 783 19
783 735 19
736 737 6
737 736 6
737 738 16
738 737 16
737 785 8
785 737 8
738 739 6
739 738 6
739 740 18
740 739 18
739 787 9
787 739 9
740 741 2
741 740 2
741 742 4
742 741 4
741 789 13
789 741 13
742 743 2
743 742 2
743 744 5
744 743 5
743 791 19
791 743 19
744 745 16
745 744 16
745 746 11
746 745 11
745 793 8
793 745 8
746 747 16
747 746 16
747 748 9
748 747 9
747 795 9
795 747 9
748 749 14
749 748 14
749 750 4
750 749 4
749 797 9
797 749 9
751 752 4
752 751 4
751 799 13
799 751 13
752 753 8
753 752 8
753 754 10
754 753 10
753 801 5
801 753 5
754 755 11
755 754 11
755 756 8
756 755 8
755 803 5
803 755 5
756 757 1
757 756 1
757 758 17
758 757 17
757 805 19
805 757 19
758 759 5
759 758 5
759 760 4
760 759 4
759 807 7
807 759 7
760 761 3
761 760 3
761 809 19
809 761 19
763 764 18
764 763 18
763 811 16
811 763 16
764 765 13
765 764 13
765 766 18
766 765 18
765 813 14
813 765 14
766 767 11
767 766 11
767 815 1
815 767 1
768 769 12
769 768 12
768 816 3
816 768 3
769 770 18
770 769 18
770 771 6
771 770 6
770 818 18
818 770 18
771 772 9
772 771 9
772 773 13
773 772 13
772 820 15
820 772 15
773 774 1
774 773 1
774 775 14
775 774 14
774 822 6
822 774 6
775 776 5
776 775 5
776 777 11
777 776 11
776 824 17
824 776 17
778 826 7
826 778 7
779 780 7
780 779 7
780 781 17
781 780 17
780 828 1
828 780 1
781 782 5
782 781 5
782 783 7
783 782 7
782 830 1
830 782 1
784 785 13
785 784 13
784 832 16
832 784 16
785 786 14
786 785 14
786 787 19
787 786 19
786 834 1
834 786 1
787 788 12
788 787 12
788 789 19
789 788 19
788 836 3
836 788 3
789 790 7
790 789 7
790 791 13
791 790 13
790 838 16
838 790 16
792 793 14
793 792 14
792 840 18
840 792 18
793 794 8
794 793 8
794 795 15
795 794 15
794 842 11
842 794 11
795 796 5
796 795 5
796 797 14
797 796 14
796 844 10
844 796 10
797 798 8
798 797 8
798 799 6
799 798 6
798 846 4
846 798 4
799 800 17
800 799 17
800 801 2
801 800 2
801 802 4
802 801 4
802 803 17
803 802 17
802 850 4
850 802 4
804 805 2
805 804 2
804 852 17
852 804 17
805 806 10
806 805 10
806 807 13
807 806 13
806 854 11
854 806 11
807 808 16
808 807 16
808 809 9
809 808 9
808 856 4
856 808 4
809 810 17
810 809 17
810 858 18
858 810 18
811 812 3
812 811 3
812 813 8
813 812 8
812 860 3
860 812 3
813 814 17
814 813 17
814 815 8
815 814 8
814 862 11
862 814 11
816 817 10
817 816 10
817 818 17
818 817 17
817 865 7
865 817 7
818 819 3
819 818 3
819 820 5
820 819 5
819 867 3
867 819 3
820 821 6
821 820 6
821 822 4
822 821 4
821 869 7
869 821 7
822 823 4
823 822 4
823 824 2
824 823 2
823 871 5
871 823 5
824 825 8
825 824 8
825 826 1
826 825 1
826 827 14
827 826 14
827 828 2
828 827 2
828 829 13
829 828 13
829 830 5
830 829 5
829 877 7
877 829 7
830 831 3
831 830 3
831 832 12
832 831 12
831 879 18
879 831 18
832 833 5
833 832 5
833 834 7
834 833 7
833 881 10
881 833 10
834 835 10
835 834 10
835 836 4
836 835 4
835 883 9
883 835 9
836 837 3
837 836 3
837 838 6
838 837 6
837 885 4
885 837 4
838 839 8
839 838 8
839 840 4
840 839 4
839 887 7
887 839 7
840 841 16
841 840 16
841 842 2
842 841 2
841 889 7
889 841 7
843 844 8
844 843 8
843 891 19
891 843 19
844 845 8
845 844 8
845 846 2
846 845 2
845 893 13
893 845 13
846 847 6
847 846 6
847 848 18
848 847 18
848 849 1
849 848 1
849 850 15
850 849 15
849 897 15
897 849 15
850 851 10
851 850 10
851 852 1
852 851 1
851 899 13
899 851 13
852 853 1
853 852 1
853 854 17
854 853 17
853 901 11
901 853 11
854 855 12
855 854 12
855 856 17
856 855 17
855 903 18
903 855 18
857 905 14
905 857 14
858 859 9
859 858 9
859 860 13
860 859 13
859 907 8
907 859 8
860 861 1
861 860 1
861 862 11
862 861 11
861 909 6
909 861 6
862 863 4
863 862 4
863 911 2
911 863 2
864 865 9
865 864 9
864 912 4
912 864 4
865 866 10
866 865 10
866 867 18
867 866 18
866 914 16
914 866 16
867 868 13
868 867 13
868 869 12
869 868 12
868 916 13
916 868 13
869 870 5
870 869 5
870 871 17
871 870 17
870 918 18
918 870 18
871 872 18
872 871 18
872 873 12
873 872 12
872 920 1
920 872 1
874 875 19
875 874 19
874 922 4
922 874 4
875 876 10
876 875 10
876 877 1
877 876 1
876 924 18
924 876 18
877 878 3
878 877 3
878 879 11
879 878 11
878 926 18
926 878 18
879 880 6
880 879 6
880 928 14
928 880 14
881 882 5
882 881 5
882 883 10
883 882 10
882 930 5
930 882 5
883 884 15
884 883 15
884 885 7
885 884 7
884 932 17
932 884 17
885 886 9
886 885 9
886 887 13
887 886 13
886 934 14
934 886 14
887 888 1
888 887 1
888 889 12
889 888 12
888 936 18
936 888 18
889 890 5
890 889 5
890 891 15
891 890 15
890 938 19
938 890 19
891 892 2
892 891 2
892 940 11
940 892 11
893 894 10
894 893 10
894 895 11
895 894 11
894 942 16
942 894 16
895 896 10
896 895 10
896 897 5
897 896 5
896 944 11
944 896 11
897 898 5
898 897 5
898 899 1
899 898 1
898 946 10
946 898 10
899 900 4
900 899 4
900 901 14
901 900 14
900 948 5
948 900 5
901 902 19
902 901 19
902 903 16
903 902 16
902 950 17
950 902 17
903 904 1
904 903 1
904 905 16
905 904 16
904 952 14
952 904 14
905 906 17
906 905 17
906 907 3
907 906 3
906 954 16
954 906 16
907 908 8
908 907 8
908 909 14
909 908 14
909 910 8
910 909 8
910 911 4
911 910 4
912 913 18
913 912 18
913 914 7
914 913 7
913 961 5
961 913 5
914 915 17
915 914 17
915 916 5
916 915 5
915 963 1
963 915 1
917 918 12
918 917 12
917 965 12
965 917 12
918 919 13
919 918 13
919 920 4
920 919 4
919 967 18
967 919 18
920 921 17
921 920 17
921 922 4
922 921 4
921 969 16
969 921 16
922 923 2
923 922 2
923 924 14
924 923 14
923 971 14
971 923 14
924 925 3
925 924 3
925 973 17
973 925 17
926 927 2
927 926 2
927 928 11
928 927 11
927 975 9
975 927 9
928 929 19
929 928 19
929 930 12
930 929 12
929 977 7
977 929 7
931 932 14
932 931 14
931 979 12
979 931 12
933 934 12
934 933 12
934 935 1
935 934 1
935 983 7
983 935 7
936 937 4
937 936 4
937 938 6
938 937 6
938 939 17
939 938 17
939 940 13
940 939 13
939 987 13
987 939 13
940 941 12
941 940 12
941 942 5
942 941 5
941 989 8
989 941 8
942 943 4
943 942 4
943 944 10
944 943 10
943 991 16
991 943 16
944 945 18
945 944 18
945 946 11
946 945 11
945 993 18
993 945 18
946 947 8
947 946 8
947 948 2
948 947 2
947 995 5
995 947 5
949 950 14
950 949 14
949 997 2
997 949 2
950 951 2
951 950 2
951 952 10
952 951 10
951 999 10
999 951 10
952 953 18
953 952 18
953 954 16
954 953 16
953 1001 11
1001 953 11
954 955 7
955 954 7
955 956 5
956 955 5
955 1003 4
1003 955 4
956 957 8
957 956 8
957 958 14
958 957 14
957 1005 13
1005 957 13
958 959 10
959 958 10
959 1007 7
1007 959 7
960 961 18
961 960 18
960 1008 17
1008 960 17
961 962 9
962 961 9
962 963 2
963 962 2
962 1010 19
1010 962 19
963 964 18
964 963 18
964 965 6
965 964 6
964 1012 11
1012 964 11
965 966 6
966 965 6
966 967 10
967 966 10
966 1014 11
1014 966 11
967 968 5
968 967 5
968 969 18
969 968 18
968 1016 7
1016 968 7
969 970 13
970 969 13
970 971 12
971 970 12
970 1018 9
1018 970 9
971 972 1
972 971 1
972 973 12
973 972 12
972 1020 7
1020 972 7
973 974 11
974 973 11
974 975 17
975 974 17
974 1022 8
1022 974 8
975 976 9
976 975 9
976 977 15
977 976 15
976 1024 17
1024 976 17
977 978 15
978 977 15
978 979 17
979 978 17
978 1026 3
1026 978 3
979 980 5
980 979 5
980 1028 7
1028 980 7
981 982 5
982 981 5
982 983 6
983 982 6
982 1030 6
1030 982 6
983 984 9
984 983 9
984 985 7
985 984 7
984 1032 16
1032 984 16
985 986 1
986 985 1
986 987 7
987 986 7
986 1034 11
1034 986 11
987 988 4
988 987 4
988 989 2
989 988 2
988 1036 19
1036 988 19
989 990 2
990 989 2
990 991 13
991 990 13
990 1038 19
1038 990 19
991 992 11
992 991 11
992 993 7
993 992 7
992 1040 8
1040 992 8
993 994 12
994 993 12
994 995 13
995 994 13
994 1042 16
1042 994 16
995 996 13
996 995 13
996 997 14
997 996 14
996 1044 3
1044 996 3
997 998 15
998 997 15
998 999 17
999 998 17
998 1046 8
1046 998 8
999 1000 16
1000 999 16
1000 1001 7
1001 1000 7
1000 1048 9
1048 1000 9
1001 1002 9
1002 1001 9
1002 1003 3
1003 1002 3
1002 1050 1
1050 1002 1
1003 1004 15
1004 1003 15
1004 1005 16
1005 1004 16
1004 1052 15
1052 1004 15
1005 1006 6
1006 1005 6
1006 1007 5
1007 1006 5
1006 1054 16
1054 1006 16
1008 1009 4
1009 1008 4
1009 1010 12
1010 1009 12
1009 1057 12
1057 1009 12
1010 1011 16
1011 1010 16
1011 1012 17
1012 1011 17
1011 1059 6
1059 1011 6
1012 1013 15
1013 1012 15
1013 1061 2
1061 1013 2
1014 1015 4
1015 1014 4
1015 1016 7
1016 1015 7
1015 1063 7
1063 1015 7
1016 1017 7
1017 1016 7
1017 1018 3
1018 1017 3
1017 1065 5
1065 1017 5
1018 1019 18
1019 1018 18
1019 1020 9
1020 1019 9
1019 1067 18
1067 1019 18
1020 1021 6
1021 1020 6
1021 1022 10
1022 1021 10
1021 1069 16
1069 1021 16
1022 1023 14
1023 1022 14
1023 1024 1
1024 1023 1
1023 1071 3
1071 1023 3
1024 1025 6
1025 1024 6
1025 1026 18
1026 1025 18
1025 1073 18
1073 1025 18
1026 1027 19
1027 1026 19
1027 1028 2
1028 1027 2
1027 1075 19
1075 1027 19
1028 1029 8
1029 1028 8
1029 1030 16
1030 1029 16
1029 1077 18
1077 1029 18
1030 1031 12
1031 1030 12
1031 1032 13
1032 1031 13
1031 1079 4
1079 1031 4
1032 1033 9
1033 1032 9
1033 1034 2
1034 1033 2
1033 1081 5
1081 1033 5
1034 1035 3
1035 1034 3
1035 1036 18
1036 1035 18
1035 1083 6
1083 1035 6
1036 1037 3
1037 1036 3
1037 1038 3
1038 1037 3
1037 1085 2
1085 1037 2
1038 1039 19
1039 1038 19
1039 1040 1
1040 1039 1
1039 1087 16
1087 1039 16
1040 1041 2
1041 1040 2
1041 1042 4
1042 1041 4
1041 1089 1
1089 1041 1
1042 1043 12
1043 1042 12
1043 1044 7
1044 1043 7
1043 1091 13
1091 1043 13
1044 1045 5
1045 1044 5
1045 1093 7
1093 1045 7
1047 1048 8
1048 1047 8
1047 1095 9
1095 1047 9
1049 1097 12
1097 1049 12
1050 1051 9
1051 1050 9
1051 1052 10
1052 1051 10
1051 1099 16
1099 1051 16
1052 1053 18
1053 1052 18
1053 1054 17
1054 1053 17
1054 1055 16
1055 1054 16
1055 1103 10
1103 1055 10
1056 1057 4
1057 1056 4
1056 1104 4
1104 1056 4
1057 1058 3
1058 1057 3
1058 1059 12
1059 1058 12
1058 1106 18
1106 1058 18
1060 1061 8
1061 1060 8
1060 1108 13
1108 1060 13
1061 1062 2
1062 1061 2
1062 1063 12
1063 1062 12
1062 1110 4
1110 1062 4
1064 1065 8
1065 1064 8
1064 1112 14
1112 1064 14
1065 1066 6
1066 1065 6
1066 1067 8
1067 1066 8
1066 1114 11
1114 1066 11
1067 1068 11
1068 1067 11
1068 1069 11
1069 1068 11
1068 1116 19
1116 1068 19
1069 1070 5
1070 1069 5
1070 1071 5
1071 1070 5
1070 1118 3
1118 1070 3
1071 1072 15
1072 1071 15
1072 1073 11
1073 1072 11
1072 1120 19
1120 1072 19
1073 1074 11
1074 1073 11
1074 1122 12
1122 1074 12
1075 1076 14
1076 1075 14
1076 1077 19
1077 1076 19
1076 1124 1
1124 1076 1
1077 1078 16
1078 1077 16
1078 1079 6
1079 1078 6
1078 1126 19
1126 1078 19
1079 1080 17
1080 1079 17
1080 1081 9
1081 1080 9
1080 1128 7
1128 1080 7
1081 1082 3
1082 1081 3
1082 1083 9
1083 1082 9
1082 1130 4
1130 1082 4
1083 1084 2
1084 1083 2
1084 1085 18
1085 1084 18
1084 1132 5
1132 1084 5
1085 1086 14
1086 1085 14
1086 1087 8
1087 1086 8
1086 1134 17
1134 1086 17
1088 1089 16
1089 1088 16
1089 1090 19
1090 1089 19
1090 1091 8
1091 1090 8
1090 1138 8
1138 1090 8
1091 1092 12
1092 1091 12
1092 1093 15
1093 1092 15
1092 1140 12
1140 1092 12
1093 1094 18
1094 1093 18
1094 1095 8
1095 1094 8
1095 1096 8
1096 1095 8
1096 1097 15
1097 1096 15
1096 1144 1
1144 1096 1
1097 1098 10
1098 1097 10
1098 1099 1
1099 1098 1
1098 1146 15
1146 1098 15
1100 1101 1
1101 1100 1
1100 1148 16
1148 1100 16
1101 1102 9
1102 1101 9
1102 1103 19
1103 1102 19
1104 1105 1
1105 1104 1
1105 1106 1
1106 1105 1
1106 1107 12
1107 1106 12
1107 1108 1
1108 1107 1
1108 1109 11
1109 1108 11
1109 1110 18
1110 1109 18
1110 1111 10
1111 1110 10
1111 1112 6
1112 1111 6
1112 1113 13
1113 1112 13
1113 1114 13
1114 1113 13
1114 1115 10
1115 1114 10
1115 1116 13
1116 1115 13
1116 1117 5
1117 1116 5
1118 1119 16
1119 1118 16
1119 1120 5
1120 1119 5
1120 1121 6
1121 1120 6
1121 1122 7
1122 1121 7
1122 1123 5
1123 1122 5
1123 1124 11
1124 1123 11
1124 1125 10
1125 1124 10
1125 1126 4
1126 1125 4
1126 1127 3
1127 1126 3
1127 1128 7
1128 1127 7
1129 1130 18
1130 1129 18
1130 1131 10
1131 1130 10
1131 1132 12
1132 1131 12
1132 1133 17
1133 1132 17
1133 1134 4
1134 1133 4
1134 1135 5
1135 1134 5
1135 1136 11
1136 1135 11
1136 1137 17
1137 1136 17
1137 1138 19
1138 1137 19
1138 1139 15
1139 1138 15
1139 1140 17
1140 1139 17
1140 1141 16
1141 1140 16
1141 1142 5
1142 1141 5
1142 1143 11
1143 1142 11
1143 1144 11
1144 1143 11
1145 1146 17
1146 1145 17
1146 1147 15
1147 1146 15
1147 1148 8
1148 1147 8
1148 1149 5
1149 1148 5
1149 1150 3
1150 1149 3
4
5
6
8
9
10
12
14
15
16
17
18
19
20
21
25
26
27
28
29
31
33
36
38
40
41
43
44
45
46
47
49
50
51
52
54
55
56
57
62
63
64
67
70
73
74
77
79
81
83
84
85
87
88
90
92
93
94
95
97
100
101
102
103
104
108
109
110
111
112
114
117
119
121
124
127
128
129
130
131
132
135
137
138
141
142
145
146
147
148
151
152
153
155
156
157
161
162
167
168
169
171
172
174
175
176
178
179
181
182
184
185
186
188
190
191
192
194
197
201
202
204
206
208
212
213
214
215
216
217
218
219
221
225
227
228
229
230
233
235
236
238
245
246
249
252
253
254
255
257
258
261
262
263
264
265
266
267
269
271
273
275
276
278
279
281
285
289
291
293
294
295
297
299
300
301
302
303
304
305
306
312
313
316
320
325
328
332
333
337
338
340
341
343
345
347
350
351
352
353
355
358
360
361
362
363
365
366
368
369
372
374
376
378
380
382
383
384
385
386
387
388
390
391
392
397
399
400
402
406
407
408
409
411
412
414
416
419
420
423
426
428
429
432
436
437
438
440
441
442
444
446
448
449
450
453
454
462
463
464
465
469
470
471
472
474
475
476
480
481
484
485
487
488
489
490
493
494
495
496
497
498
500
501
502
504
506
509
512
513
514
515
517
521
525
526
527
529
530
531
532
533
535
539
540
541
542
543
544
545
546
547
548
555
556
558
559
561
563
564
566
573
576
577
578
581
582
583
584
588
590
591
592
595
597
600
602
603
604
605
606
608
610
611
612
615
616
617
619
623
625
627
629
630
631
634
637
638
639
640
641
642
643
646
650
651
655
656
657
658
659
660
661
662
665
666
668
669
672
673
674
675
677
679
680
682
685
686
687
688
689
690
691
696
698
700
701
705
706
711
713
714
715
716
718
719
725
726
727
729
730
731
734
737
738
739
740
741
742
744
746
747
748
750
753
754
758
759
761
762
763
764
765
766
767
770
771
772
777
779
780
784
788
790
793
794
796
798
799
800
802
806
808
810
811
812
813
814
815
816
817
818
821
822
823
824
828
830
832
834
836
838
840
842
844
846
848
849
851
852
854
855
856
858
859
862
864
866
867
870
873
875
876
877
878
879
880
881
883
885
887
888
891
893
895
896
898
901
903
904
905
908
909
910
911
912
913
916
917
918
919
921
922
923
925
926
929
930
931
933
935
937
940
941
942
944
947
950
953
955
958
961
962
964
968
969
970
971
972
976
977
980
981
982
983
985
986
987
989
994
995
996
997
998
1000
1001
1002
1006
1007
1008
1010
1012
1013
1014
1016
1017
1019
1021
1023
1024
1025
1026
1027
1030
1032
1033
1034
1035
1038
1039
1042
1044
1047
1049
1050
1051
1052
1053
1055
1056
1058
1060
1061
1062
1063
1065
1066
1068
1069
1071
1072
1076
1077
1078
1079
1080
1081
1082
1083
1086
1087
1089
1090
1091
1092
1093
1096
1097
1099
1100
1103
1104
1105
1106
1107
1108
1109
1110
1113
1114
1116
1118
1119
1120
1122
1126
1128
1129
1130
1131
1134
1135
1137
1138
1139
1140
1143
1148
