2566 966 1 966 666
1 2 1
2 1 1
1 44 6
44 1 6
2 3 11
3 2 11
3 4 5
4 3 5
3 46 1
46 3 1
4 5 9
5 4 9
5 6 15
6 5 15
5 48 14
48 5 14
6 7 11
7 6 11
7 50 1
50 7 1
8 9 12
9 8 12
9 10 2
10 9 2
9 52 19
52 9 19
10 11 5
11 10 5
11 12 16
12 11 16
11 54 8
54 11 8
13 14 18
14 13 18
13 56 3
56 13 3
14 15 15
15 14 15
15 16 18
16 15 18
15 58 11
58 15 11
16 17 3
17 16 3
17 60 4
60 17 4
18 19 14
19 18 14
19 20 13
20 19 13
19 62 12
62 19 12
20 21 14
21 20 14
21 22 19
22 21 19
21 64 5
64 21 5
22 23 1
23 22 1
23 24 5
24 23 5
23 66 11
66 23 11
24 25 8
25 24 8
25 26 6
26 25 6
25 68 16
68 25 16
26 27 12
27 26 12
27 28 2
28 27 2
27 70 18
70 27 18
28 29 18
29 28 18
29 30 16
30 29 16
29 72 15
72 29 15
30 31 15
31 30 15
31 32 19
32 31 19
31 74 15
74 31 15
32 33 9
33 32 9
33 34 12
34 33 12
33 76 8
76 33 8
34 35 12
35 34 12
35 36 6
36 35 6
35 78 11
78 35 11
36 37 14
37 36 14
37 38 5
38 37 5
37 80 15
80 37 15
38 39 9
39 38 9
39 40 3
40 39 3
39 82 18
82 39 18
40 41 11
41 40 11
41 42 5
42 41 5
41 84 18
84 41 18
42 43 6
43 42 6
43 86 15
86 43 15
44 45 1
45 44 1
45 46 14
46 45 14
46 47 2
47 46 2
47 48 1
48 47 1
47 91 3
91 47 3
48 49 1
49 48 1
49 50 3
50 49 3
49 93 11
93 49 11
50 51 16
51 50 16
51 52 11
52 51 11
51 95 15
95 51 15
52 53 10
53 52 10
53 54 6
54 53 6
53 97 18
97 53 18
54 55 19
55 54 19
55 56 13
56 55 13
56 57 17
57 56 17
57 58 12
58 57 12
57 101 8
101 57 8
58 59 8
59 58 8
59 60 9
60 59 9
59 103 14
103 59 14
60 61 7
61 60 7
61 62 1
62 61 1
61 105 18
105 61 18
62 63 11
63 62 11
63 107 10
107 63 10
64 65 18
65 64 18
65 66 18
66 65 18
65 109 5
109 65 5
66 67 7
67 66 7
67 68 2
68 67 2
67 111 13
111 67 13
68 69 13
69 68 13
69 70 1
70 69 1
69 113 15
113 69 15
70 71 17
71 70 17
71 72 3
72 71 3
71 115 15
115 71 15
72 73 1
73 72 1
73 74 1
74 73 1
73 117 4
117 73 4
75 76 1
76 75 1
75 119 2
119 75 2
76 77 6
77 76 6
77 78 5
78 77 5
77 121 18
121 77 18
78 79 6
79 78 6
79 80 9
80 79 9
79 123 11
123 79 11
80 81 15
81 80 15
81 82 12
82 81 12
81 125 14
125 81 14
82 83 19
83 82 19
83 84 14
84 83 14
84 85 10
85 84 10
85 86 8
86 85 8
85 129 6
129 85 6
86 87 12
87 86 12
87 131 17
131 87 17
88 89 3
89 88 3
88 132 19
132 88 19
89 90 3
90 89 3
90 91 9
91 90 9
90 134 12
134 90 12
91 92 3
92 91 3
92 93 1
93 92 1
92 136 5
136 92 5
93 94 16
94 93 16
94 95 1
95 94 1
94 138 16
138 94 16
95 96 1
96 95 1
96 97 3
97 96 3
96 140 13
140 96 13
97 98 8
98 97 8
98 99 7
99 98 7
98 142 3
142 98 3
99 100 1
100 99 1
100 144 1
144 100 1
101 102 1
102 101 1
102 103 4
103 102 4
103 104 17
104 103 17
104 105 7
105 104 7
104 148 1
148 104 1
105 106 10
106 105 10
106 107 15
107 106 15
106 150 14
150 106 14
107 108 3
108 107 3
108 109 4
109 108 4
108 152 11
152 108 11
109 110 18
110 109 18
110 111 16
111 110 16
110 154 3
154 110 3
111 112 10
112 111 10
112 113 1
113 112 1
112 156 4
156 112 4
113 114 6
114 113 6
114 115 10
115 114 10
114 158 11
158 114 11
115 116 14
116 115 14
116 117 1
117 116 1
116 160 8
160 116 8
117 118 6
118 117 6
118 119 9
119 118 9
118 162 10
162 118 10
119 120 1
120 119 1
120 121 6
121 120 6
120 164 8
164 120 8
121 122 15
122 121 15
122 123 14
123 122 14
122 166 10
166 122 10
124 125 11
125 124 11
124 168 2
168 124 2
125 126 14
126 125 14
126 127 16
127 126 16
126 170 13
170 126 13
127 128 16
128 127 16
128 129 4
129 128 4
129 130 12
130 129 12
130 174 17
174 130 17
132 133 11
133 132 11
133 134 7
134 133 7
133 177 10
177 133 10
134 135 6
135 134 6
135 136 18
136 135 18
135 179 16
179 135 16
136 137 1
137 136 1
137 138 13
138 137 13
137 181 16
181 137 16
138 139 1
139 138 1
139 140 13
140 139 13
139 183 11
183 139 11
140 141 10
141 140 10
141 142 1
142 141 1
141 185 14
185 141 14
142 143 8
143 142 8
143 144 10
144 143 10
144 145 13
145 144 13
145 146 10
146 145 10
145 189 7
189 145 7
147 148 12
148 147 12
147 191 16
191 147 16
148 149 12
149 148 12
149 193 7
193 149 7
150 151 6
151 150 6
151 152 9
152 151 9
151 195 2
195 151 2
152 153 6
153 152 6
153 154 17
154 153 17
153 197 15
197 153 15
154 155 12
155 154 12
155 156 4
156 155 4
155 199 9
199 155 9
156 157 8
157 156 8
157 158 3
158 157 3
157 201 10
201 157 10
159 160 1
160 159 1
160 161 15
161 160 15
161 162 4
162 161 4
161 205 7
205 161 7
162 163 16
163 162 16
163 164 18
164 163 18
163 207 6
207 163 6
164 165 15
165 164 15
165 166 17
166 165 17
166 167 10
167 166 10
167 168 4
168 167 4
167 211 12
211 167 12
168 169 12
169 168 12
169 170 18
170 169 18
169 213 12
213 169 12
170 171 8
171 170 8
171 172 1
172 171 1
171 215 10
215 171 10
172 173 12
173 172 12
173 174 18
174 173 18
173 217 7
217 173 7
174 175 17
175 174 17
175 219 4
219 175 4
176 177 14
177 176 14
176 220 14
220 176 14
177 178 12
178 177 12
178 179 18
179 178 18
178 222 2
222 178 2
179 180 1
180 179 1
180 181 18
181 180 18
180 224 15
224 180 15
181 182 7
182 181 7
182 183 5
183 182 5
182 226 12
226 182 12
183 184 5
184 183 5
184 185 9
185 184 9
184 228 8
228 184 8
185 186 14
186 185 14
186 187 11
187 186 11
186 230 6
230 186 6
187 188 13
188 187 13
188 189 10
189 188 10
188 232 2
232 188 2
189 190 4
190 189 4
190 191 13
191 190 13
190 234 13
234 190 13
191 192 18
192 191 18
192 193 3
193 192 3
193 194 6
194 193 6
194 238 14
238 194 14
195 196 1
196 195 1
196 197 13
197 196 13
196 240 8
240 196 8
197 198 12
198 197 12
198 199 11
199 198 11
198 242 4
242 198 4
199 200 11
200 199 11
200 201 18
201 200 18
200 244 17
244 200 17
201 202 6
202 201 6
202 203 3
203 202 3
202 246 8
246 202 8
203 204 10
204 203 10
204 205 3
205 204 3
204 248 15
248 204 15
205 206 15
206 205 15
206 207 15
207 206 15
206 250 2
250 206 2
207 208 13
208 207 13
208 209 13
209 208 13
208 252 2
252 208 2
209 210 13
210 209 13
210 211 10
211 210 10
210 254 9
254 210 9
212 213 13
213 212 13
212 256 7
256 212 7
214 215 18
215 214 18
214 258 14
258 214 14
216 217 2
217 216 2
216 260 15
260 216 15
217 218 7
218 217 7
218 219 18
219 218 18
220 221 8
221 220 8
221 222 11
222 221 11
221 265 3
265 221 3
222 223 18
223 222 18
223 224 17
224 223 17
224 225 16
225 224 16
225 226 19
226 225 19
225 269 10
269 225 10
226 227 1
227 226 1
227 228 9
228 227 9
227 271 17
271 227 17
228 229 5
229 228 5
229 230 8
230 229 8
229 273 17
273 229 17
230 231 15
231 230 15
231 232 4
232 231 4
231 275 15
275 231 15
232 233 5
233 232 5
233 234 15
234 233 15
233 277 4
277 233 4
234 235 17
235 234 17
235 236 11
236 235 11
235 279 16
279 235 16
237 238 14
238 237 14
237 281 4
281 237 4
238 239 1
239 238 1
239 240 6
240 239 6
239 283 8
283 239 8
240 241 12
241 240 12
241 242 17
242 241 17
242 243 8
243 242 8
243 244 9
244 243 9
243 287 4
287 243 4
244 245 10
245 244 10
245 246 5
246 245 5
245 289 11
289 245 11
246 247 17
247 246 17
247 248 14
248 247 14
247 291 13
291 247 13
248 249 16
249 248 16
249 250 14
250 249 14
249 293 8
293 249 8
250 251 3
251 250 3
251 252 2
252 251 2
251 295 14
295 251 14
252 253 11
253 252 11
253 254 3
254 253 3
253 297 11
297 253 11
254 255 10
255 254 10
255 256 13
256 255 13
255 299 11
299 255 11
257 258 12
258 257 12
257 301 8
301 257 8
258 259 3
259 258 3
259 260 4
260 259 4
259 303 17
303 259 17
260 261 3
261 260 3
261 262 4
262 261 4
261 305 13
305 261 13
262 263 9
263 262 9
263 307 2
307 263 2
264 265 17
265 264 17
264 308 12
308 264 12
265 266 1
266 265 1
266 267 9
267 266 9
266 310 7
310 266 7
267 268 16
268 267 16
268 269 11
269 268 11
268 312 3
312 268 3
269 270 19
270 269 19
270 271 1
271 270 1
270 314 13
314 270 13
272 273 14
273 272 14
272 316 19
316 272 19
273 274 14
274 273 14
274 275 5
275 274 5
274 318 19
318 274 19
275 276 19
276 275 19
276 277 10
277 276 10
276 320 5
320 276 5
277 278 19
278 277 19
278 322 13
322 278 13
279 280 11
280 279 11
280 281 2
281 280 2
280 324 14
324 280 14
281 282 2
282 281 2
282 283 11
283 282 11
282 326 3
326 282 3
283 284 11
284 283 11
284 285 19
285 284 19
284 328 16
328 284 16
285 286 9
286 285 9
286 287 1
287 286 1
286 330 9
330 286 9
287 288 7
288 287 7
288 289 1
289 288 1
288 332 10
332 288 10
290 291 1
291 290 1
290 334 7
334 290 7
291 292 15
292 291 15
292 293 13
293 292 13
292 336 13
336 292 13
294 295 11
295 294 11
294 338 19
338 294 19
295 296 3
296 295 3
296 340 11
340 296 11
297 298 16
298 297 16
298 299 1
299 298 1
298 342 7
342 298 7
299 300 8
300 299 8
300 301 11
301 300 11
300 344 16
344 300 16
301 302 11
302 301 11
302 303 9
303 302 9
302 346 1
346 302 1
303 304 10
304 303 10
304 305 12
305 304 12
304 348 7
348 304 7
305 306 5
306 305 5
306 307 1
307 306 1
306 350 15
350 306 15
308 309 16
309 308 16
309 310 16
310 309 16
309 353 8
353 309 8
310 311 4
311 310 4
311 312 1
312 311 1
311 355 1
355 311 1
313 314 15
314 313 15
313 357 19
357 313 19
314 315 17
315 314 17
315 316 4
316 315 4
315 359 11
359 315 11
316 317 7
317 316 7
317 318 8
318 317 8
317 361 14
361 317 14
318 319 7
319 318 7
319 320 17
320 319 17
319 363 10
363 319 10
320 321 2
321 320 2
321 322 17
322 321 17
322 323 9
323 322 9
323 367 12
367 323 12
324 325 7
325 324 7
325 326 14
326 325 14
325 369 19
369 325 19
326 327 19
327 326 19
327 328 6
328 327 6
327 371 9
371 327 9
328 329 3
329 328 3
329 330 2
330 329 2
329 373 9
373 329 9
330 331 1
331 330 1
331 332 2
332 331 2
332 333 11
333 332 11
333 334 14
334 333 14
333 377 11
377 333 11
334 335 7
335 334 7
335 336 2
336 335 2
335 379 5
379 335 5
336 337 1
337 336 1
337 338 16
338 337 16
337 381 15
381 337 15
338 339 11
339 338 11
339 340 17
340 339 17
339 383 5
383 339 5
340 341 16
341 340 16
341 385 2
385 341 2
342 343 16
343 342 16
343 344 11
344 343 11
343 387 1
387 343 1
344 345 15
345 344 15
345 346 2
346 345 2
345 389 9
389 345 9
346 347 10
347 346 10
347 348 7
348 347 7
347 391 17
391 347 17
348 349 12
349 348 12
349 350 2
350 349 2
349 393 12
393 349 12
350 351 7
351 350 7
351 395 15
395 351 15
352 353 10
353 352 10
352 396 18
396 352 18
353 354 10
354 353 10
354 355 2
355 354 2
354 398 7
398 354 7
355 356 11
356 355 11
356 357 18
357 356 18
356 400 11
400 356 11
357 358 1
358 357 1
358 359 17
359 358 17
358 402 10
402 358 10
359 360 15
360 359 15
360 361 18
361 360 18
360 404 9
404 360 9
361 362 5
362 361 5
362 363 2
363 362 2
362 406 2
406 362 2
363 364 8
364 363 8
364 408 9
408 364 9
365 366 1
366 365 1
366 367 14
367 366 14
366 410 12
410 366 12
367 368 6
368 367 6
368 369 16
369 368 16
368 412 4
412 368 4
369 370 2
370 369 2
370 371 16
371 370 16
370 414 19
414 370 19
371 372 1
372 371 1
372 373 12
373 372 12
372 416 6
416 372 6
373 374 2
374 373 2
374 375 5
375 374 5
374 418 4
418 374 4
375 376 14
376 375 14
376 377 18
377 376 18
376 420 14
420 376 14
377 378 14
378 377 14
378 379 1
379 378 1
378 422 9
422 378 9
379 380 12
380 379 12
380 381 17
381 380 17
380 424 4
424 380 4
381 382 9
382 381 9
382 383 13
383 382 13
382 426 18
426 382 18
383 384 18
384 383 18
384 385 15
385 384 15
384 428 9
428 384 9
385 386 12
386 385 12
386 387 3
387 386 3
386 430 5
430 386 5
387 388 2
388 387 2
388 389 11
389 388 11
388 432 17
432 388 17
389 390 14
390 389 14
390 391 17
391 390 17
390 434 5
434 390 5
391 392 4
392 391 4
392 393 17
393 392 17
392 436 16
436 392 16
393 394 1
394 393 1
394 438 1
438 394 1
396 397 12
397 396 12
397 398 3
398 397 3
397 441 9
441 397 9
398 399 8
399 398 8
399 400 15
400 399 15
399 443 11
443 399 11
400 401 13
401 400 13
401 402 4
402 401 4
402 403 15
403 402 15
403 404 9
404 403 9
403 447 19
447 403 19
404 405 4
405 404 4
405 406 9
406 405 9
405 449 7
449 405 7
406 407 18
407 406 18
407 408 9
408 407 9
408 409 6
409 408 6
409 410 17
410 409 17
409 453 17
453 409 17
410 411 7
411 410 7
411 412 7
412 411 7
411 455 5
455 411 5
412 413 14
413 412 14
413 414 9
414 413 9
413 457 11
457 413 11
414 415 13
415 414 13
415 416 16
416 415 16
415 459 11
459 415 11
416 417 18
417 416 18
417 418 16
418 417 16
417 461 10
461 417 10
418 419 16
419 418 16
419 420 9
420 419 9
419 463 14
463 419 14
420 421 10
421 420 10
421 422 13
422 421 13
422 423 11
423 422 11
423 424 4
424 423 4
423 467 17
467 423 17
424 425 5
425 424 5
425 426 4
426 425 4
426 427 1
427 426 1
428 429 2
429 428 2
429 430 1
430 429 1
429 473 17
473 429 17
430 431 9
431 430 9
431 432 10
432 431 10
431 475 19
475 431 19
432 433 14
433 432 14
433 434 8
434 433 8
433 477 1
477 433 1
434 435 16
435 434 16
435 436 9
436 435 9
436 437 1
437 436 1
437 438 18
438 437 18
437 481 3
481 437 3
438 439 9
439 438 9
439 483 12
483 439 12
440 484 19
484 440 19
441 442 8
442 441 8
442 443 5
443 442 5
442 486 4
486 442 4
443 444 12
444 443 12
444 488 15
488 444 15
445 446 4
446 445 4
446 447 1
447 446 1
446 490 19
490 446 19
447 448 6
448 447 6
448 449 5
449 448 5
449 450 7
450 449 7
450 451 1
451 450 1
450 494 19
494 450 19
451 452 7
452 451 7
452 453 14
453 452 14
452 496 8
496 452 8
453 454 19
454 453 19
454 455 2
455 454 2
454 498 9
498 454 9
455 456 3
456 455 3
456 457 16
457 456 16
456 500 16
500 456 16
457 458 18
458 457 18
458 459 10
459 458 10
458 502 15
502 458 15
459 460 17
460 459 17
461 462 13
462 461 13
462 463 12
463 462 12
462 506 11
506 462 11
463 464 1
464 463 1
464 508 9
508 464 9
465 466 15
466 465 15
466 510 11
510 466 11
467 468 5
468 467 5
468 469 11
469 468 11
468 512 4
512 468 4
469 470 14
470 469 14
470 471 2
471 470 2
470 514 8
514 470 8
472 473 4
473 472 4
472 516 17
516 472 17
473 474 12
474 473 12
474 475 2
475 474 2
474 518 14
518 474 14
475 476 2
476 475 2
476 477 17
477 476 17
476 520 10
520 476 10
477 478 9
478 477 9
478 479 9
479 478 9
478 522 8
522 478 8
479 480 7
480 479 7
480 481 1
481 480 1
480 524 13
524 480 13
481 482 1
482 481 1
482 483 15
483 482 15
484 485 10
485 484 10
485 486 4
486 485 4
485 529 8
529 485 8
486 487 19
487 486 19
487 488 15
488 487 15
487 531 16
531 487 16
488 489 1
489 488 1
489 533 9
533 489 9
490 491 4
491 490 4
491 492 15
492 491 15
491 535 5
535 491 5
492 493 12
493 492 12
493 494 11
494 493 11
493 537 7
537 493 7
494 495 7
495 494 7
495 496 5
496 495 5
495 539 3
539 495 3
496 497 1
497 496 1
497 498 10
498 497 10
497 541 3
541 497 3
498 499 7
499 498 7
499 500 4
500 499 4
499 543 19
543 499 19
500 501 6
501 500 6
501 502 7
502 501 7
501 545 10
545 501 10
502 503 1
503 502 1
503 504 10
504 503 10
503 547 1
547 503 1
504 505 6
505 504 6
505 506 3
506 505 3
505 549 1
549 505 1
506 507 11
507 506 11
507 508 17
508 507 17
507 551 8
551 507 8
508 509 2
509 508 2
509 510 18
510 509 18
509 553 14
553 509 14
510 511 7
511 510 7
511 512 1
512 511 1
511 555 15
555 511 15
512 513 9
513 512 9
513 514 14
514 513 14
513 557 9
557 513 9
514 515 6
515 514 6
515 516 11
516 515 11
515 559 5
559 515 5
516 517 6
517 516 6
517 518 5
518 517 5
517 561 2
561 517 2
518 519 3
519 518 3
520 521 5
521 520 5
521 522 17
522 521 17
521 565 16
565 521 16
522 523 5
523 522 5
523 524 13
524 523 13
523 567 3
567 523 3
525 569 16
569 525 16
526 527 16
527 526 16
527 571 2
571 527 2
528 572 5
572 528 5
529 530 6
530 529 6
530 531 1
531 530 1
530 574 13
574 530 13
531 532 5
532 531 5
532 533 18
533 532 18
533 534 19
534 533 19
534 535 8
535 534 8
534 578 16
578 534 16
535 536 18
536 535 18
536 537 3
537 536 3
536 580 13
580 536 13
537 538 8
538 537 8
538 539 18
539 538 18
539 540 9
540 539 9
540 541 15
541 540 15
540 584 6
584 540 6
541 542 8
542 541 8
542 543 10
543 542 10
542 586 9
586 542 9
543 544 18
544 543 18
544 545 9
545 544 9
544 588 13
588 544 13
546 547 18
547 546 18
546 590 12
590 546 12
547 548 5
548 547 5
548 549 5
549 548 5
548 592 13
592 548 13
549 550 1
550 549 1
550 551 8
551 550 8
550 594 2
594 550 2
551 552 18
552 551 18
552 553 11
553 552 11
552 596 4
596 552 4
553 554 14
554 553 14
554 598 11
598 554 11
555 556 19
556 555 19
556 557 12
557 556 12
556 600 19
600 556 19
557 558 16
558 557 16
558 559 16
559 558 16
558 602 16
602 558 16
559 560 6
560 559 6
560 561 9
561 560 9
560 604 4
604 560 4
561 562 16
562 561 16
562 563 5
563 562 5
562 606 15
606 562 15
563 564 12
564 563 12
564 565 7
565 564 7
564 608 8
608 564 8
565 566 18
566 565 18
566 567 2
567 566 2
566 610 19
610 566 19
568 569 14
569 568 14
568 612 18
612 568 18
569 570 12
570 569 12
570 571 9
571 570 9
570 614 5
614 570 5
572 573 1
573 572 1
573 574 18
574 573 18
573 617 14
617 573 14
574 575 8
575 574 8
575 576 9
576 575 9
575 619 18
619 575 18
576 577 16
577 576 16
577 578 3
578 577 3
577 621 11
621 577 11
578 579 16
579 578 16
579 580 16
580 579 16
579 623 14
623 579 14
580 581 1
581 580 1
581 582 7
582 581 7
582 583 15
583 582 15
583 584 8
584 583 8
583 627 1
627 583 1
584 585 7
585 584 7
585 586 11
586 585 11
585 629 4
629 585 4
586 587 16
587 586 16
587 588 7
588 587 7
587 631 12
631 587 12
588 589 13
589 588 13
589 590 12
590 589 12
589 633 19
633 589 19
590 591 13
591 590 13
591 592 15
592 591 15
591 635 5
635 591 5
592 593 16
593 592 16
593 594 1
594 593 1
593 637 16
637 593 16
595 596 12
596 595 12
595 639 17
639 595 17
596 597 8
597 596 8
597 598 12
598 597 12
597 641 15
641 597 15
598 599 14
599 598 14
599 600 8
600 599 8
599 643 18
643 599 18
600 601 7
601 600 7
601 602 10
602 601 10
602 603 5
603 602 5
603 604 15
604 603 15
603 647 4
647 603 4
604 605 18
605 604 18
605 606 1
606 605 1
605 649 1
649 605 1
606 607 15
607 606 15
607 608 4
608 607 4
607 651 10
651 607 10
608 609 7
609 608 7
609 610 8
610 609 8
609 653 17
653 609 17
610 611 12
611 610 12
611 612 1
612 611 1
611 655 8
655 611 8
612 613 9
613 612 9
613 614 4
614 613 4
614 615 6
615 614 6
615 659 9
659 615 9
616 617 17
617 616 17
616 660 18
660 616 18
617 618 12
618 617 12
618 619 6
619 618 6
618 662 10
662 618 10
619 620 7
620 619 7
620 621 1
621 620 1
620 664 9
664 620 9
621 622 8
622 621 8
622 623 14
623 622 14
622 666 16
666 622 16
623 624 1
624 623 1
624 625 15
625 624 15
624 668 6
668 624 6
625 626 12
626 625 12
626 670 16
670 626 16
627 628 6
628 627 6
628 629 16
629 628 16
628 672 10
672 628 10
629 630 8
630 629 8
630 631 12
631 630 12
630 674 18
674 630 18
632 633 5
633 632 5
632 676 8
676 632 8
633 634 13
634 633 13
634 678 19
678 634 19
635 636 10
636 635 10
636 637 5
637 636 5
637 638 5
638 637 5
638 639 9
639 638 9
638 682 11
682 638 11
640 641 17
641 640 17
640 684 10
684 640 10
641 642 15
642 641 15
642 643 1
643 642 1
642 686 13
686 642 13
644 645 1
645 644 1
645 646 4
646 645 4
646 647 15
647 646 15
647 648 11
648 647 11
648 649 18
649 648 18
648 692 15
692 648 15
649 650 16
650 649 16
650 651 6
651 650 6
650 694 16
694 650 16
651 652 5
652 651 5
652 653 12
653 652 12
652 696 18
696 652 18
653 654 3
654 653 3
654 655 9
655 654 9
654 698 18
698 654 18
655 656 2
656 655 2
656 657 11
657 656 11
656 700 15
700 656 15
657 658 9
658 657 9
658 659 11
659 658 11
660 661 1
661 660 1
661 662 15
662 661 15
661 705 12
705 661 12
663 664 18
664 663 18
663 707 5
707 663 5
664 665 4
665 664 4
665 666 4
666 665 4
665 709 18
709 665 18
666 667 1
667 666 1
667 668 10
668 667 10
667 711 3
711 667 3
668 669 12
669 668 12
669 670 12
670 669 12
669 713 8
713 669 8
670 671 15
671 670 15
671 672 2
672 671 2
671 715 8
715 671 8
672 673 16
673 672 16
673 717 4
717 673 4
674 675 18
675 674 18
675 676 3
676 675 3
675 719 10
719 675 10
676 677 17
677 676 17
677 678 17
678 677 17
677 721 16
721 677 16
678 679 12
679 678 12
679 680 16
680 679 16
679 723 19
723 679 19
681 682 17
682 681 17
681 725 7
725 681 7
682 683 18
683 682 18
683 684 6
684 683 6
685 686 14
686 685 14
685 729 4
729 685 4
686 687 9
687 686 9
687 688 3
688 687 3
687 731 10
731 687 10
688 689 14
689 688 14
689 690 12
690 689 12
689 733 15
733 689 15
690 691 4
691 690 4
691 692 5
692 691 5
691 735 16
735 691 16
692 693 14
693 692 14
693 694 12
694 693 12
693 737 9
737 693 9
694 695 8
695 694 8
695 739 13
739 695 13
696 697 18
697 696 18
697 698 6
698 697 6
697 741 13
741 697 13
698 699 5
699 698 5
699 700 14
700 699 14
699 743 18
743 699 18
700 701 10
701 700 10
701 702 9
702 701 9
701 745 11
745 701 11
702 703 17
703 702 17
703 747 14
747 703 14
704 705 15
705 704 15
704 748 9
748 704 9
706 707 11
707 706 11
706 750 13
750 706 13
707 708 10
708 707 10
708 709 12
709 708 12
708 752 8
752 708 8
709 710 5
710 709 5
710 711 10
711 710 10
710 754 9
754 710 9
711 712 15
712 711 15
712 713 11
713 712 11
712 756 10
756 712 10
713 714 4
714 713 4
714 715 15
715 714 15
714 758 16
758 714 16
715 716 16
716 715 16
716 760 7
760 716 7
717 718 19
718 717 19
718 719 16
719 718 16
719 720 9
720 719 9
720 721 6
721 720 6
721 722 7
722 721 7
722 723 18
723 722 18
722 766 7
766 722 7
723 724 14
724 723 14
724 725 8
725 724 8
724 768 6
768 724 6
725 726 16
726 725 16
726 727 8
727 726 8
726 770 18
770 726 18
727 728 18
728 727 18
728 729 13
729 728 13
728 772 13
772 728 13
729 730 14
730 729 14
730 774 11
774 730 11
732 733 15
733 732 15
732 776 8
776 732 8
733 734 2
734 733 2
734 735 17
735 734 17
734 778 14
778 734 14
735 736 2
736 735 2
736 737 7
737 736 7
736 780 19
780 736 19
737 738 19
738 737 19
738 739 17
739 738 17
738 782 4
782 738 4
739 740 4
740 739 4
740 741 5
741 740 5
740 784 5
784 740 5
741 742 6
742 741 6
742 786 10
786 742 10
743 744 6
744 743 6
744 745 1
745 744 1
744 788 3
788 744 3
745 746 9
746 745 9
746 747 1
747 746 1
746 790 11
790 746 11
748 749 10
749 748 10
749 750 2
750 749 2
749 793 3
793 749 3
750 751 3
751 750 3
751 752 18
752 751 18
751 795 14
795 751 14
752 753 8
753 752 8
753 754 17
754 753 17
753 797 14
797 753 14
755 756 10
756 755 10
755 799 4
799 755 4
757 758 6
758 757 6
757 801 9
801 757 9
758 759 2
759 758 2
759 760 1
760 759 1
759 803 11
803 759 11
760 761 2
761 760 2
761 805 7
805 761 7
762 763 16
763 762 16
763 764 9
764 763 9
763 807 12
807 763 12
764 765 5
765 764 5
765 809 12
809 765 12
766 767 1
767 766 1
767 768 4
768 767 4
769 770 11
770 769 11
769 813 15
813 769 15
771 772 9
772 771 9
772 773 7
773 772 7
773 774 13
774 773 13
773 817 3
817 773 3
774 775 5
775 774 5
775 776 18
776 775 18
775 819 15
819 775 15
776 777 16
777 776 16
777 778 10
778 777 10
778 779 1
779 778 1
779 780 12
780 779 12
779 823 18
823 779 18
780 781 11
781 780 11
781 782 8
782 781 8
782 783 12
783 782 12
783 784 17
784 783 17
783 827 11
827 783 11
784 785 9
785 784 9
785 786 14
786 785 14
785 829 11
829 785 11
786 787 14
787 786 14
787 788 1
788 787 1
788 789 3
789 788 3
789 790 12
790 789 12
789 833 9
833 789 9
790 791 2
791 790 2
791 835 7
835 791 7
792 793 9
793 792 9
792 836 3
836 792 3
793 794 6
794 793 6
794 795 2
795 794 2
794 838 15
838 794 15
795 796 14
796 795 14
796 797 9
797 796 9
796 840 5
840 796 5
797 798 8
798 797 8
798 799 14
799 798 14
798 842 18
842 798 18
799 800 12
800 799 12
800 801 5
801 800 5
800 844 7
844 800 7
801 802 17
802 801 17
802 803 4
803 802 4
802 846 5
846 802 5
803 804 5
804 803 5
804 805 11
805 804 11
804 848 2
848 804 2
805 806 6
806 805 6
806 807 16
807 806 16
808 809 15
809 808 15
808 852 17
852 808 17
809 810 4
810 809 4
810 854 3
854 810 3
811 812 16
812 811 16
812 813 15
813 812 15
812 856 2
856 812 2
813 814 3
814 813 3
814 858 5
858 814 5
815 816 12
816 815 12
816 817 12
817 816 12
816 860 8
860 816 8
817 818 8
818 817 8
818 819 4
819 818 4
818 862 15
862 818 15
819 820 15
820 819 15
820 821 18
821 820 18
820 864 2
864 820 2
821 822 1
822 821 1
822 823 3
823 822 3
822 866 17
866 822 17
823 824 6
824 823 6
824 825 6
825 824 6
824 868 1
868 824 1
825 826 7
826 825 7
826 827 10
827 826 10
826 870 1
870 826 1
827 828 3
828 827 3
828 829 9
829 828 9
829 830 10
830 829 10
830 831 8
831 830 8
830 874 18
874 830 18
831 832 1
832 831 1
832 833 5
833 832 5
832 876 10
876 832 10
833 834 18
834 833 18
834 835 12
835 834 12
834 878 14
878 834 14
836 837 13
837 836 13
837 838 10
838 837 10
837 881 14
881 837 14
839 840 8
840 839 8
840 841 9
841 840 9
841 885 3
885 841 3
842 843 1
843 842 1
843 844 2
844 843 2
843 887 3
887 843 3
844 845 11
845 844 11
845 846 10
846 845 10
845 889 12
889 845 12
846 847 15
847 846 15
847 848 4
848 847 4
847 891 15
891 847 15
848 849 16
849 848 16
849 850 19
850 849 19
849 893 12
893 849 12
850 851 5
851 850 5
851 852 3
852 851 3
851 895 6
895 851 6
852 853 17
853 852 17
853 854 11
854 853 11
853 897 9
897 853 9
854 855 1
855 854 1
855 856 8
856 855 8
855 899 18
899 855 18
856 857 11
857 856 11
857 901 2
901 857 2
858 859 11
859 858 11
859 860 13
860 859 13
859 903 17
903 859 17
860 861 18
861 860 18
861 862 16
862 861 16
861 905 17
905 861 17
863 864 19
864 863 19
863 907 4
907 863 4
864 865 5
865 864 5
865 866 1
866 865 1
865 909 9
909 865 9
866 867 14
867 866 14
867 868 13
868 867 13
867 911 11
911 867 11
868 869 13
869 868 13
869 870 5
870 869 5
869 913 9
913 869 9
870 871 18
871 870 18
871 872 2
872 871 2
871 915 18
915 871 18
872 873 6
873 872 6
873 874 3
874 873 3
875 876 2
876 875 2
875 919 17
919 875 17
876 877 18
877 876 18
877 878 16
878 877 16
877 921 6
921 877 6
878 879 18
879 878 18
879 923 19
923 879 19
880 881 4
881 880 4
880 924 2
924 880 2
881 882 17
882 881 17
882 883 12
883 882 12
882 926 13
926 882 13
883 884 9
884 883 9
884 885 4
885 884 4
884 928 6
928 884 6
885 886 2
886 885 2
886 887 7
887 886 7
886 930 19
930 886 19
887 888 17
888 887 17
888 889 14
889 888 14
888 932 9
932 888 9
889 890 9
890 889 9
890 934 6
934 890 6
891 892 10
892 891 10
892 893 6
893 892 6
892 936 6
936 892 6
893 894 7
894 893 7
894 895 9
895 894 9
894 938 2
938 894 2
895 896 11
896 895 11
896 897 11
897 896 11
896 940 11
940 896 11
897 898 15
898 897 15
898 899 2
899 898 2
898 942 7
942 898 7
899 900 16
900 899 16
900 901 7
901 900 7
900 944 7
944 900 7
901 902 17
902 901 17
902 903 14
903 902 14
902 946 13
946 902 13
903 904 4
904 903 4
904 905 12
905 904 12
904 948 19
948 904 19
905 906 3
906 905 3
906 907 4
907 906 4
906 950 11
950 906 11
907 908 7
908 907 7
908 909 18
909 908 18
908 952 10
952 908 10
909 910 11
910 909 11
910 911 4
911 910 4
911 912 17
912 911 17
912 913 16
913 912 16
912 956 16
956 912 16
913 914 3
914 913 3
914 915 7
915 914 7
914 958 10
958 914 10
915 916 14
916 915 14
916 917 18
917 916 18
917 918 18
918 917 18
918 919 18
919 918 18
918 962 5
962 918 5
919 920 2
920 919 2
920 921 8
921 920 8
920 964 11
964 920 11
921 922 17
922 921 17
922 923 11
923 922 11
922 966 9
966 922 9
924 925 3
925 924 3
925 926 17
926 925 17
926 927 6
927 926 6
927 928 15
928 927 15
928 929 10
929 928 10
929 930 15
930 929 15
930 931 14
931 930 14
931 932 5
932 931 5
932 933 1
933 932 1
933 934 11
934 933 11
934 935 11
935 934 11
936 937 8
937 936 8
937 938 12
938 937 12
938 939 9
939 938 9
939 940 5
940 939 5
940 941 15
941 940 15
941 942 13
942 941 13
942 943 5
943 942 5
943 944 15
944 943 15
944 945 11
945 944 11
945 946 4
946 945 4
946 947 16
947 946 16
947 948 11
948 947 11
949 950 4
950 949 4
950 951 17
951 950 17
951 952 19
952 951 19
952 953 8
953 952 8
954 955 14
955 954 14
955 956 12
956 955 12
956 957 14
957 956 14
957 958 13
958 957 13
958 959 16
959 958 16
959 960 1
960 959 1
960 961 12
961 960 12
961 962 2
962 961 2
962 963 12
963 962 12
963 964 13
964 963 13
964 965 6
965 964 6
965 966 8
966 965 8
4
5
6
7
8
10
11
14
16
17
19
22
23
25
26
27
28
29
30
31
32
34
35
36
37
38
39
40
41
42
43
45
49
50
52
53
54
56
57
58
59
60
61
62
63
64
65
67
68
69
71
72
73
74
75
76
78
79
80
81
82
83
84
85
86
87
89
90
101
102
103
104
107
108
109
112
113
114
116
117
118
119
120
121
122
123
124
125
128
129
131
132
133
134
135
137
139
140
142
143
146
147
148
149
151
152
153
154
155
156
157
158
159
161
163
164
165
166
167
168
169
170
172
173
175
178
179
180
181
182
184
187
191
192
193
195
198
199
201
202
203
205
206
207
208
210
211
212
213
214
216
217
218
219
221
222
223
224
225
226
227
229
231
232
236
237
238
239
240
241
243
246
247
250
251
252
254
255
256
257
258
259
260
261
262
263
264
265
268
269
270
271
272
273
274
277
278
283
284
288
289
290
292
293
294
295
296
297
298
300
304
306
307
309
310
312
313
314
315
317
318
322
323
324
325
330
331
332
333
334
335
337
339
340
341
342
343
344
345
346
348
349
350
351
352
353
354
355
356
359
360
362
363
366
367
368
371
372
375
376
377
378
379
380
382
383
384
386
387
388
389
393
394
395
400
401
403
404
405
406
407
408
409
411
414
415
416
417
421
422
423
425
426
428
429
430
433
434
435
437
438
439
440
441
442
443
444
445
447
448
449
450
451
452
453
454
459
460
461
462
465
467
468
470
471
472
473
474
475
476
477
480
483
484
485
488
489
490
491
492
493
494
495
497
500
501
504
505
507
516
518
519
520
521
522
523
524
525
527
528
529
531
534
536
537
538
539
540
541
543
546
547
548
549
550
551
553
554
555
556
557
558
561
562
563
564
565
566
567
568
569
570
572
573
574
575
576
577
578
579
580
582
583
584
585
588
589
590
593
594
598
599
600
601
602
606
608
609
610
612
614
616
619
622
623
624
625
626
628
629
630
632
633
634
635
636
637
638
639
640
642
644
646
647
648
651
652
654
657
660
661
662
663
664
667
668
669
670
673
675
676
677
678
679
682
683
685
687
688
689
690
691
692
693
698
699
700
702
703
704
705
706
707
709
710
712
713
714
715
716
717
718
719
720
721
722
723
724
725
726
727
729
730
732
733
734
735
737
738
741
742
744
746
747
749
750
751
754
755
756
759
760
761
762
764
765
766
768
770
771
772
773
774
776
777
778
780
781
782
783
786
787
788
790
793
794
797
798
799
800
801
802
803
805
806
807
809
810
811
812
813
815
818
819
820
821
822
823
824
825
826
827
833
834
838
839
840
841
843
844
845
846
848
849
851
852
853
855
856
857
858
859
860
862
864
865
867
868
869
870
871
872
874
877
878
880
881
882
883
884
887
888
889
890
891
892
893
894
895
896
897
898
899
900
901
902
903
904
905
906
907
908
909
910
912
913
914
917
918
921
922
924
925
928
929
930
931
932
934
936
937
938
940
942
945
949
952
953
955
957
958
959
960
961
962
963
