68 30 1 30 9
1 2 10
2 1 10
2 3 1
3 2 1
3 4 10
4 3 10
3 10 19
10 3 19
4 5 12
5 4 12
5 12 4
12 5 4
6 7 5
7 6 5
7 14 4
14 7 4
8 9 7
9 8 7
9 10 12
10 9 12
9 17 10
17 9 10
10 11 3
11 10 3
11 12 7
12 11 7
12 13 16
13 12 16
13 14 7
14 13 7
13 21 18
21 13 18
14 15 2
15 14 2
15 23 11
23 15 11
16 17 7
17 16 7
16 24 14
24 16 14
17 18 5
18 17 5
18 19 8
19 18 8
18 26 6
26 18 6
20 21 13
21 20 13
20 28 16
28 20 16
21 22 16
22 21 16
22 23 3
23 22 3
22 30 14
30 22 14
24 25 1
25 24 1
25 26 10
26 25 10
26 27 7
27 26 7
27 28 6
28 27 6
28 29 3
29 28 3
29 30 16
30 29 16
1 9 19
2 26 29
3 10 15
4 11 27
5 13 16
6 7 18
12 25 30
14 20 23
22 24 28
