4452 1680 1 1680 69
1 2 13
2 1 13
1 58 2
58 1 2
2 3 4
3 2 4
3 4 2
4 3 2
3 60 16
60 3 16
4 5 3
5 4 3
5 62 13
62 5 13
6 7 8
7 6 8
7 8 11
8 7 11
7 64 13
64 7 13
8 9 9
9 8 9
9 10 13
10 9 13
9 66 14
66 9 14
10 11 2
11 10 2
11 12 10
12 11 10
11 68 11
68 11 11
12 13 12
13 12 12
13 14 6
14 13 6
13 70 2
70 13 2
14 15 11
15 14 11
15 16 1
16 15 1
15 72 8
72 15 8
16 17 11
17 16 11
17 18 12
18 17 12
17 74 18
74 17 18
18 19 4
19 18 4
19 20 19
20 19 19
19 76 6
76 19 6
21 22 15
22 21 15
21 78 7
78 21 7
22 23 1
23 22 1
23 24 1
24 23 1
23 80 15
80 23 15
24 25 14
25 24 14
25 26 17
26 25 17
25 82 13
82 25 13
26 27 1
27 26 1
27 28 14
28 27 14
27 84 16
84 27 16
28 29 12
29 28 12
29 30 3
30 29 3
29 86 19
86 29 19
31 32 10
32 31 10
31 88 17
88 31 17
32 33 10
33 32 10
33 34 5
34 33 5
33 90 2
90 33 2
35 36 6
36 35 6
35 92 3
92 35 3
36 37 10
37 36 10
37 38 18
38 37 18
37 94 10
94 37 10
38 39 9
39 38 9
39 96 13
96 39 13
40 41 1
41 40 1
41 42 3
42 41 3
41 98 10
98 41 10
42 43 13
43 42 13
43 44 1
44 43 1
43 100 18
100 43 18
44 45 8
45 44 8
45 102 19
102 45 19
46 47 9
47 46 9
47 48 13
48 47 13
48 49 13
49 48 13
49 50 13
50 49 13
50 51 14
51 50 14
51 52 3
52 51 3
51 108 5
108 51 5
52 53 8
53 52 8
53 54 3
54 53 3
53 110 1
110 53 1
54 55 15
55 54 15
55 56 15
56 55 15
55 112 14
112 55 14
57 114 1
114 57 1
58 59 10
59 58 10
59 60 17
60 59 17
59 117 10
117 59 10
60 61 18
61 60 18
61 119 15
119 61 15
62 63 8
63 62 8
63 64 12
64 63 12
63 121 5
121 63 5
64 65 6
65 64 6
65 66 11
66 65 11
65 123 6
123 65 6
66 67 1
67 66 1
67 68 17
68 67 17
67 125 10
125 67 10
68 69 17
69 68 17
69 70 5
70 69 5
69 127 17
127 69 17
70 71 2
71 70 2
71 129 6
129 71 6
72 73 15
73 72 15
73 74 3
74 73 3
73 131 6
131 73 6
75 76 12
76 75 12
75 133 9
133 75 9
76 77 5
77 76 5
77 135 13
135 77 13
79 80 5
80 79 5
79 137 2
137 79 2
81 82 7
82 81 7
81 139 4
139 81 4
82 83 9
83 82 9
83 84 17
84 83 17
83 141 12
141 83 12
84 85 9
85 84 9
85 86 19
86 85 19
85 143 7
143 85 7
86 87 14
87 86 14
87 88 1
88 87 1
87 145 8
145 87 8
88 89 8
89 88 8
89 90 18
90 89 18
89 147 17
147 89 17
90 91 16
91 90 16
91 92 4
92 91 4
92 93 1
93 92 1
93 94 15
94 93 15
94 95 17
95 94 17
95 96 10
96 95 10
95 153 17
153 95 17
96 97 14
97 96 14
97 98 12
98 97 12
97 155 17
155 97 17
98 99 1
99 98 1
99 100 1
100 99 1
99 157 2
157 99 2
101 102 16
102 101 16
101 159 8
159 101 8
103 104 1
104 103 1
103 161 4
161 103 4
104 105 13
105 104 13
105 106 14
106 105 14
105 163 14
163 105 14
106 107 2
107 106 2
107 108 1
108 107 1
107 165 3
165 107 3
108 109 3
109 108 3
109 110 11
110 109 11
109 167 16
167 109 16
110 111 3
111 110 3
111 112 15
112 111 15
111 169 13
169 111 13
112 113 5
113 112 5
113 114 11
114 113 11
113 171 7
171 113 7
114 115 14
115 114 14
115 173 9
173 115 9
116 117 9
117 116 9
117 118 3
118 117 3
118 119 5
119 118 5
118 176 17
176 118 17
119 120 8
120 119 8
120 121 6
121 120 6
120 178 17
178 120 17
121 122 4
122 121 4
122 123 1
123 122 1
122 180 4
180 122 4
123 124 13
124 123 13
124 125 5
125 124 5
124 182 13
182 124 13
125 126 11
126 125 11
126 184 14
184 126 14
127 128 10
128 127 10
128 129 13
129 128 13
128 186 1
186 128 1
129 130 7
130 129 7
130 131 18
131 130 18
130 188 10
188 130 10
131 132 12
132 131 12
132 133 5
133 132 5
132 190 14
190 132 14
133 134 7
134 133 7
134 135 19
135 134 19
134 192 10
192 134 10
135 136 14
136 135 14
136 194 1
194 136 1
137 138 18
138 137 18
138 139 1
139 138 1
138 196 16
196 138 16
140 141 4
141 140 4
140 198 1
198 140 1
141 142 7
142 141 7
142 143 1
143 142 1
142 200 19
200 142 19
143 144 5
144 143 5
144 145 2
145 144 2
144 202 15
202 144 15
145 146 1
146 145 1
146 147 18
147 146 18
146 204 2
204 146 2
147 148 18
148 147 18
148 149 7
149 148 7
148 206 10
206 148 10
149 150 5
150 149 5
150 208 14
208 150 14
151 152 14
152 151 14
152 153 13
153 152 13
152 210 9
210 152 9
153 154 2
154 153 2
154 155 16
155 154 16
154 212 11
212 154 11
155 156 12
156 155 12
156 157 12
157 156 12
156 214 5
214 156 5
157 158 12
158 157 12
158 159 3
159 158 3
158 216 1
216 158 1
159 160 7
160 159 7
160 161 10
161 160 10
160 218 3
218 160 3
161 162 9
162 161 9
162 220 17
220 162 17
163 164 13
164 163 13
164 165 15
165 164 15
164 222 13
222 164 13
165 166 14
166 165 14
166 167 15
167 166 15
166 224 10
224 166 10
167 168 1
168 167 1
168 169 17
169 168 17
168 226 7
226 168 7
169 170 9
170 169 9
170 171 10
171 170 10
170 228 9
228 170 9
171 172 15
172 171 15
172 173 9
173 172 9
172 230 7
230 172 7
174 175 5
175 174 5
175 176 13
176 175 13
175 233 15
233 175 15
176 177 17
177 176 17
177 178 7
178 177 7
177 235 14
235 177 14
178 179 1
179 178 1
179 180 14
180 179 14
180 181 5
181 180 5
181 182 17
182 181 17
181 239 12
239 181 12
182 183 10
183 182 10
183 184 16
184 183 16
183 241 14
241 183 14
184 185 13
185 184 13
185 186 8
186 185 8
185 243 9
243 185 9
186 187 16
187 186 16
187 188 3
188 187 3
187 245 6
245 187 6
188 189 16
189 188 16
189 190 14
190 189 14
189 247 18
247 189 18
190 191 11
191 190 11
191 192 8
192 191 8
191 249 13
249 191 13
192 193 10
193 192 10
193 194 11
194 193 11
193 251 8
251 193 8
194 195 8
195 194 8
195 196 11
196 195 11
195 253 1
253 195 1
196 197 14
197 196 14
197 198 3
198 197 3
197 255 13
255 197 13
198 199 13
199 198 13
199 257 19
257 199 19
200 201 6
201 200 6
201 202 14
202 201 14
201 259 16
259 201 16
202 203 8
203 202 8
203 261 4
261 203 4
204 205 19
205 204 19
205 206 11
206 205 11
205 263 11
263 205 11
206 207 16
207 206 16
207 208 9
208 207 9
207 265 16
265 207 16
208 209 9
209 208 9
209 210 8
210 209 8
209 267 10
267 209 10
210 211 13
211 210 13
211 212 18
212 211 18
211 269 13
269 211 13
212 213 6
213 212 6
213 271 8
271 213 8
214 215 7
215 214 7
215 216 1
216 215 1
215 273 2
273 215 2
216 217 17
217 216 17
217 218 13
218 217 13
217 275 15
275 217 15
218 219 17
219 218 17
219 220 6
220 219 6
219 277 6
277 219 6
220 221 7
221 220 7
221 222 7
222 221 7
221 279 3
279 221 3
222 223 15
223 222 15
223 281 14
281 223 14
224 225 6
225 224 6
225 226 2
226 225 2
225 283 4
283 225 4
226 227 14
227 226 14
227 228 3
228 227 3
227 285 17
285 227 17
228 229 8
229 228 8
229 230 5
230 229 5
229 287 12
287 229 12
230 231 7
231 230 7
231 289 18
289 231 18
232 233 5
233 232 5
232 290 10
290 232 10
233 234 11
234 233 11
234 235 5
235 234 5
234 292 11
292 234 11
235 236 1
236 235 1
236 237 18
237 236 18
236 294 17
294 236 17
237 238 12
238 237 12
238 239 10
239 238 10
238 296 8
296 238 8
239 240 3
240 239 3
240 241 14
241 240 14
240 298 19
298 240 19
242 243 10
243 242 10
242 300 5
300 242 5
244 245 14
245 244 14
244 302 8
302 244 8
245 246 11
246 245 11
246 247 5
247 246 5
246 304 14
304 246 14
247 248 16
248 247 16
248 249 9
249 248 9
248 306 5
306 248 5
249 250 10
250 249 10
250 251 10
251 250 10
250 308 18
308 250 18
251 252 16
252 251 16
252 253 8
253 252 8
252 310 13
310 252 13
253 254 14
254 253 14
254 255 11
255 254 11
254 312 17
312 254 17
255 256 5
256 255 5
256 257 4
257 256 4
256 314 6
314 256 6
257 258 2
258 257 2
258 259 7
259 258 7
258 316 8
316 258 8
259 260 15
260 259 15
260 261 2
261 260 2
260 318 15
318 260 15
261 262 16
262 261 16
262 263 2
263 262 2
262 320 6
320 262 6
263 264 11
264 263 11
264 265 18
265 264 18
264 322 12
322 264 12
265 266 17
266 265 17
266 267 1
267 266 1
266 324 10
324 266 10
267 268 1
268 267 1
268 269 3
269 268 3
268 326 19
326 268 19
269 270 8
270 269 8
270 271 12
271 270 12
270 328 12
328 270 12
271 272 1
272 271 1
272 273 17
273 272 17
272 330 14
330 272 14
273 274 17
274 273 17
274 275 9
275 274 9
274 332 19
332 274 19
275 276 14
276 275 14
276 334 9
334 276 9
277 278 4
278 277 4
278 279 9
279 278 9
278 336 3
336 278 3
279 280 9
280 279 9
280 281 12
281 280 12
280 338 14
338 280 14
282 283 9
283 282 9
282 340 2
340 282 2
283 284 19
284 283 19
284 285 9
285 284 9
284 342 16
342 284 16
285 286 15
286 285 15
286 287 14
287 286 14
286 344 11
344 286 11
287 288 7
288 287 7
288 289 8
289 288 8
288 346 14
346 288 14
290 291 7
291 290 7
291 292 8
292 291 8
291 349 14
349 291 14
292 293 11
293 292 11
293 294 17
294 293 17
293 351 12
351 293 12
294 295 1
295 294 1
295 296 16
296 295 16
295 353 5
353 295 5
296 297 12
297 296 12
297 298 10
298 297 10
298 299 7
299 298 7
299 300 7
300 299 7
299 357 11
357 299 11
301 302 7
302 301 7
301 359 12
359 301 12
302 303 9
303 302 9
303 304 18
304 303 18
303 361 8
361 303 8
305 306 9
306 305 9
305 363 17
363 305 17
306 307 16
307 306 16
307 308 9
308 307 9
307 365 3
365 307 3
308 309 14
309 308 14
309 367 6
367 309 6
310 311 18
311 310 18
311 312 3
312 311 3
311 369 18
369 311 18
312 313 17
313 312 17
313 314 16
314 313 16
313 371 7
371 313 7
314 315 14
315 314 14
315 316 6
316 315 6
316 317 12
317 316 12
319 320 16
320 319 16
319 377 7
377 319 7
320 321 10
321 320 10
321 322 1
322 321 1
321 379 16
379 321 16
322 323 13
323 322 13
323 324 3
324 323 3
323 381 5
381 323 5
324 325 7
325 324 7
325 326 13
326 325 13
325 383 3
383 325 3
326 327 6
327 326 6
327 328 11
328 327 11
327 385 18
385 327 18
329 330 11
330 329 11
329 387 17
387 329 17
330 331 4
331 330 4
331 332 10
332 331 10
331 389 2
389 331 2
333 334 13
334 333 13
333 391 12
391 333 12
334 335 3
335 334 3
336 337 7
337 336 7
337 338 7
338 337 7
337 395 13
395 337 13
338 339 10
339 338 10
339 397 7
397 339 7
340 341 11
341 340 11
341 342 5
342 341 5
341 399 7
399 341 7
342 343 14
343 342 14
343 344 15
344 343 15
343 401 8
401 343 8
344 345 6
345 344 6
345 346 1
346 345 1
345 403 15
403 345 15
346 347 16
347 346 16
347 405 14
405 347 14
348 349 1
349 348 1
349 350 2
350 349 2
350 351 3
351 350 3
350 408 13
408 350 13
351 352 8
352 351 8
352 353 8
353 352 8
352 410 4
410 352 4
353 354 10
354 353 10
354 355 13
355 354 13
354 412 7
412 354 7
355 356 8
356 355 8
357 358 2
358 357 2
358 359 16
359 358 16
358 416 12
416 358 12
360 361 5
361 360 5
360 418 15
418 360 15
361 362 1
362 361 1
362 363 1
363 362 1
362 420 15
420 362 15
363 364 9
364 363 9
364 365 10
365 364 10
364 422 5
422 364 5
366 367 8
367 366 8
367 368 6
368 367 6
368 426 10
426 368 10
369 370 6
370 369 6
370 371 5
371 370 5
370 428 7
428 370 7
371 372 7
372 371 7
372 373 1
373 372 1
372 430 12
430 372 12
373 374 13
374 373 13
374 375 2
375 374 2
374 432 16
432 374 16
376 377 6
377 376 6
377 378 18
378 377 18
378 379 5
379 378 5
378 436 17
436 378 17
379 380 16
380 379 16
380 381 1
381 380 1
380 438 10
438 380 10
382 383 9
383 382 9
382 440 15
440 382 15
383 384 3
384 383 3
384 442 5
442 384 5
385 386 10
386 385 10
386 387 15
387 386 15
386 444 13
444 386 13
387 388 8
388 387 8
388 389 5
389 388 5
388 446 3
446 388 3
389 390 9
390 389 9
390 391 17
391 390 17
390 448 10
448 390 10
391 392 12
392 391 12
392 393 8
393 392 8
392 450 1
450 392 1
393 394 7
394 393 7
394 395 12
395 394 12
394 452 9
452 394 9
395 396 1
396 395 1
396 397 15
397 396 15
396 454 12
454 396 12
397 398 18
398 397 18
398 399 2
399 398 2
398 456 2
456 398 2
399 400 19
400 399 19
400 401 19
401 400 19
400 458 14
458 400 14
402 460 11
460 402 11
403 404 7
404 403 7
404 405 14
405 404 14
404 462 2
462 404 2
406 407 17
407 406 17
407 408 10
408 407 10
407 465 6
465 407 6
409 467 18
467 409 18
410 411 9
411 410 9
411 412 19
412 411 19
412 413 17
413 412 17
413 414 1
414 413 1
413 471 16
471 413 16
414 415 16
415 414 16
415 416 7
416 415 7
415 473 7
473 415 7
416 417 2
417 416 2
417 418 7
418 417 7
418 419 4
419 418 4
419 420 14
420 419 14
419 477 7
477 419 7
420 421 15
421 420 15
421 422 19
422 421 19
421 479 9
479 421 9
422 423 17
423 422 17
423 424 4
424 423 4
423 481 1
481 423 1
425 426 11
426 425 11
425 483 12
483 425 12
426 427 16
427 426 16
427 428 6
428 427 6
427 485 12
485 427 12
428 429 8
429 428 8
429 430 5
430 429 5
429 487 2
487 429 2
431 432 3
432 431 3
431 489 3
489 431 3
432 433 13
433 432 13
433 434 1
434 433 1
433 491 11
491 433 11
434 435 13
435 434 13
435 436 9
436 435 9
435 493 16
493 435 16
436 437 11
437 436 11
437 438 18
438 437 18
437 495 4
495 437 4
438 439 6
439 438 6
439 440 11
440 439 11
439 497 5
497 439 5
440 441 14
441 440 14
441 442 9
442 441 9
441 499 7
499 441 7
442 443 4
443 442 4
443 444 8
444 443 8
443 501 9
501 443 9
444 445 4
445 444 4
445 446 17
446 445 17
445 503 6
503 445 6
446 447 7
447 446 7
447 448 2
448 447 2
447 505 10
505 447 10
449 450 11
450 449 11
449 507 10
507 449 10
451 452 3
452 451 3
451 509 17
509 451 17
453 454 19
454 453 19
453 511 10
511 453 10
454 455 16
455 454 16
455 456 14
456 455 14
455 513 19
513 455 19
456 457 11
457 456 11
457 458 19
458 457 19
457 515 19
515 457 19
458 459 2
459 458 2
459 460 14
460 459 14
459 517 19
517 459 19
461 462 1
462 461 1
461 519 17
519 461 17
462 463 2
463 462 2
463 521 19
521 463 19
464 465 2
465 464 2
464 522 13
522 464 13
465 466 4
466 465 4
466 467 16
467 466 16
466 524 3
524 466 3
468 469 18
469 468 18
468 526 19
526 468 19
469 470 19
470 469 19
470 471 15
471 470 15
471 472 12
472 471 12
472 473 2
473 472 2
472 530 2
530 472 2
473 474 16
474 473 16
474 475 15
475 474 15
474 532 2
532 474 2
475 476 5
476 475 5
476 534 16
534 476 16
477 478 12
478 477 12
478 479 7
479 478 7
478 536 9
536 478 9
479 480 2
480 479 2
480 481 2
481 480 2
480 538 6
538 480 6
482 483 6
483 482 6
482 540 11
540 482 11
483 484 11
484 483 11
484 485 8
485 484 8
484 542 6
542 484 6
485 486 6
486 485 6
486 487 12
487 486 12
486 544 8
544 486 8
488 489 7
489 488 7
488 546 13
546 488 13
489 490 5
490 489 5
490 491 4
491 490 4
490 548 13
548 490 13
491 492 9
492 491 9
492 493 2
493 492 2
493 494 17
494 493 17
494 495 7
495 494 7
494 552 13
552 494 13
495 496 2
496 495 2
496 497 1
497 496 1
496 554 2
554 496 2
497 498 7
498 497 7
498 499 15
499 498 15
498 556 14
556 498 14
499 500 17
500 499 17
500 501 18
501 500 18
500 558 8
558 500 8
501 502 19
502 501 19
502 503 17
503 502 17
502 560 17
560 502 17
503 504 6
504 503 6
504 505 8
505 504 8
504 562 13
562 504 13
505 506 6
506 505 6
506 507 6
507 506 6
506 564 4
564 506 4
507 508 2
508 507 2
508 509 12
509 508 12
508 566 17
566 508 17
509 510 15
510 509 15
510 511 5
511 510 5
510 568 7
568 510 7
511 512 5
512 511 5
512 513 4
513 512 4
512 570 1
570 512 1
513 514 10
514 513 10
514 515 13
515 514 13
514 572 12
572 514 12
515 516 13
516 515 13
516 517 3
517 516 3
516 574 2
574 516 2
517 518 7
518 517 7
518 519 18
519 518 18
519 520 6
520 519 6
520 521 3
521 520 3
520 578 19
578 520 19
522 523 1
523 522 1
523 524 4
524 523 4
523 581 13
581 523 13
524 525 3
525 524 3
525 526 6
526 525 6
525 583 13
583 525 13
526 527 11
527 526 11
527 528 12
528 527 12
527 585 2
585 527 2
528 529 10
529 528 10
529 530 9
530 529 9
529 587 18
587 529 18
530 531 11
531 530 11
531 532 3
532 531 3
531 589 11
589 531 11
532 533 19
533 532 19
533 534 15
534 533 15
533 591 7
591 533 7
534 535 6
535 534 6
535 593 13
593 535 13
536 537 3
537 536 3
537 538 9
538 537 9
537 595 14
595 537 14
538 539 16
539 538 16
539 540 2
540 539 2
539 597 1
597 539 1
541 542 6
542 541 6
541 599 15
599 541 15
542 543 8
543 542 8
543 544 2
544 543 2
543 601 11
601 543 11
544 545 15
545 544 15
545 546 13
546 545 13
546 547 4
547 546 4
547 605 3
605 547 3
548 549 1
549 548 1
549 550 2
550 549 2
549 607 19
607 549 19
551 552 3
552 551 3
551 609 2
609 551 2
553 554 2
554 553 2
553 611 12
611 553 12
554 555 17
555 554 17
555 556 18
556 555 18
555 613 13
613 555 13
556 557 11
557 556 11
557 558 9
558 557 9
557 615 17
615 557 17
559 560 4
560 559 4
559 617 11
617 559 11
560 561 3
561 560 3
561 562 14
562 561 14
561 619 17
619 561 17
562 563 1
563 562 1
563 621 15
621 563 15
564 565 13
565 564 13
565 566 18
566 565 18
565 623 18
623 565 18
566 567 9
567 566 9
567 568 2
568 567 2
567 625 14
625 567 14
568 569 11
569 568 11
569 570 16
570 569 16
569 627 3
627 569 3
570 571 6
571 570 6
571 572 14
572 571 14
571 629 15
629 571 15
572 573 14
573 572 14
574 575 4
575 574 4
575 576 8
576 575 8
575 633 9
633 575 9
576 577 19
577 576 19
577 578 2
578 577 2
577 635 10
635 577 10
578 579 6
579 578 6
580 581 18
581 580 18
580 638 3
638 580 3
581 582 7
582 581 7
582 583 14
583 582 14
582 640 15
640 582 15
583 584 9
584 583 9
584 642 13
642 584 13
585 586 3
586 585 3
586 644 4
644 586 4
587 588 5
588 587 5
588 589 12
589 588 12
588 646 13
646 588 13
589 590 4
590 589 4
590 591 18
591 590 18
590 648 6
648 590 6
591 592 12
592 591 12
592 593 6
593 592 6
592 650 7
650 592 7
593 594 5
594 593 5
594 595 6
595 594 6
594 652 11
652 594 11
595 596 7
596 595 7
596 597 2
597 596 2
596 654 19
654 596 19
598 599 3
599 598 3
598 656 13
656 598 13
599 600 13
600 599 13
600 601 4
601 600 4
600 658 15
658 600 15
601 602 9
602 601 9
602 603 5
603 602 5
602 660 8
660 602 8
603 604 11
604 603 11
604 605 6
605 604 6
604 662 16
662 604 16
605 606 15
606 605 15
606 607 15
607 606 15
606 664 19
664 606 19
607 608 13
608 607 13
608 609 4
609 608 4
608 666 18
666 608 18
609 610 1
610 609 1
610 611 15
611 610 15
610 668 18
668 610 18
611 612 10
612 611 10
612 613 10
613 612 10
612 670 11
670 612 11
613 614 10
614 613 10
614 615 5
615 614 5
614 672 4
672 614 4
615 616 5
616 615 5
616 617 13
617 616 13
617 618 12
618 617 12
618 619 12
619 618 12
618 676 7
676 618 7
619 620 11
620 619 11
620 621 16
621 620 16
620 678 11
678 620 11
621 622 2
622 621 2
622 623 3
623 622 3
622 680 8
680 622 8
623 624 13
624 623 13
624 625 2
625 624 2
624 682 14
682 624 14
625 626 11
626 625 11
626 627 15
627 626 15
626 684 7
684 626 7
627 628 8
628 627 8
628 629 7
629 628 7
628 686 15
686 628 15
629 630 4
630 629 4
630 631 18
631 630 18
630 688 8
688 630 8
631 632 8
632 631 8
632 633 17
633 632 17
632 690 12
690 632 12
633 634 13
634 633 13
634 635 5
635 634 5
634 692 3
692 634 3
635 636 11
636 635 11
636 637 3
637 636 3
639 640 5
640 639 5
639 697 16
697 639 16
640 641 2
641 640 2
641 642 18
642 641 18
641 699 11
699 641 11
642 643 6
643 642 6
643 644 13
644 643 13
644 645 9
645 644 9
645 646 3
646 645 3
646 647 11
647 646 11
647 648 1
648 647 1
647 705 6
705 647 6
648 649 12
649 648 12
649 650 1
650 649 1
649 707 2
707 649 2
650 651 11
651 650 11
651 652 18
652 651 18
651 709 3
709 651 3
652 653 6
653 652 6
653 654 18
654 653 18
653 711 17
711 653 17
654 655 9
655 654 9
655 713 16
713 655 16
656 657 15
657 656 15
657 658 11
658 657 11
657 715 17
715 657 17
658 659 12
659 658 12
659 717 6
717 659 6
660 661 4
661 660 4
661 662 13
662 661 13
661 719 12
719 661 12
662 663 11
663 662 11
663 664 18
664 663 18
663 721 10
721 663 10
664 665 8
665 664 8
665 666 6
666 665 6
665 723 4
723 665 4
667 668 10
668 667 10
667 725 8
725 667 8
668 669 15
669 668 15
669 670 7
670 669 7
669 727 1
727 669 1
670 671 6
671 670 6
671 729 17
729 671 17
672 673 14
673 672 14
673 674 17
674 673 17
673 731 16
731 673 16
674 675 3
675 674 3
675 676 15
676 675 15
675 733 10
733 675 10
676 677 10
677 676 10
677 678 15
678 677 15
677 735 13
735 677 13
678 679 14
679 678 14
679 680 10
680 679 10
679 737 18
737 679 18
680 681 7
681 680 7
681 682 8
682 681 8
681 739 19
739 681 19
682 683 12
683 682 12
683 684 16
684 683 16
684 685 2
685 684 2
685 686 12
686 685 12
685 743 15
743 685 15
686 687 1
687 686 1
687 688 1
688 687 1
687 745 2
745 687 2
688 689 10
689 688 10
689 690 12
690 689 12
689 747 12
747 689 12
690 691 7
691 690 7
691 692 12
692 691 12
692 693 7
693 692 7
693 694 7
694 693 7
693 751 3
751 693 3
694 695 1
695 694 1
695 753 2
753 695 2
696 754 3
754 696 3
697 698 8
698 697 8
698 699 9
699 698 9
698 756 4
756 698 4
699 700 7
700 699 7
700 701 12
701 700 12
700 758 13
758 700 13
701 702 10
702 701 10
702 703 13
703 702 13
702 760 16
760 702 16
703 704 16
704 703 16
704 705 2
705 704 2
706 707 11
707 706 11
706 764 6
764 706 6
707 708 5
708 707 5
708 709 5
709 708 5
708 766 17
766 708 17
709 710 1
710 709 1
710 711 10
711 710 10
710 768 13
768 710 13
711 712 7
712 711 7
712 713 12
713 712 12
712 770 6
770 712 6
714 715 17
715 714 17
714 772 18
772 714 18
715 716 14
716 715 14
716 717 15
717 716 15
716 774 19
774 716 19
717 718 17
718 717 17
718 719 4
719 718 4
718 776 6
776 718 6
719 720 8
720 719 8
720 721 11
721 720 11
720 778 6
778 720 6
721 722 17
722 721 17
722 723 5
723 722 5
722 780 15
780 722 15
723 724 19
724 723 19
724 725 10
725 724 10
724 782 12
782 724 12
725 726 7
726 725 7
726 727 18
727 726 18
726 784 5
784 726 5
727 728 8
728 727 8
728 729 15
729 728 15
728 786 6
786 728 6
729 730 1
730 729 1
730 731 7
731 730 7
731 732 3
732 731 3
732 733 18
733 732 18
732 790 1
790 732 1
733 734 2
734 733 2
734 735 5
735 734 5
734 792 18
792 734 18
735 736 12
736 735 12
736 737 19
737 736 19
736 794 8
794 736 8
737 738 7
738 737 7
738 739 2
739 738 2
738 796 9
796 738 9
739 740 7
740 739 7
740 741 11
741 740 11
740 798 9
798 740 9
741 742 12
742 741 12
742 743 16
743 742 16
742 800 17
800 742 17
744 745 12
745 744 12
744 802 3
802 744 3
745 746 1
746 745 1
746 747 1
747 746 1
746 804 6
804 746 6
747 748 19
748 747 19
748 749 19
749 748 19
748 806 1
806 748 1
749 750 9
750 749 9
750 751 6
751 750 6
750 808 16
808 750 16
751 752 16
752 751 16
752 753 16
753 752 16
752 810 1
810 752 1
754 755 5
755 754 5
755 756 2
756 755 2
755 813 3
813 755 3
756 757 5
757 756 5
757 758 1
758 757 1
757 815 16
815 757 16
759 760 13
760 759 13
759 817 18
817 759 18
760 761 11
761 760 11
761 762 9
762 761 9
763 764 7
764 763 7
763 821 2
821 763 2
764 765 2
765 764 2
765 766 9
766 765 9
765 823 15
823 765 15
766 767 11
767 766 11
768 769 1
769 768 1
769 770 7
770 769 7
769 827 6
827 769 6
770 771 10
771 770 10
771 772 16
772 771 16
771 829 13
829 771 13
772 773 12
773 772 12
773 774 1
774 773 1
773 831 10
831 773 10
774 775 5
775 774 5
775 776 11
776 775 11
775 833 19
833 775 19
776 777 8
777 776 8
777 778 12
778 777 12
778 779 9
779 778 9
779 780 10
780 779 10
779 837 8
837 779 8
780 781 10
781 780 10
781 782 11
782 781 11
781 839 19
839 781 19
782 783 18
783 782 18
783 784 16
784 783 16
783 841 14
841 783 14
784 785 6
785 784 6
785 786 1
786 785 1
785 843 4
843 785 4
786 787 9
787 786 9
787 788 2
788 787 2
787 845 8
845 787 8
788 789 17
789 788 17
789 790 6
790 789 6
789 847 5
847 789 5
790 791 1
791 790 1
791 792 2
792 791 2
792 793 10
793 792 10
793 794 17
794 793 17
793 851 2
851 793 2
794 795 2
795 794 2
795 796 5
796 795 5
795 853 5
853 795 5
796 797 7
797 796 7
797 798 16
798 797 16
797 855 4
855 797 4
798 799 10
799 798 10
799 800 10
800 799 10
799 857 10
857 799 10
800 801 11
801 800 11
801 802 14
802 801 14
801 859 16
859 801 16
802 803 14
803 802 14
803 804 18
804 803 18
803 861 13
861 803 13
804 805 7
805 804 7
805 806 8
806 805 8
805 863 19
863 805 19
806 807 17
807 806 17
807 808 5
808 807 5
807 865 6
865 807 6
808 809 2
809 808 2
809 810 7
810 809 7
809 867 11
867 809 11
810 811 10
811 810 10
811 869 17
869 811 17
812 870 9
870 812 9
813 814 1
814 813 1
814 815 16
815 814 16
814 872 13
872 814 13
815 816 13
816 815 13
816 817 16
817 816 16
816 874 4
874 816 4
817 818 13
818 817 13
818 819 1
819 818 1
818 876 3
876 818 3
819 820 3
820 819 3
820 821 17
821 820 17
820 878 3
878 820 3
821 822 11
822 821 11
822 823 9
823 822 9
822 880 10
880 822 10
823 824 12
824 823 12
824 825 11
825 824 11
824 882 18
882 824 18
825 826 5
826 825 5
826 827 1
827 826 1
826 884 19
884 826 19
828 829 1
829 828 1
828 886 16
886 828 16
829 830 7
830 829 7
830 831 11
831 830 11
830 888 13
888 830 13
831 832 11
832 831 11
832 890 10
890 832 10
833 834 4
834 833 4
834 892 3
892 834 3
835 836 9
836 835 9
836 837 8
837 836 8
836 894 19
894 836 19
837 838 17
838 837 17
838 839 13
839 838 13
838 896 2
896 838 2
839 840 1
840 839 1
840 841 13
841 840 13
840 898 17
898 840 17
841 842 14
842 841 14
842 843 4
843 842 4
842 900 7
900 842 7
843 844 15
844 843 15
845 846 18
846 845 18
846 847 7
847 846 7
846 904 12
904 846 12
847 848 15
848 847 15
848 849 1
849 848 1
848 906 10
906 848 10
849 850 10
850 849 10
850 908 10
908 850 10
851 852 15
852 851 15
852 853 17
853 852 17
852 910 1
910 852 1
853 854 6
854 853 6
854 855 13
855 854 13
854 912 10
912 854 10
855 856 6
856 855 6
856 857 2
857 856 2
856 914 13
914 856 13
857 858 7
858 857 7
858 916 19
916 858 19
859 860 10
860 859 10
860 861 8
861 860 8
861 862 11
862 861 11
862 863 14
863 862 14
862 920 3
920 862 3
863 864 12
864 863 12
864 922 6
922 864 6
865 866 13
866 865 13
866 867 10
867 866 10
866 924 16
924 866 16
867 868 9
868 867 9
868 869 12
869 868 12
868 926 14
926 868 14
870 871 7
871 870 7
871 872 16
872 871 16
871 929 7
929 871 7
872 873 3
873 872 3
873 874 7
874 873 7
873 931 17
931 873 17
874 875 1
875 874 1
875 876 7
876 875 7
876 877 15
877 876 15
877 878 9
878 877 9
877 935 3
935 877 3
878 879 9
879 878 9
879 880 11
880 879 11
879 937 10
937 879 10
880 881 8
881 880 8
881 882 11
882 881 11
881 939 16
939 881 16
882 883 10
883 882 10
883 884 4
884 883 4
883 941 1
941 883 1
885 886 13
886 885 13
885 943 8
943 885 8
886 887 4
887 886 4
887 888 6
888 887 6
887 945 2
945 887 2
889 890 13
890 889 13
889 947 15
947 889 15
890 891 10
891 890 10
891 892 12
892 891 12
891 949 5
949 891 5
892 893 6
893 892 6
893 951 18
951 893 18
894 895 2
895 894 2
895 896 8
896 895 8
895 953 17
953 895 17
896 897 14
897 896 14
897 898 11
898 897 11
897 955 5
955 897 5
898 899 3
899 898 3
899 900 15
900 899 15
899 957 17
957 899 17
900 901 7
901 900 7
901 902 1
902 901 1
901 959 7
959 901 7
902 903 15
903 902 15
903 904 5
904 903 5
903 961 5
961 903 5
904 905 14
905 904 14
905 906 10
906 905 10
905 963 7
963 905 7
906 907 16
907 906 16
907 908 16
908 907 16
907 965 8
965 907 8
908 909 14
909 908 14
909 910 17
910 909 17
909 967 14
967 909 14
911 912 4
912 911 4
911 969 8
969 911 8
912 913 12
913 912 12
913 914 11
914 913 11
913 971 18
971 913 18
914 915 5
915 914 5
915 916 11
916 915 11
915 973 13
973 915 13
916 917 2
917 916 2
917 918 13
918 917 13
917 975 11
975 917 11
918 919 6
919 918 6
919 920 16
920 919 16
919 977 10
977 919 10
920 921 14
921 920 14
921 922 2
922 921 2
921 979 12
979 921 12
922 923 8
923 922 8
923 924 6
924 923 6
923 981 11
981 923 11
925 926 1
926 925 1
925 983 1
983 925 1
926 927 17
927 926 17
927 985 8
985 927 8
928 929 13
929 928 13
928 986 12
986 928 12
929 930 11
930 929 11
930 931 15
931 930 15
930 988 14
988 930 14
931 932 7
932 931 7
932 933 9
933 932 9
932 990 6
990 932 6
933 934 17
934 933 17
934 935 13
935 934 13
934 992 7
992 934 7
936 937 18
937 936 18
936 994 17
994 936 17
937 938 9
938 937 9
938 939 12
939 938 12
938 996 16
996 938 16
939 940 13
940 939 13
940 998 3
998 940 3
941 942 2
942 941 2
942 943 13
943 942 13
942 1000 1
1000 942 1
943 944 17
944 943 17
944 945 18
945 944 18
944 1002 13
1002 944 13
946 947 6
947 946 6
947 948 15
948 947 15
948 949 14
949 948 14
948 1006 13
1006 948 13
949 950 6
950 949 6
950 951 18
951 950 18
950 1008 4
1008 950 4
951 952 14
952 951 14
952 953 1
953 952 1
953 954 9
954 953 9
954 955 13
955 954 13
954 1012 7
1012 954 7
955 956 13
956 955 13
956 957 2
957 956 2
956 1014 8
1014 956 8
958 959 15
959 958 15
958 1016 4
1016 958 4
959 960 18
960 959 18
960 961 10
961 960 10
961 962 15
962 961 15
962 963 1
963 962 1
963 964 5
964 963 5
964 965 10
965 964 10
964 1022 19
1022 964 19
965 966 13
966 965 13
966 967 10
967 966 10
966 1024 1
1024 966 1
967 968 6
968 967 6
968 969 16
969 968 16
968 1026 13
1026 968 13
969 970 11
970 969 11
970 971 6
971 970 6
970 1028 17
1028 970 17
971 972 3
972 971 3
972 973 7
973 972 7
972 1030 10
1030 972 10
973 974 17
974 973 17
974 975 4
975 974 4
974 1032 9
1032 974 9
975 976 5
976 975 5
976 977 10
977 976 10
976 1034 17
1034 976 17
977 978 13
978 977 13
978 979 8
979 978 8
978 1036 9
1036 978 9
979 980 14
980 979 14
980 1038 9
1038 980 9
981 982 1
982 981 1
982 983 8
983 982 8
982 1040 5
1040 982 5
983 984 2
984 983 2
984 1042 10
1042 984 10
986 987 1
987 986 1
987 988 9
988 987 9
987 1045 2
1045 987 2
988 989 9
989 988 9
989 990 9
990 989 9
989 1047 2
1047 989 2
990 991 17
991 990 17
991 992 15
992 991 15
991 1049 13
1049 991 13
992 993 5
993 992 5
993 994 17
994 993 17
993 1051 9
1051 993 9
994 995 9
995 994 9
995 996 10
996 995 10
995 1053 6
1053 995 6
996 997 2
997 996 2
997 1055 12
1055 997 12
998 999 8
999 998 8
999 1000 12
1000 999 12
999 1057 17
1057 999 17
1000 1001 1
1001 1000 1
1001 1002 8
1002 1001 8
1001 1059 6
1059 1001 6
1002 1003 19
1003 1002 19
1003 1004 13
1004 1003 13
1003 1061 13
1061 1003 13
1004 1005 17
1005 1004 17
1005 1006 1
1006 1005 1
1005 1063 12
1063 1005 12
1006 1007 1
1007 1006 1
1007 1008 10
1008 1007 10
1007 1065 16
1065 1007 16
1008 1009 9
1009 1008 9
1009 1010 19
1010 1009 19
1009 1067 9
1067 1009 9
1010 1011 13
1011 1010 13
1011 1012 7
1012 1011 7
1011 1069 6
1069 1011 6
1012 1013 10
1013 1012 10
1013 1014 12
1014 1013 12
1013 1071 1
1071 1013 1
1014 1015 18
1015 1014 18
1015 1016 13
1016 1015 13
1015 1073 7
1073 1015 7
1016 1017 9
1017 1016 9
1017 1018 18
1018 1017 18
1017 1075 8
1075 1017 8
1018 1019 18
1019 1018 18
1019 1020 18
1020 1019 18
1019 1077 16
1077 1019 16
1020 1021 17
1021 1020 17
1021 1022 6
1022 1021 6
1022 1023 3
1023 1022 3
1023 1024 15
1024 1023 15
1024 1025 13
1025 1024 13
1025 1026 13
1026 1025 13
1025 1083 7
1083 1025 7
1026 1027 17
1027 1026 17
1027 1028 9
1028 1027 9
1027 1085 16
1085 1027 16
1028 1029 1
1029 1028 1
1030 1031 14
1031 1030 14
1031 1032 6
1032 1031 6
1031 1089 2
1089 1031 2
1032 1033 9
1033 1032 9
1033 1034 4
1034 1033 4
1033 1091 3
1091 1033 3
1034 1035 4
1035 1034 4
1035 1036 3
1036 1035 3
1035 1093 10
1093 1035 10
1036 1037 1
1037 1036 1
1037 1038 15
1038 1037 15
1038 1039 10
1039 1038 10
1039 1040 18
1040 1039 18
1039 1097 2
1097 1039 2
1040 1041 12
1041 1040 12
1041 1042 14
1042 1041 14
1041 1099 8
1099 1041 8
1042 1043 12
1043 1042 12
1043 1101 5
1101 1043 5
1044 1045 2
1045 1044 2
1044 1102 3
1102 1044 3
1045 1046 3
1046 1045 3
1046 1047 17
1047 1046 17
1047 1048 7
1048 1047 7
1049 1050 3
1050 1049 3
1050 1051 11
1051 1050 11
1050 1108 18
1108 1050 18
1052 1053 11
1053 1052 11
1052 1110 16
1110 1052 16
1053 1054 5
1054 1053 5
1054 1055 14
1055 1054 14
1054 1112 2
1112 1054 2
1055 1056 16
1056 1055 16
1056 1057 4
1057 1056 4
1056 1114 18
1114 1056 18
1058 1059 17
1059 1058 17
1058 1116 11
1116 1058 11
1059 1060 17
1060 1059 17
1060 1061 16
1061 1060 16
1060 1118 19
1118 1060 19
1061 1062 18
1062 1061 18
1062 1120 5
1120 1062 5
1063 1064 11
1064 1063 11
1064 1065 16
1065 1064 16
1064 1122 11
1122 1064 11
1065 1066 17
1066 1065 17
1066 1067 13
1067 1066 13
1066 1124 6
1124 1066 6
1068 1069 18
1069 1068 18
1069 1070 3
1070 1069 3
1070 1071 8
1071 1070 8
1070 1128 15
1128 1070 15
1072 1073 6
1073 1072 6
1073 1074 12
1074 1073 12
1074 1075 3
1075 1074 3
1074 1132 10
1132 1074 10
1075 1076 6
1076 1075 6
1076 1077 17
1077 1076 17
1077 1078 14
1078 1077 14
1078 1079 17
1079 1078 17
1078 1136 10
1136 1078 10
1079 1080 17
1080 1079 17
1080 1081 17
1081 1080 17
1080 1138 6
1138 1080 6
1081 1082 12
1082 1081 12
1082 1083 12
1083 1082 12
1082 1140 16
1140 1082 16
1083 1084 7
1084 1083 7
1084 1085 18
1085 1084 18
1085 1086 8
1086 1085 8
1086 1087 2
1087 1086 2
1086 1144 9
1144 1086 9
1087 1088 18
1088 1087 18
1088 1089 6
1089 1088 6
1088 1146 15
1146 1088 15
1089 1090 1
1090 1089 1
1090 1091 18
1091 1090 18
1090 1148 7
1148 1090 7
1091 1092 10
1092 1091 10
1092 1093 13
1093 1092 13
1092 1150 2
1150 1092 2
1093 1094 4
1094 1093 4
1094 1095 5
1095 1094 5
1094 1152 16
1152 1094 16
1095 1096 13
1096 1095 13
1096 1097 6
1097 1096 6
1097 1098 3
1098 1097 3
1098 1156 5
1156 1098 5
1099 1100 6
1100 1099 6
1100 1101 3
1101 1100 3
1100 1158 7
1158 1100 7
1102 1103 14
1103 1102 14
1103 1104 12
1104 1103 12
1103 1161 17
1161 1103 17
1105 1106 7
1106 1105 7
1105 1163 3
1163 1105 3
1106 1107 1
1107 1106 1
1107 1108 19
1108 1107 19
1107 1165 8
1165 1107 8
1109 1110 9
1110 1109 9
1109 1167 18
1167 1109 18
1110 1111 5
1111 1110 5
1111 1169 11
1169 1111 11
1112 1113 16
1113 1112 16
1113 1114 4
1114 1113 4
1113 1171 15
1171 1113 15
1114 1115 1
1115 1114 1
1115 1116 1
1116 1115 1
1115 1173 9
1173 1115 9
1116 1117 5
1117 1116 5
1117 1118 1
1118 1117 1
1117 1175 17
1175 1117 17
1119 1120 4
1120 1119 4
1119 1177 6
1177 1119 6
1121 1122 5
1122 1121 5
1121 1179 12
1179 1121 12
1122 1123 7
1123 1122 7
1123 1124 6
1124 1123 6
1123 1181 13
1181 1123 13
1125 1126 6
1126 1125 6
1126 1127 17
1127 1126 17
1127 1128 11
1128 1127 11
1127 1185 19
1185 1127 19
1128 1129 18
1129 1128 18
1129 1130 8
1130 1129 8
1129 1187 8
1187 1129 8
1130 1131 13
1131 1130 13
1131 1132 3
1132 1131 3
1131 1189 9
1189 1131 9
1133 1134 1
1134 1133 1
1133 1191 13
1191 1133 13
1134 1135 12
1135 1134 12
1135 1193 8
1193 1135 8
1136 1137 6
1137 1136 6
1137 1138 10
1138 1137 10
1137 1195 15
1195 1137 15
1138 1139 14
1139 1138 14
1139 1140 9
1140 1139 9
1139 1197 11
1197 1139 11
1140 1141 11
1141 1140 11
1141 1142 9
1142 1141 9
1142 1143 6
1143 1142 6
1143 1144 9
1144 1143 9
1143 1201 4
1201 1143 4
1144 1145 5
1145 1144 5
1145 1146 10
1146 1145 10
1145 1203 13
1203 1145 13
1146 1147 1
1147 1146 1
1147 1148 18
1148 1147 18
1147 1205 7
1205 1147 7
1148 1149 3
1149 1148 3
1149 1150 14
1150 1149 14
1149 1207 4
1207 1149 4
1150 1151 15
1151 1150 15
1151 1152 1
1152 1151 1
1151 1209 4
1209 1151 4
1153 1154 18
1154 1153 18
1153 1211 7
1211 1153 7
1154 1155 3
1155 1154 3
1155 1156 9
1156 1155 9
1155 1213 1
1213 1155 1
1156 1157 16
1157 1156 16
1157 1158 11
1158 1157 11
1157 1215 19
1215 1157 19
1158 1159 2
1159 1158 2
1159 1217 6
1217 1159 6
1160 1161 1
1161 1160 1
1160 1218 11
1218 1160 11
1161 1162 18
1162 1161 18
1162 1163 8
1163 1162 8
1162 1220 17
1220 1162 17
1163 1164 8
1164 1163 8
1164 1222 9
1222 1164 9
1165 1166 16
1166 1165 16
1166 1167 8
1167 1166 8
1166 1224 3
1224 1166 3
1167 1168 12
1168 1167 12
1168 1169 14
1169 1168 14
1168 1226 8
1226 1168 8
1169 1170 14
1170 1169 14
1170 1171 3
1171 1170 3
1170 1228 7
1228 1170 7
1171 1172 2
1172 1171 2
1172 1173 2
1173 1172 2
1173 1174 18
1174 1173 18
1174 1175 4
1175 1174 4
1174 1232 13
1232 1174 13
1176 1177 16
1177 1176 16
1176 1234 2
1234 1176 2
1177 1178 4
1178 1177 4
1178 1179 16
1179 1178 16
1178 1236 9
1236 1178 9
1179 1180 7
1180 1179 7
1180 1181 8
1181 1180 8
1181 1182 15
1182 1181 15
1182 1183 15
1183 1182 15
1182 1240 17
1240 1182 17
1183 1184 4
1184 1183 4
1184 1185 7
1185 1184 7
1184 1242 2
1242 1184 2
1185 1186 12
1186 1185 12
1186 1187 5
1187 1186 5
1186 1244 9
1244 1186 9
1187 1188 2
1188 1187 2
1188 1189 4
1189 1188 4
1188 1246 3
1246 1188 3
1189 1190 13
1190 1189 13
1190 1248 14
1248 1190 14
1192 1193 5
1193 1192 5
1192 1250 13
1250 1192 13
1193 1194 12
1194 1193 12
1194 1195 11
1195 1194 11
1194 1252 18
1252 1194 18
1195 1196 13
1196 1195 13
1196 1197 11
1197 1196 11
1196 1254 10
1254 1196 10
1197 1198 12
1198 1197 12
1198 1199 18
1199 1198 18
1198 1256 14
1256 1198 14
1199 1200 7
1200 1199 7
1200 1201 5
1201 1200 5
1200 1258 6
1258 1200 6
1201 1202 4
1202 1201 4
1202 1203 5
1203 1202 5
1202 1260 10
1260 1202 10
1203 1204 7
1204 1203 7
1204 1205 19
1205 1204 19
1204 1262 11
1262 1204 11
1205 1206 3
1206 1205 3
1206 1207 7
1207 1206 7
1206 1264 1
1264 1206 1
1207 1208 10
1208 1207 10
1208 1209 12
1209 1208 12
1208 1266 17
1266 1208 17
1209 1210 14
1210 1209 14
1210 1211 2
1211 1210 2
1211 1212 10
1212 1211 10
1212 1213 5
1213 1212 5
1212 1270 11
1270 1212 11
1213 1214 15
1214 1213 15
1214 1215 19
1215 1214 19
1214 1272 18
1272 1214 18
1215 1216 17
1216 1215 17
1216 1217 2
1217 1216 2
1216 1274 3
1274 1216 3
1218 1219 15
1219 1218 15
1219 1220 6
1220 1219 6
1219 1277 17
1277 1219 17
1220 1221 15
1221 1220 15
1221 1222 7
1222 1221 7
1221 1279 10
1279 1221 10
1222 1223 13
1223 1222 13
1223 1224 5
1224 1223 5
1223 1281 1
1281 1223 1
1224 1225 4
1225 1224 4
1225 1226 5
1226 1225 5
1225 1283 12
1283 1225 12
1226 1227 8
1227 1226 8
1227 1228 6
1228 1227 6
1227 1285 15
1285 1227 15
1228 1229 14
1229 1228 14
1229 1230 17
1230 1229 17
1229 1287 15
1287 1229 15
1230 1231 16
1231 1230 16
1231 1232 1
1232 1231 1
1231 1289 2
1289 1231 2
1232 1233 4
1233 1232 4
1233 1234 16
1234 1233 16
1233 1291 10
1291 1233 10
1234 1235 17
1235 1234 17
1235 1236 1
1236 1235 1
1235 1293 12
1293 1235 12
1236 1237 7
1237 1236 7
1237 1295 2
1295 1237 2
1238 1239 14
1239 1238 14
1239 1240 3
1240 1239 3
1239 1297 8
1297 1239 8
1240 1241 7
1241 1240 7
1241 1242 2
1242 1241 2
1241 1299 1
1299 1241 1
1243 1244 18
1244 1243 18
1243 1301 12
1301 1243 12
1244 1245 12
1245 1244 12
1245 1246 17
1246 1245 17
1245 1303 7
1303 1245 7
1247 1248 9
1248 1247 9
1247 1305 7
1305 1247 7
1248 1249 18
1249 1248 18
1249 1250 15
1250 1249 15
1249 1307 17
1307 1249 17
1250 1251 6
1251 1250 6
1251 1252 6
1252 1251 6
1251 1309 6
1309 1251 6
1252 1253 15
1253 1252 15
1253 1254 16
1254 1253 16
1253 1311 8
1311 1253 8
1254 1255 1
1255 1254 1
1255 1256 18
1256 1255 18
1255 1313 10
1313 1255 10
1256 1257 12
1257 1256 12
1257 1258 3
1258 1257 3
1257 1315 1
1315 1257 1
1258 1259 2
1259 1258 2
1259 1260 16
1260 1259 16
1259 1317 7
1317 1259 7
1260 1261 2
1261 1260 2
1261 1262 6
1262 1261 6
1262 1263 7
1263 1262 7
1263 1264 9
1264 1263 9
1263 1321 11
1321 1263 11
1265 1323 3
1323 1265 3
1266 1267 18
1267 1266 18
1267 1268 16
1268 1267 16
1267 1325 16
1325 1267 16
1268 1269 7
1269 1268 7
1269 1327 11
1327 1269 11
1270 1271 6
1271 1270 6
1271 1272 4
1272 1271 4
1271 1329 2
1329 1271 2
1272 1273 3
1273 1272 3
1273 1274 15
1274 1273 15
1273 1331 3
1331 1273 3
1274 1275 18
1275 1274 18
1276 1277 5
1277 1276 5
1276 1334 13
1334 1276 13
1277 1278 11
1278 1277 11
1278 1279 19
1279 1278 19
1278 1336 14
1336 1278 14
1279 1280 12
1280 1279 12
1280 1281 3
1281 1280 3
1280 1338 15
1338 1280 15
1281 1282 18
1282 1281 18
1282 1283 3
1283 1282 3
1282 1340 19
1340 1282 19
1283 1284 11
1284 1283 11
1284 1285 13
1285 1284 13
1284 1342 16
1342 1284 16
1285 1286 9
1286 1285 9
1286 1287 10
1287 1286 10
1286 1344 10
1344 1286 10
1287 1288 5
1288 1287 5
1288 1289 1
1289 1288 1
1288 1346 12
1346 1288 12
1289 1290 2
1290 1289 2
1290 1348 18
1348 1290 18
1291 1292 16
1292 1291 16
1292 1293 15
1293 1292 15
1292 1350 8
1350 1292 8
1293 1294 9
1294 1293 9
1294 1295 8
1295 1294 8
1294 1352 2
1352 1294 2
1295 1296 15
1296 1295 15
1296 1297 9
1297 1296 9
1296 1354 12
1354 1296 12
1297 1298 15
1298 1297 15
1298 1299 4
1299 1298 4
1298 1356 6
1356 1298 6
1299 1300 14
1300 1299 14
1300 1301 6
1301 1300 6
1300 1358 18
1358 1300 18
1301 1302 1
1302 1301 1
1302 1303 11
1303 1302 11
1302 1360 19
1360 1302 19
1303 1304 13
1304 1303 13
1304 1305 5
1305 1304 5
1304 1362 19
1362 1304 19
1305 1306 15
1306 1305 15
1306 1307 17
1307 1306 17
1306 1364 16
1364 1306 16
1308 1309 12
1309 1308 12
1310 1311 4
1311 1310 4
1310 1368 1
1368 1310 1
1311 1312 8
1312 1311 8
1312 1313 8
1313 1312 8
1312 1370 14
1370 1312 14
1313 1314 16
1314 1313 16
1314 1372 3
1372 1314 3
1315 1316 7
1316 1315 7
1316 1317 15
1317 1316 15
1316 1374 2
1374 1316 2
1317 1318 6
1318 1317 6
1318 1319 9
1319 1318 9
1318 1376 4
1376 1318 4
1319 1320 3
1320 1319 3
1320 1321 6
1321 1320 6
1320 1378 6
1378 1320 6
1321 1322 12
1322 1321 12
1322 1323 13
1323 1322 13
1322 1380 12
1380 1322 12
1323 1324 13
1324 1323 13
1324 1325 14
1325 1324 14
1324 1382 18
1382 1324 18
1325 1326 12
1326 1325 12
1326 1327 16
1327 1326 16
1326 1384 19
1384 1326 19
1327 1328 16
1328 1327 16
1328 1329 8
1329 1328 8
1328 1386 9
1386 1328 9
1329 1330 15
1330 1329 15
1330 1331 2
1331 1330 2
1330 1388 15
1388 1330 15
1331 1332 12
1332 1331 12
1332 1333 12
1333 1332 12
1332 1390 17
1390 1332 17
1334 1335 9
1335 1334 9
1335 1393 17
1393 1335 17
1336 1337 9
1337 1336 9
1337 1338 11
1338 1337 11
1337 1395 13
1395 1337 13
1338 1339 12
1339 1338 12
1339 1340 9
1340 1339 9
1340 1341 17
1341 1340 17
1341 1342 6
1342 1341 6
1341 1399 15
1399 1341 15
1342 1343 4
1343 1342 4
1343 1344 5
1344 1343 5
1343 1401 9
1401 1343 9
1344 1345 13
1345 1344 13
1345 1346 6
1346 1345 6
1345 1403 14
1403 1345 14
1347 1348 7
1348 1347 7
1347 1405 2
1405 1347 2
1348 1349 14
1349 1348 14
1349 1350 1
1350 1349 1
1349 1407 18
1407 1349 18
1350 1351 5
1351 1350 5
1351 1352 15
1352 1351 15
1351 1409 11
1409 1351 11
1352 1353 5
1353 1352 5
1353 1354 1
1354 1353 1
1353 1411 3
1411 1353 3
1355 1356 5
1356 1355 5
1355 1413 14
1413 1355 14
1357 1358 15
1358 1357 15
1358 1359 18
1359 1358 18
1359 1360 10
1360 1359 10
1359 1417 11
1417 1359 11
1360 1361 1
1361 1360 1
1361 1362 1
1362 1361 1
1361 1419 11
1419 1361 11
1362 1363 9
1363 1362 9
1363 1364 2
1364 1363 2
1364 1365 18
1365 1364 18
1365 1366 12
1366 1365 12
1365 1423 8
1423 1365 8
1366 1367 16
1367 1366 16
1367 1368 4
1368 1367 4
1367 1425 19
1425 1367 19
1368 1369 5
1369 1368 5
1369 1370 7
1370 1369 7
1369 1427 8
1427 1369 8
1370 1371 13
1371 1370 13
1371 1372 6
1372 1371 6
1371 1429 15
1429 1371 15
1372 1373 8
1373 1372 8
1373 1374 7
1374 1373 7
1373 1431 16
1431 1373 16
1374 1375 6
1375 1374 6
1375 1433 10
1433 1375 10
1376 1377 1
1377 1376 1
1377 1378 7
1378 1377 7
1377 1435 18
1435 1377 18
1378 1379 13
1379 1378 13
1379 1380 18
1380 1379 18
1379 1437 16
1437 1379 16
1380 1381 6
1381 1380 6
1381 1382 18
1382 1381 18
1382 1383 5
1383 1382 5
1383 1384 15
1384 1383 15
1383 1441 1
1441 1383 1
1384 1385 9
1385 1384 9
1385 1386 7
1386 1385 7
1385 1443 13
1443 1385 13
1386 1387 16
1387 1386 16
1387 1388 12
1388 1387 12
1387 1445 3
1445 1387 3
1388 1389 17
1389 1388 17
1389 1390 19
1390 1389 19
1389 1447 6
1447 1389 6
1390 1391 4
1391 1390 4
1391 1449 7
1449 1391 7
1392 1393 8
1393 1392 8
1392 1450 2
1450 1392 2
1393 1394 3
1394 1393 3
1394 1395 17
1395 1394 17
1394 1452 10
1452 1394 10
1395 1396 13
1396 1395 13
1396 1397 13
1397 1396 13
1397 1398 4
1398 1397 4
1398 1399 6
1399 1398 6
1398 1456 4
1456 1398 4
1399 1400 3
1400 1399 3
1400 1458 12
1458 1400 12
1401 1402 9
1402 1401 9
1402 1403 2
1403 1402 2
1402 1460 15
1460 1402 15
1403 1404 16
1404 1403 16
1404 1405 7
1405 1404 7
1404 1462 15
1462 1404 15
1405 1406 19
1406 1405 19
1406 1407 5
1407 1406 5
1406 1464 7
1464 1406 7
1407 1408 8
1408 1407 8
1408 1409 9
1409 1408 9
1408 1466 2
1466 1408 2
1409 1410 14
1410 1409 14
1410 1411 10
1411 1410 10
1410 1468 11
1468 1410 11
1412 1470 12
1470 1412 12
1413 1414 3
1414 1413 3
1414 1415 9
1415 1414 9
1414 1472 7
1472 1414 7
1415 1416 12
1416 1415 12
1416 1417 9
1417 1416 9
1416 1474 16
1474 1416 16
1417 1418 1
1418 1417 1
1418 1419 9
1419 1418 9
1418 1476 13
1476 1418 13
1419 1420 10
1420 1419 10
1420 1421 1
1421 1420 1
1420 1478 2
1478 1420 2
1421 1422 4
1422 1421 4
1422 1423 19
1423 1422 19
1422 1480 15
1480 1422 15
1423 1424 4
1424 1423 4
1424 1425 16
1425 1424 16
1424 1482 9
1482 1424 9
1425 1426 15
1426 1425 15
1426 1427 6
1427 1426 6
1426 1484 5
1484 1426 5
1427 1428 10
1428 1427 10
1428 1429 4
1429 1428 4
1428 1486 9
1486 1428 9
1429 1430 17
1430 1429 17
1430 1488 8
1488 1430 8
1431 1432 18
1432 1431 18
1432 1433 2
1433 1432 2
1432 1490 19
1490 1432 19
1433 1434 16
1434 1433 16
1434 1435 12
1435 1434 12
1434 1492 19
1492 1434 19
1435 1436 14
1436 1435 14
1436 1437 9
1437 1436 9
1436 1494 14
1494 1436 14
1437 1438 11
1438 1437 11
1438 1439 17
1439 1438 17
1438 1496 15
1496 1438 15
1439 1440 18
1440 1439 18
1440 1441 8
1441 1440 8
1440 1498 4
1498 1440 4
1441 1442 11
1442 1441 11
1442 1443 17
1443 1442 17
1442 1500 13
1500 1442 13
1443 1444 15
1444 1443 15
1444 1445 13
1445 1444 13
1444 1502 11
1502 1444 11
1445 1446 18
1446 1445 18
1446 1447 1
1447 1446 1
1446 1504 12
1504 1446 12
1447 1448 3
1448 1447 3
1448 1449 9
1449 1448 9
1448 1506 12
1506 1448 12
1450 1451 8
1451 1450 8
1451 1452 9
1452 1451 9
1451 1509 3
1509 1451 3
1452 1453 10
1453 1452 10
1453 1454 12
1454 1453 12
1453 1511 19
1511 1453 19
1454 1455 14
1455 1454 14
1455 1456 8
1456 1455 8
1455 1513 3
1513 1455 3
1456 1457 14
1457 1456 14
1457 1458 5
1458 1457 5
1457 1515 8
1515 1457 8
1458 1459 4
1459 1458 4
1459 1460 15
1460 1459 15
1459 1517 1
1517 1459 1
1460 1461 2
1461 1460 2
1461 1462 13
1462 1461 13
1461 1519 4
1519 1461 4
1462 1463 5
1463 1462 5
1463 1464 14
1464 1463 14
1463 1521 5
1521 1463 5
1464 1465 17
1465 1464 17
1465 1466 7
1466 1465 7
1465 1523 10
1523 1465 10
1466 1467 3
1467 1466 3
1467 1468 5
1468 1467 5
1467 1525 9
1525 1467 9
1468 1469 13
1469 1468 13
1469 1470 6
1470 1469 6
1469 1527 19
1527 1469 19
1471 1472 16
1472 1471 16
1471 1529 6
1529 1471 6
1472 1473 4
1473 1472 4
1473 1474 8
1474 1473 8
1473 1531 16
1531 1473 16
1474 1475 16
1475 1474 16
1475 1476 7
1476 1475 7
1475 1533 3
1533 1475 3
1476 1477 9
1477 1476 9
1477 1478 11
1478 1477 11
1477 1535 11
1535 1477 11
1478 1479 11
1479 1478 11
1479 1480 14
1480 1479 14
1479 1537 19
1537 1479 19
1480 1481 4
1481 1480 4
1481 1482 8
1482 1481 8
1481 1539 16
1539 1481 16
1482 1483 9
1483 1482 9
1483 1541 16
1541 1483 16
1484 1485 14
1485 1484 14
1485 1486 7
1486 1485 7
1486 1487 11
1487 1486 11
1487 1488 9
1488 1487 9
1487 1545 3
1545 1487 3
1488 1489 12
1489 1488 12
1489 1490 3
1490 1489 3
1489 1547 18
1547 1489 18
1490 1491 1
1491 1490 1
1491 1492 11
1492 1491 11
1491 1549 6
1549 1491 6
1492 1493 4
1493 1492 4
1493 1494 3
1494 1493 3
1493 1551 9
1551 1493 9
1494 1495 3
1495 1494 3
1495 1553 11
1553 1495 11
1497 1498 6
1498 1497 6
1497 1555 2
1555 1497 2
1498 1499 7
1499 1498 7
1499 1500 11
1500 1499 11
1500 1501 10
1501 1500 10
1501 1502 1
1502 1501 1
1501 1559 7
1559 1501 7
1502 1503 4
1503 1502 4
1503 1504 5
1504 1503 5
1505 1506 16
1506 1505 16
1505 1563 5
1563 1505 5
1506 1507 1
1507 1506 1
1507 1565 15
1565 1507 15
1508 1509 16
1509 1508 16
1508 1566 16
1566 1508 16
1509 1510 17
1510 1509 17
1510 1511 8
1511 1510 8
1510 1568 10
1568 1510 10
1512 1513 11
1513 1512 11
1512 1570 5
1570 1512 5
1513 1514 9
1514 1513 9
1514 1515 5
1515 1514 5
1514 1572 10
1572 1514 10
1515 1516 1
1516 1515 1
1516 1517 14
1517 1516 14
1516 1574 13
1574 1516 13
1517 1518 7
1518 1517 7
1518 1519 16
1519 1518 16
1518 1576 18
1576 1518 18
1519 1520 3
1520 1519 3
1520 1521 8
1521 1520 8
1521 1522 6
1522 1521 6
1522 1523 4
1523 1522 4
1522 1580 5
1580 1522 5
1523 1524 9
1524 1523 9
1524 1525 4
1525 1524 4
1525 1526 10
1526 1525 10
1526 1527 8
1527 1526 8
1526 1584 6
1584 1526 6
1527 1528 12
1528 1527 12
1528 1529 17
1529 1528 17
1528 1586 8
1586 1528 8
1529 1530 12
1530 1529 12
1530 1588 11
1588 1530 11
1531 1532 10
1532 1531 10
1532 1533 7
1533 1532 7
1532 1590 10
1590 1532 10
1533 1534 7
1534 1533 7
1534 1535 3
1535 1534 3
1534 1592 6
1592 1534 6
1535 1536 4
1536 1535 4
1536 1537 5
1537 1536 5
1536 1594 16
1594 1536 16
1537 1538 14
1538 1537 14
1538 1539 13
1539 1538 13
1538 1596 6
1596 1538 6
1539 1540 15
1540 1539 15
1540 1541 5
1541 1540 5
1540 1598 8
1598 1540 8
1541 1542 15
1542 1541 15
1542 1543 17
1543 1542 17
1542 1600 13
1600 1542 13
1544 1545 15
1545 1544 15
1544 1602 13
1602 1544 13
1545 1546 17
1546 1545 17
1546 1604 7
1604 1546 7
1547 1548 12
1548 1547 12
1548 1606 4
1606 1548 4
1550 1551 9
1551 1550 9
1550 1608 5
1608 1550 5
1551 1552 17
1552 1551 17
1552 1553 17
1553 1552 17
1552 1610 12
1610 1552 12
1553 1554 16
1554 1553 16
1554 1555 19
1555 1554 19
1554 1612 17
1612 1554 17
1555 1556 13
1556 1555 13
1556 1557 3
1557 1556 3
1556 1614 18
1614 1556 18
1557 1558 3
1558 1557 3
1558 1559 11
1559 1558 11
1558 1616 17
1616 1558 17
1559 1560 7
1560 1559 7
1560 1561 3
1561 1560 3
1560 1618 9
1618 1560 9
1561 1562 16
1562 1561 16
1562 1563 15
1563 1562 15
1562 1620 13
1620 1562 13
1563 1564 5
1564 1563 5
1564 1565 18
1565 1564 18
1564 1622 1
1622 1564 1
1566 1567 8
1567 1566 8
1567 1568 18
1568 1567 18
1567 1624 4
1624 1567 4
1568 1569 4
1569 1568 4
1569 1570 17
1570 1569 17
1569 1626 5
1626 1569 5
1570 1571 9
1571 1570 9
1571 1572 13
1572 1571 13
1571 1628 7
1628 1571 7
1572 1573 1
1573 1572 1
1573 1574 7
1574 1573 7
1573 1630 3
1630 1573 3
1574 1575 4
1575 1574 4
1575 1576 16
1576 1575 16
1575 1632 18
1632 1575 18
1576 1577 19
1577 1576 19
1577 1578 11
1578 1577 11
1577 1634 12
1634 1577 12
1578 1579 6
1579 1578 6
1579 1580 9
1580 1579 9
1579 1636 9
1636 1579 9
1580 1581 1
1581 1580 1
1581 1582 10
1582 1581 10
1581 1638 8
1638 1581 8
1582 1583 12
1583 1582 12
1583 1584 8
1584 1583 8
1583 1640 7
1640 1583 7
1584 1585 11
1585 1584 11
1585 1586 18
1586 1585 18
1585 1642 18
1642 1585 18
1586 1587 2
1587 1586 2
1587 1588 17
1588 1587 17
1587 1644 6
1644 1587 6
1588 1589 16
1589 1588 16
1589 1590 12
1590 1589 12
1589 1646 7
1646 1589 7
1590 1591 13
1591 1590 13
1591 1648 7
1648 1591 7
1592 1593 5
1593 1592 5
1593 1650 13
1650 1593 13
1594 1595 18
1595 1594 18
1595 1596 1
1596 1595 1
1595 1652 5
1652 1595 5
1597 1598 2
1598 1597 2
1597 1654 13
1654 1597 13
1599 1600 8
1600 1599 8
1599 1656 1
1656 1599 1
1600 1601 11
1601 1600 11
1601 1602 11
1602 1601 11
1601 1658 18
1658 1601 18
1602 1603 10
1603 1602 10
1603 1604 4
1604 1603 4
1603 1660 9
1660 1603 9
1604 1605 5
1605 1604 5
1605 1606 3
1606 1605 3
1605 1662 10
1662 1605 10
1606 1607 6
1607 1606 6
1607 1608 9
1608 1607 9
1608 1609 4
1609 1608 4
1609 1666 3
1666 1609 3
1610 1611 16
1611 1610 16
1613 1614 6
1614 1613 6
1613 1670 8
1670 1613 8
1614 1615 15
1615 1614 15
1615 1616 5
1616 1615 5
1615 1672 3
1672 1615 3
1616 1617 11
1617 1616 11
1617 1618 6
1618 1617 6
1617 1674 11
1674 1617 11
1618 1619 11
1619 1618 11
1619 1620 9
1620 1619 9
1619 1676 6
1676 1619 6
1620 1621 1
1621 1620 1
1621 1622 5
1622 1621 5
1621 1678 16
1678 1621 16
1623 1680 6
1680 1623 6
1624 1625 2
1625 1624 2
1625 1626 1
1626 1625 1
1626 1627 1
1627 1626 1
1627 1628 10
1628 1627 10
1628 1629 17
1629 1628 17
1629 1630 13
1630 1629 13
1631 1632 1
1632 1631 1
1632 1633 9
1633 1632 9
1634 1635 15
1635 1634 15
1635 1636 1
1636 1635 1
1636 1637 7
1637 1636 7
1637 1638 16
1638 1637 16
1638 1639 1
1639 1638 1
1639 1640 10
1640 1639 10
1640 1641 15
1641 1640 15
1641 1642 13
1642 1641 13
1642 1643 15
1643 1642 15
1643 1644 2
1644 1643 2
1644 1645 2
1645 1644 2
1645 1646 7
1646 1645 7
1646 1647 13
1647 1646 13
1647 1648 14
1648 1647 14
1648 1649 4
1649 1648 4
1649 1650 9
1650 1649 9
1650 1651 1
1651 1650 1
1651 1652 1
1652 1651 1
1653 1654 19
1654 1653 19
1654 1655 16
1655 1654 16
1655 1656 11
1656 1655 11
1656 1657 6
1657 1656 6
1658 1659 9
1659 1658 9
1659 1660 1
1660 1659 1
1660 1661 1
1661 1660 1
1661 1662 4
1662 1661 4
1662 1663 13
1663 1662 13
1663 1664 5
1664 1663 5
1664 1665 1
1665 1664 1
1665 1666 9
1666 1665 9
1666 1667 18
1667 1666 18
1668 1669 14
1669 1668 14
1669 1670 18
1670 1669 18
1670 1671 17
1671 1670 17
1671 1672 5
1672 1671 5
1672 1673 5
1673 1672 5
1673 1674 2
1674 1673 2
1674 1675 6
1675 1674 6
1675 1676 17
1676 1675 17
1676 1677 17
1677 1676 17
1677 1678 17
1678 1677 17
1678 1679 2
1679 1678 2
1679 1680 4
1680 1679 4
1
13
14
17
19
59
66
67
69
70
76
117
118
119
121
122
123
135
136
194
195
253
254
255
258
260
262
320
321
322
324
325
383
442
504
623
625
684
685
686
687
746
804
805
863
864
922
981
982
1040
1041
1099
1100
1216
1217
1273
1274
1330
1331
1388
1447
1448
1505
1563
1564
1621
1678
1679
1680
