3832 1456 1 1456 153
1 2 8
2 1 8
1 54 17
54 1 17
2 3 1
3 2 1
3 4 18
4 3 18
3 56 9
56 3 9
4 5 2
5 4 2
5 6 1
6 5 1
5 58 19
58 5 19
6 7 10
7 6 10
7 8 8
8 7 8
7 60 4
60 7 4
9 62 14
62 9 14
10 11 1
11 10 1
11 12 15
12 11 15
11 64 11
64 11 11
12 13 4
13 12 4
13 14 14
14 13 14
13 66 12
66 13 12
15 16 11
16 15 11
15 68 19
68 15 19
16 17 16
17 16 16
17 18 3
18 17 3
17 70 17
70 17 17
18 19 14
19 18 14
19 20 3
20 19 3
19 72 18
72 19 18
20 21 16
21 20 16
21 22 19
22 21 19
21 74 16
74 21 16
22 23 5
23 22 5
23 24 14
24 23 14
23 76 9
76 23 9
24 25 13
25 24 13
25 78 15
78 25 15
26 27 9
27 26 9
27 28 15
28 27 15
27 80 14
80 27 14
28 29 6
29 28 6
29 30 9
30 29 9
29 82 10
82 29 10
30 31 15
31 30 15
31 32 17
32 31 17
32 33 1
33 32 1
33 34 1
34 33 1
34 35 7
35 34 7
35 36 8
36 35 8
35 88 5
88 35 5
36 37 12
37 36 12
37 38 14
38 37 14
37 90 10
90 37 10
38 39 12
39 38 12
39 40 15
40 39 15
39 92 14
92 39 14
40 41 16
41 40 16
41 42 15
42 41 15
41 94 3
94 41 3
42 43 19
43 42 19
43 44 3
44 43 3
43 96 15
96 43 15
44 45 8
45 44 8
45 46 17
46 45 17
45 98 1
98 45 1
46 47 5
47 46 5
47 48 6
48 47 6
47 100 16
100 47 16
49 50 18
50 49 18
49 102 15
102 49 15
50 51 14
51 50 14
51 52 9
52 51 9
51 104 14
104 51 14
52 53 14
53 52 14
53 106 16
106 53 16
54 55 3
55 54 3
55 56 9
56 55 9
55 109 11
109 55 11
56 57 9
57 56 9
57 58 1
58 57 1
57 111 17
111 57 17
58 59 14
59 58 14
59 60 17
60 59 17
59 113 1
113 59 1
60 61 9
61 60 9
61 62 10
62 61 10
61 115 15
115 61 15
62 63 7
63 62 7
63 64 14
64 63 14
63 117 17
117 63 17
64 65 4
65 64 4
65 66 18
66 65 18
65 119 17
119 65 17
66 67 17
67 66 17
67 68 17
68 67 17
67 121 7
121 67 7
68 69 15
69 68 15
69 70 10
70 69 10
69 123 13
123 69 13
71 72 17
72 71 17
71 125 3
125 71 3
72 73 5
73 72 5
73 74 12
74 73 12
73 127 6
127 73 6
74 75 2
75 74 2
75 76 13
76 75 13
75 129 6
129 75 6
76 77 1
77 76 1
77 78 5
78 77 5
77 131 11
131 77 11
78 79 6
79 78 6
79 80 10
80 79 10
79 133 8
133 79 8
80 81 8
81 80 8
81 82 8
82 81 8
83 137 15
137 83 15
84 85 7
85 84 7
85 86 4
86 85 4
85 139 3
139 85 3
86 87 4
87 86 4
87 141 8
141 87 8
88 89 7
89 88 7
89 90 17
90 89 17
89 143 17
143 89 17
90 91 11
91 90 11
91 92 14
92 91 14
91 145 8
145 91 8
92 93 6
93 92 6
93 94 17
94 93 17
93 147 3
147 93 3
94 95 19
95 94 19
95 96 10
96 95 10
95 149 19
149 95 19
96 97 6
97 96 6
97 98 1
98 97 1
97 151 5
151 97 5
98 99 7
99 98 7
99 100 2
100 99 2
99 153 1
153 99 1
100 101 13
101 100 13
101 155 4
155 101 4
103 104 10
104 103 10
103 157 17
157 103 17
104 105 13
105 104 13
105 106 14
106 105 14
105 159 4
159 105 4
106 107 2
107 106 2
107 161 18
161 107 18
108 162 14
162 108 14
109 110 12
110 109 12
110 111 18
111 110 18
110 164 3
164 110 3
111 112 18
112 111 18
112 113 12
113 112 12
112 166 6
166 112 6
113 114 19
114 113 19
114 115 10
115 114 10
114 168 15
168 114 15
115 116 6
116 115 6
116 117 1
117 116 1
116 170 8
170 116 8
117 118 14
118 117 14
118 172 2
172 118 2
119 120 8
120 119 8
120 121 3
121 120 3
120 174 18
174 120 18
121 122 6
122 121 6
123 124 18
124 123 18
124 125 3
125 124 3
125 126 6
126 125 6
126 127 11
127 126 11
126 180 8
180 126 8
127 128 6
128 127 6
128 129 7
129 128 7
128 182 14
182 128 14
129 130 13
130 129 13
130 131 15
131 130 15
130 184 11
184 130 11
131 132 14
132 131 14
132 133 10
133 132 10
132 186 17
186 132 17
133 134 17
134 133 17
134 135 7
135 134 7
134 188 8
188 134 8
135 136 4
136 135 4
136 137 1
137 136 1
136 190 17
190 136 17
137 138 13
138 137 13
138 139 18
139 138 18
138 192 8
192 138 8
139 140 3
140 139 3
140 141 18
141 140 18
140 194 1
194 140 1
141 142 1
142 141 1
142 143 16
143 142 16
142 196 11
196 142 11
143 144 4
144 143 4
144 145 12
145 144 12
144 198 5
198 144 5
145 146 17
146 145 17
146 147 8
147 146 8
146 200 5
200 146 5
147 148 1
148 147 1
148 149 2
149 148 2
148 202 10
202 148 10
149 150 6
150 149 6
150 151 1
151 150 1
150 204 19
204 150 19
151 152 1
152 151 1
152 206 14
206 152 14
153 154 1
154 153 1
154 155 4
155 154 4
154 208 4
208 154 4
155 156 10
156 155 10
156 157 8
157 156 8
156 210 2
210 156 2
157 158 16
158 157 16
158 159 3
159 158 3
158 212 4
212 158 4
159 160 10
160 159 10
160 161 17
161 160 17
160 214 16
214 160 16
162 163 5
163 162 5
163 164 14
164 163 14
163 217 16
217 163 16
164 165 14
165 164 14
165 166 12
166 165 12
165 219 8
219 165 8
166 167 11
167 166 11
167 168 1
168 167 1
168 169 16
169 168 16
169 170 12
170 169 12
169 223 19
223 169 19
170 171 5
171 170 5
171 172 11
172 171 11
173 174 9
174 173 9
173 227 11
227 173 11
174 175 17
175 174 17
175 176 9
176 175 9
175 229 19
229 175 19
176 177 1
177 176 1
177 178 15
178 177 15
177 231 18
231 177 18
178 179 16
179 178 16
179 180 11
180 179 11
179 233 19
233 179 19
180 181 13
181 180 13
181 182 4
182 181 4
181 235 11
235 181 11
182 183 17
183 182 17
184 185 18
185 184 18
185 239 17
239 185 17
186 187 11
187 186 11
187 188 17
188 187 17
187 241 10
241 187 10
189 243 3
243 189 3
190 191 14
191 190 14
191 192 10
192 191 10
191 245 15
245 191 15
193 194 8
194 193 8
193 247 3
247 193 3
194 195 3
195 194 3
195 196 15
196 195 15
195 249 17
249 195 17
196 197 8
197 196 8
197 198 9
198 197 9
197 251 11
251 197 11
198 199 13
199 198 13
199 253 16
253 199 16
200 201 13
201 200 13
201 202 5
202 201 5
201 255 4
255 201 4
203 204 5
204 203 5
203 257 8
257 203 8
204 205 11
205 204 11
205 259 12
259 205 12
206 207 4
207 206 4
207 208 16
208 207 16
208 209 16
209 208 16
209 210 13
210 209 13
209 263 9
263 209 9
210 211 6
211 210 6
211 212 19
212 211 19
212 213 13
213 212 13
213 214 13
214 213 13
213 267 16
267 213 16
214 215 11
215 214 11
215 269 10
269 215 10
216 217 16
217 216 16
216 270 3
270 216 3
217 218 1
218 217 1
218 219 2
219 218 2
218 272 5
272 218 5
219 220 1
220 219 1
220 221 16
221 220 16
221 222 2
222 221 2
222 276 11
276 222 11
223 224 11
224 223 11
224 278 12
278 224 12
225 226 12
226 225 12
226 227 8
227 226 8
226 280 15
280 226 15
227 228 18
228 227 18
228 229 1
229 228 1
228 282 19
282 228 19
229 230 12
230 229 12
230 231 7
231 230 7
230 284 17
284 230 17
231 232 9
232 231 9
232 233 13
233 232 13
232 286 14
286 232 14
233 234 17
234 233 17
234 235 4
235 234 4
234 288 13
288 234 13
235 236 3
236 235 3
236 237 2
237 236 2
236 290 14
290 236 14
237 238 2
238 237 2
238 239 2
239 238 2
238 292 10
292 238 10
239 240 12
240 239 12
240 294 1
294 240 1
241 242 11
242 241 11
242 243 4
243 242 4
242 296 7
296 242 7
243 244 5
244 243 5
244 245 12
245 244 12
244 298 15
298 244 15
246 247 5
247 246 5
246 300 19
300 246 19
247 248 6
248 247 6
248 249 6
249 248 6
249 250 16
250 249 16
250 304 4
304 250 4
251 252 1
252 251 1
252 253 9
253 252 9
254 255 6
255 254 6
255 256 1
256 255 1
256 257 18
257 256 18
256 310 13
310 256 13
257 258 6
258 257 6
258 259 6
259 258 6
258 312 15
312 258 15
259 260 12
260 259 12
261 262 2
262 261 2
262 263 14
263 262 14
262 316 2
316 262 2
263 264 15
264 263 15
264 265 3
265 264 3
264 318 7
318 264 7
265 266 19
266 265 19
266 267 13
267 266 13
266 320 1
320 266 1
267 268 6
268 267 6
268 269 5
269 268 5
268 322 10
322 268 10
270 271 5
271 270 5
271 272 15
272 271 15
271 325 7
325 271 7
272 273 10
273 272 10
273 274 11
274 273 11
273 327 11
327 273 11
274 275 11
275 274 11
275 276 5
276 275 5
275 329 5
329 275 5
276 277 10
277 276 10
277 278 6
278 277 6
277 331 1
331 277 1
278 279 8
279 278 8
279 333 1
333 279 1
280 281 15
281 280 15
281 282 17
282 281 17
282 283 4
283 282 4
283 284 9
284 283 9
283 337 6
337 283 6
284 285 15
285 284 15
285 286 3
286 285 3
285 339 5
339 285 5
286 287 17
287 286 17
287 288 2
288 287 2
287 341 6
341 287 6
288 289 13
289 288 13
289 290 17
290 289 17
289 343 4
343 289 4
290 291 12
291 290 12
291 292 6
292 291 6
291 345 15
345 291 15
292 293 12
293 292 12
293 347 18
347 293 18
295 296 15
296 295 15
295 349 14
349 295 14
297 298 6
298 297 6
297 351 16
351 297 16
298 299 9
299 298 9
299 300 4
300 299 4
299 353 14
353 299 14
301 302 17
302 301 17
301 355 11
355 301 11
302 303 18
303 302 18
303 304 15
304 303 15
303 357 19
357 303 19
304 305 17
305 304 17
305 306 14
306 305 14
305 359 9
359 305 9
306 307 4
307 306 4
307 308 10
308 307 10
307 361 11
361 307 11
308 309 5
309 308 5
309 310 17
310 309 17
310 311 18
311 310 18
311 312 7
312 311 7
311 365 11
365 311 11
312 313 10
313 312 10
313 314 10
314 313 10
313 367 9
367 313 9
314 315 7
315 314 7
315 316 6
316 315 6
315 369 13
369 315 13
316 317 10
317 316 10
317 318 15
318 317 15
317 371 18
371 317 18
318 319 5
319 318 5
319 320 12
320 319 12
319 373 9
373 319 9
320 321 1
321 320 1
321 322 6
322 321 6
321 375 1
375 321 1
322 323 8
323 322 8
324 325 14
325 324 14
324 378 9
378 324 9
325 326 16
326 325 16
326 327 9
327 326 9
326 380 7
380 326 7
327 328 16
328 327 16
328 329 3
329 328 3
328 382 17
382 328 17
329 330 19
330 329 19
330 384 14
384 330 14
332 333 1
333 332 1
332 386 10
386 332 10
333 334 13
334 333 13
334 335 15
335 334 15
334 388 10
388 334 10
336 337 8
337 336 8
337 338 17
338 337 17
338 339 2
339 338 2
338 392 11
392 338 11
339 340 8
340 339 8
340 341 6
341 340 6
340 394 2
394 340 2
341 342 4
342 341 4
342 343 12
343 342 12
342 396 9
396 342 9
344 345 1
345 344 1
344 398 12
398 344 12
345 346 6
346 345 6
346 347 14
347 346 14
346 400 6
400 346 6
347 348 5
348 347 5
348 349 9
349 348 9
349 350 18
350 349 18
350 351 18
351 350 18
350 404 7
404 350 7
351 352 6
352 351 6
352 353 6
353 352 6
352 406 15
406 352 15
353 354 4
354 353 4
354 355 15
355 354 15
354 408 13
408 354 13
355 356 5
356 355 5
356 357 17
357 356 17
356 410 4
410 356 4
357 358 2
358 357 2
358 359 15
359 358 15
358 412 18
412 358 18
359 360 12
360 359 12
360 361 4
361 360 4
360 414 10
414 360 10
361 362 19
362 361 19
362 363 10
363 362 10
362 416 3
416 362 3
363 364 15
364 363 15
364 365 10
365 364 10
364 418 5
418 364 5
365 366 11
366 365 11
366 367 14
367 366 14
366 420 3
420 366 3
367 368 16
368 367 16
368 369 3
369 368 3
368 422 19
422 368 19
369 370 6
370 369 6
370 371 2
371 370 2
370 424 11
424 370 11
371 372 17
372 371 17
372 373 12
373 372 12
372 426 3
426 372 3
373 374 5
374 373 5
374 375 15
375 374 15
375 376 7
376 375 7
376 377 9
377 376 9
376 430 12
430 376 12
378 379 10
379 378 10
379 380 12
380 379 12
379 433 15
433 379 15
380 381 7
381 380 7
381 382 10
382 381 10
381 435 6
435 381 6
382 383 14
383 382 14
383 384 8
384 383 8
383 437 14
437 383 14
385 386 7
386 385 7
385 439 4
439 385 4
386 387 7
387 386 7
387 388 11
388 387 11
387 441 1
441 387 1
388 389 8
389 388 8
389 390 1
390 389 1
389 443 15
443 389 15
390 391 15
391 390 15
391 392 1
392 391 1
391 445 3
445 391 3
392 393 15
393 392 15
393 394 18
394 393 18
393 447 4
447 393 4
394 395 9
395 394 9
395 396 8
396 395 8
395 449 11
449 395 11
396 397 1
397 396 1
397 398 15
398 397 15
398 399 13
399 398 13
399 400 7
400 399 7
399 453 13
453 399 13
400 401 4
401 400 4
401 455 12
455 401 12
402 403 7
403 402 7
403 404 14
404 403 14
403 457 3
457 403 3
404 405 16
405 404 16
405 406 6
406 405 6
405 459 10
459 405 10
406 407 8
407 406 8
407 408 2
408 407 2
407 461 9
461 407 9
408 409 16
409 408 16
409 410 1
410 409 1
409 463 1
463 409 1
410 411 16
411 410 16
411 412 13
412 411 13
411 465 11
465 411 11
413 414 13
414 413 13
413 467 12
467 413 12
414 415 2
415 414 2
415 416 2
416 415 2
415 469 2
469 415 2
416 417 7
417 416 7
417 418 18
418 417 18
417 471 17
471 417 17
418 419 10
419 418 10
419 420 8
420 419 8
419 473 5
473 419 5
420 421 8
421 420 8
421 422 2
422 421 2
421 475 12
475 421 12
422 423 13
423 422 13
423 424 5
424 423 5
423 477 3
477 423 3
424 425 17
425 424 17
425 426 12
426 425 12
425 479 19
479 425 19
427 428 3
428 427 3
427 481 9
481 427 9
428 429 16
429 428 16
429 483 12
483 429 12
430 431 3
431 430 3
431 485 18
485 431 18
432 433 11
433 432 11
432 486 10
486 432 10
433 434 17
434 433 17
434 435 19
435 434 19
434 488 16
488 434 16
435 436 2
436 435 2
436 437 2
437 436 2
436 490 1
490 436 1
437 438 10
438 437 10
438 439 16
439 438 16
438 492 18
492 438 18
439 440 13
440 439 13
440 441 3
441 440 3
440 494 3
494 440 3
441 442 11
442 441 11
442 443 15
443 442 15
442 496 10
496 442 10
443 444 3
444 443 3
444 498 19
498 444 19
445 446 10
446 445 10
446 447 17
447 446 17
446 500 8
500 446 8
447 448 15
448 447 15
448 449 10
449 448 10
448 502 8
502 448 8
449 450 14
450 449 14
450 451 17
451 450 17
450 504 6
504 450 6
451 452 17
452 451 17
452 453 14
453 452 14
452 506 1
506 452 1
453 454 16
454 453 16
454 455 8
455 454 8
454 508 12
508 454 12
455 456 1
456 455 1
456 457 12
457 456 12
456 510 5
510 456 5
457 458 2
458 457 2
458 459 1
459 458 1
458 512 14
512 458 14
459 460 6
460 459 6
460 461 3
461 460 3
460 514 16
514 460 16
461 462 10
462 461 10
462 463 17
463 462 17
462 516 7
516 462 7
463 464 1
464 463 1
464 465 17
465 464 17
464 518 11
518 464 11
465 466 6
466 465 6
466 520 11
520 466 11
467 468 12
468 467 12
468 469 7
469 468 7
468 522 1
522 468 1
469 470 5
470 469 5
470 471 9
471 470 9
471 472 5
472 471 5
472 473 17
473 472 17
472 526 4
526 472 4
473 474 15
474 473 15
474 475 17
475 474 17
474 528 18
528 474 18
475 476 6
476 475 6
476 477 5
477 476 5
477 478 15
478 477 15
478 479 13
479 478 13
478 532 16
532 478 16
479 480 8
480 479 8
480 481 16
481 480 16
482 536 13
536 482 13
484 485 18
485 484 18
484 538 16
538 484 16
486 487 9
487 486 9
487 488 4
488 487 4
487 541 5
541 487 5
488 489 17
489 488 17
489 490 7
490 489 7
489 543 5
543 489 5
490 491 7
491 490 7
491 492 10
492 491 10
492 493 5
493 492 5
493 494 4
494 493 4
493 547 14
547 493 14
494 495 12
495 494 12
495 496 10
496 495 10
495 549 15
549 495 15
496 497 3
497 496 3
497 498 19
498 497 19
498 499 7
499 498 7
499 500 9
500 499 9
499 553 10
553 499 10
500 501 16
501 500 16
501 502 4
502 501 4
501 555 5
555 501 5
502 503 19
503 502 19
503 504 11
504 503 11
503 557 16
557 503 16
504 505 10
505 504 10
505 506 14
506 505 14
505 559 14
559 505 14
506 507 9
507 506 9
507 561 12
561 507 12
508 509 14
509 508 14
509 510 17
510 509 17
509 563 1
563 509 1
510 511 3
511 510 3
511 512 7
512 511 7
511 565 9
565 511 9
512 513 4
513 512 4
513 514 12
514 513 12
513 567 10
567 513 10
514 515 2
515 514 2
515 569 8
569 515 8
516 517 13
517 516 13
517 518 1
518 517 1
517 571 7
571 517 7
518 519 1
519 518 1
519 520 3
520 519 3
519 573 1
573 519 1
520 521 13
521 520 13
521 522 8
522 521 8
521 575 15
575 521 15
523 524 2
524 523 2
523 577 4
577 523 4
524 525 5
525 524 5
525 526 3
526 525 3
525 579 11
579 525 11
526 527 16
527 526 16
527 528 13
528 527 13
527 581 3
581 527 3
528 529 15
529 528 15
529 530 11
530 529 11
529 583 9
583 529 9
530 531 13
531 530 13
531 532 1
532 531 1
531 585 16
585 531 16
532 533 12
533 532 12
533 587 10
587 533 10
534 535 4
535 534 4
535 536 19
536 535 19
535 589 2
589 535 2
536 537 1
537 536 1
537 538 15
538 537 15
538 539 17
539 538 17
539 593 6
593 539 6
540 541 3
541 540 3
540 594 13
594 540 13
541 542 1
542 541 1
542 543 3
543 542 3
542 596 8
596 542 8
543 544 1
544 543 1
544 545 16
545 544 16
544 598 16
598 544 16
545 546 11
546 545 11
546 547 17
547 546 17
546 600 2
600 546 2
547 548 17
548 547 17
548 549 17
549 548 17
548 602 7
602 548 7
549 550 1
550 549 1
550 551 5
551 550 5
550 604 17
604 550 17
551 552 14
552 551 14
552 553 15
553 552 15
552 606 13
606 552 13
553 554 17
554 553 17
554 555 6
555 554 6
554 608 15
608 554 15
555 556 13
556 555 13
556 557 14
557 556 14
556 610 2
610 556 2
558 559 4
559 558 4
558 612 19
612 558 19
560 561 15
561 560 15
560 614 2
614 560 2
561 562 12
562 561 12
562 563 2
563 562 2
562 616 18
616 562 18
563 564 4
564 563 4
564 565 10
565 564 10
564 618 4
618 564 4
565 566 11
566 565 11
566 567 8
567 566 8
566 620 12
620 566 12
567 568 17
568 567 17
568 569 17
569 568 17
568 622 18
622 568 18
570 571 6
571 570 6
570 624 14
624 570 14
571 572 17
572 571 17
572 573 16
573 572 16
572 626 1
626 572 1
573 574 10
574 573 10
574 575 10
575 574 10
574 628 6
628 574 6
575 576 4
576 575 4
576 577 17
577 576 17
576 630 12
630 576 12
577 578 16
578 577 16
578 632 7
632 578 7
579 580 14
580 579 14
580 581 6
581 580 6
580 634 4
634 580 4
581 582 16
582 581 16
582 583 1
583 582 1
583 584 9
584 583 9
584 585 19
585 584 19
584 638 2
638 584 2
585 586 3
586 585 3
586 587 19
587 586 19
586 640 16
640 586 16
587 588 13
588 587 13
588 589 14
589 588 14
588 642 6
642 588 6
589 590 11
590 589 11
590 644 18
644 590 18
591 592 15
592 591 15
592 593 14
593 592 14
592 646 6
646 592 6
594 595 15
595 594 15
595 596 14
596 595 14
595 649 17
649 595 17
596 597 3
597 596 3
597 598 18
598 597 18
597 651 6
651 597 6
599 600 8
600 599 8
599 653 2
653 599 2
600 601 9
601 600 9
602 603 10
603 602 10
603 604 8
604 603 8
603 657 10
657 603 10
604 605 9
605 604 9
605 606 18
606 605 18
605 659 12
659 605 12
606 607 1
607 606 1
607 608 14
608 607 14
607 661 13
661 607 13
608 609 10
609 608 10
609 610 7
610 609 7
610 611 15
611 610 15
611 612 1
612 611 1
611 665 11
665 611 11
612 613 4
613 612 4
613 614 9
614 613 9
613 667 18
667 613 18
614 615 18
615 614 18
615 616 10
616 615 10
615 669 16
669 615 16
616 617 15
617 616 15
617 618 17
618 617 17
617 671 6
671 617 6
618 619 8
619 618 8
619 620 1
620 619 1
619 673 11
673 619 11
620 621 18
621 620 18
621 622 18
622 621 18
621 675 12
675 621 12
622 623 6
623 622 6
623 624 1
624 623 1
623 677 12
677 623 12
624 625 17
625 624 17
625 626 8
626 625 8
625 679 1
679 625 1
626 627 15
627 626 15
627 628 3
628 627 3
627 681 2
681 627 2
628 629 3
629 628 3
629 630 5
630 629 5
629 683 18
683 629 18
630 631 4
631 630 4
631 632 15
632 631 15
631 685 11
685 631 11
632 633 15
633 632 15
633 634 17
634 633 17
633 687 5
687 633 5
634 635 9
635 634 9
635 636 19
636 635 19
635 689 15
689 635 15
636 637 1
637 636 1
637 638 17
638 637 17
637 691 6
691 637 6
638 639 10
639 638 10
639 640 4
640 639 4
639 693 5
693 639 5
640 641 19
641 640 19
641 642 10
642 641 10
641 695 14
695 641 14
642 643 17
643 642 17
643 644 8
644 643 8
643 697 15
697 643 15
644 645 8
645 644 8
645 646 11
646 645 11
645 699 15
699 645 15
646 647 4
647 646 4
647 701 18
701 647 18
648 649 5
649 648 5
649 650 7
650 649 7
650 704 19
704 650 19
651 652 17
652 651 17
652 706 13
706 652 13
653 654 16
654 653 16
654 655 12
655 654 12
654 708 12
708 654 12
655 656 9
656 655 9
656 657 16
657 656 16
656 710 3
710 656 3
657 658 8
658 657 8
658 659 18
659 658 18
658 712 17
712 658 17
659 660 13
660 659 13
660 661 1
661 660 1
660 714 1
714 660 1
661 662 3
662 661 3
662 663 4
663 662 4
662 716 4
716 662 4
663 664 15
664 663 15
664 665 1
665 664 1
664 718 8
718 664 8
665 666 18
666 665 18
666 667 7
667 666 7
666 720 18
720 666 18
667 668 15
668 667 15
668 669 10
669 668 10
668 722 2
722 668 2
669 670 14
670 669 14
670 671 11
671 670 11
670 724 7
724 670 7
671 672 8
672 671 8
672 673 2
673 672 2
672 726 10
726 672 10
673 674 2
674 673 2
674 675 1
675 674 1
674 728 4
728 674 4
675 676 5
676 675 5
676 730 1
730 676 1
677 678 9
678 677 9
678 679 10
679 678 10
678 732 9
732 678 9
679 680 18
680 679 18
680 681 10
681 680 10
680 734 17
734 680 17
681 682 9
682 681 9
682 683 16
683 682 16
682 736 17
736 682 17
683 684 6
684 683 6
684 738 16
738 684 16
685 686 7
686 685 7
686 687 6
687 686 6
686 740 10
740 686 10
687 688 17
688 687 17
688 689 12
689 688 12
688 742 7
742 688 7
689 690 10
690 689 10
690 691 4
691 690 4
690 744 17
744 690 17
691 692 17
692 691 17
692 693 18
693 692 18
692 746 18
746 692 18
693 694 8
694 693 8
694 695 16
695 694 16
694 748 12
748 694 12
695 696 4
696 695 4
696 750 18
750 696 18
697 698 14
698 697 14
698 752 1
752 698 1
699 700 12
700 699 12
700 701 5
701 700 5
700 754 16
754 700 16
702 703 16
703 702 16
703 704 12
704 703 12
703 757 19
757 703 19
704 705 14
705 704 14
705 706 11
706 705 11
705 759 6
759 705 6
706 707 7
707 706 7
707 708 10
708 707 10
707 761 18
761 707 18
708 709 8
709 708 8
709 710 11
710 709 11
709 763 1
763 709 1
710 711 9
711 710 9
711 712 17
712 711 17
711 765 4
765 711 4
712 713 11
713 712 11
713 714 6
714 713 6
713 767 1
767 713 1
714 715 9
715 714 9
715 716 6
716 715 6
716 717 12
717 716 12
717 718 17
718 717 17
717 771 5
771 717 5
718 719 18
719 718 18
719 720 1
720 719 1
719 773 12
773 719 12
720 721 6
721 720 6
721 722 8
722 721 8
721 775 18
775 721 18
722 723 16
723 722 16
723 724 14
724 723 14
723 777 6
777 723 6
725 726 6
726 725 6
725 779 12
779 725 12
726 727 18
727 726 18
727 728 16
728 727 16
727 781 16
781 727 16
729 730 18
730 729 18
729 783 10
783 729 10
730 731 17
731 730 17
731 732 15
732 731 15
731 785 13
785 731 13
732 733 18
733 732 18
733 734 1
734 733 1
733 787 15
787 733 15
734 735 6
735 734 6
735 736 19
736 735 19
735 789 3
789 735 3
736 737 3
737 736 3
737 791 15
791 737 15
738 739 10
739 738 10
739 740 18
740 739 18
739 793 9
793 739 9
740 741 11
741 740 11
741 742 16
742 741 16
741 795 7
795 741 7
742 743 16
743 742 16
743 744 14
744 743 14
743 797 7
797 743 7
744 745 16
745 744 16
745 746 3
746 745 3
745 799 1
799 745 1
746 747 16
747 746 16
747 748 12
748 747 12
747 801 19
801 747 19
748 749 17
749 748 17
749 750 17
750 749 17
749 803 15
803 749 15
750 751 18
751 750 18
751 752 10
752 751 10
751 805 1
805 751 1
752 753 14
753 752 14
753 754 2
754 753 2
753 807 17
807 753 17
754 755 15
755 754 15
755 809 19
809 755 19
756 757 1
757 756 1
756 810 14
810 756 14
757 758 8
758 757 8
758 759 13
759 758 13
758 812 16
812 758 16
759 760 2
760 759 2
760 761 8
761 760 8
760 814 6
814 760 6
761 762 14
762 761 14
762 763 4
763 762 4
762 816 18
816 762 18
763 764 9
764 763 9
764 765 7
765 764 7
764 818 5
818 764 5
765 766 8
766 765 8
766 767 15
767 766 15
766 820 15
820 766 15
767 768 8
768 767 8
768 769 8
769 768 8
768 822 9
822 768 9
769 770 12
770 769 12
770 771 5
771 770 5
770 824 11
824 770 11
771 772 7
772 771 7
772 773 9
773 772 9
772 826 10
826 772 10
773 774 5
774 773 5
774 775 4
775 774 4
774 828 15
828 774 15
775 776 16
776 775 16
776 777 7
777 776 7
776 830 1
830 776 1
777 778 1
778 777 1
778 779 16
779 778 16
778 832 8
832 778 8
779 780 12
780 779 12
780 781 10
781 780 10
780 834 6
834 780 6
781 782 18
782 781 18
782 783 17
783 782 17
782 836 6
836 782 6
783 784 19
784 783 19
784 785 2
785 784 2
784 838 18
838 784 18
785 786 14
786 785 14
786 787 11
787 786 11
787 788 9
788 787 9
788 789 14
789 788 14
788 842 7
842 788 7
789 790 6
790 789 6
790 791 13
791 790 13
790 844 12
844 790 12
791 792 16
792 791 16
792 793 7
793 792 7
792 846 12
846 792 12
793 794 12
794 793 12
794 795 9
795 794 9
794 848 5
848 794 5
795 796 12
796 795 12
796 797 3
797 796 3
796 850 8
850 796 8
797 798 4
798 797 4
798 799 17
799 798 17
798 852 3
852 798 3
799 800 14
800 799 14
800 801 11
801 800 11
800 854 8
854 800 8
801 802 7
802 801 7
802 803 1
803 802 1
802 856 7
856 802 7
803 804 7
804 803 7
804 805 10
805 804 10
804 858 12
858 804 12
805 806 6
806 805 6
806 807 4
807 806 4
806 860 2
860 806 2
807 808 7
808 807 7
808 809 13
809 808 13
808 862 2
862 808 2
810 811 13
811 810 13
811 812 9
812 811 9
811 865 13
865 811 13
812 813 12
813 812 12
813 814 12
814 813 12
813 867 5
867 813 5
814 815 15
815 814 15
815 816 3
816 815 3
815 869 17
869 815 17
817 818 1
818 817 1
817 871 5
871 817 5
818 819 6
819 818 6
819 820 8
820 819 8
819 873 6
873 819 6
820 821 7
821 820 7
821 822 9
822 821 9
821 875 2
875 821 2
822 823 16
823 822 16
823 877 6
877 823 6
824 825 1
825 824 1
825 826 7
826 825 7
825 879 16
879 825 16
826 827 2
827 826 2
827 828 2
828 827 2
827 881 14
881 827 14
828 829 12
829 828 12
829 830 5
830 829 5
829 883 18
883 829 18
830 831 6
831 830 6
831 832 8
832 831 8
831 885 3
885 831 3
832 833 17
833 832 17
833 834 16
834 833 16
833 887 7
887 833 7
834 835 7
835 834 7
835 836 11
836 835 11
835 889 4
889 835 4
836 837 3
837 836 3
837 891 1
891 837 1
838 839 16
839 838 16
839 840 17
840 839 17
839 893 17
893 839 17
840 841 14
841 840 14
842 843 11
843 842 11
843 844 4
844 843 4
843 897 4
897 843 4
844 845 6
845 844 6
845 846 4
846 845 4
845 899 9
899 845 9
846 847 4
847 846 4
847 848 8
848 847 8
847 901 1
901 847 1
848 849 19
849 848 19
849 903 19
903 849 19
850 851 2
851 850 2
851 852 12
852 851 12
851 905 15
905 851 15
852 853 6
853 852 6
853 854 9
854 853 9
853 907 15
907 853 15
854 855 3
855 854 3
855 856 14
856 855 14
855 909 7
909 855 7
856 857 17
857 856 17
857 858 7
858 857 7
857 911 11
911 857 11
858 859 13
859 858 13
859 860 6
860 859 6
859 913 5
913 859 5
860 861 13
861 860 13
861 862 10
862 861 10
861 915 3
915 861 3
862 863 19
863 862 19
864 865 14
865 864 14
864 918 10
918 864 10
865 866 1
866 865 1
866 867 5
867 866 5
866 920 13
920 866 13
867 868 18
868 867 18
868 869 12
869 868 12
868 922 3
922 868 3
869 870 8
870 869 8
870 871 3
871 870 3
870 924 8
924 870 8
871 872 11
872 871 11
872 873 11
873 872 11
872 926 8
926 872 8
873 874 12
874 873 12
874 875 11
875 874 11
874 928 7
928 874 7
875 876 10
876 875 10
876 930 8
930 876 8
877 878 1
878 877 1
878 879 16
879 878 16
878 932 13
932 878 13
879 880 17
880 879 17
880 881 8
881 880 8
880 934 11
934 880 11
881 882 17
882 881 17
882 883 6
883 882 6
882 936 5
936 882 5
884 938 12
938 884 12
886 887 10
887 886 10
886 940 15
940 886 15
887 888 5
888 887 5
888 889 18
889 888 18
888 942 19
942 888 19
889 890 15
890 889 15
890 891 1
891 890 1
890 944 15
944 890 15
891 892 13
892 891 13
892 893 13
893 892 13
892 946 4
946 892 4
893 894 16
894 893 16
894 895 16
895 894 16
894 948 3
948 894 3
895 896 9
896 895 9
896 897 7
897 896 7
896 950 7
950 896 7
897 898 4
898 897 4
898 899 13
899 898 13
899 900 1
900 899 1
900 954 12
954 900 12
901 902 15
902 901 15
902 903 9
903 902 9
903 904 14
904 903 14
904 905 18
905 904 18
904 958 4
958 904 4
905 906 19
906 905 19
906 907 17
907 906 17
906 960 1
960 906 1
907 908 15
908 907 15
908 909 6
909 908 6
908 962 8
962 908 8
909 910 17
910 909 17
910 911 17
911 910 17
910 964 2
964 910 2
912 913 8
913 912 8
912 966 6
966 912 6
913 914 9
914 913 9
914 915 1
915 914 1
914 968 7
968 914 7
916 917 2
917 916 2
916 970 5
970 916 5
918 919 15
919 918 15
919 920 16
920 919 16
919 973 7
973 919 7
920 921 7
921 920 7
921 922 17
922 921 17
921 975 13
975 921 13
922 923 9
923 922 9
923 924 12
924 923 12
923 977 3
977 923 3
924 925 16
925 924 16
925 979 13
979 925 13
926 927 9
927 926 9
927 928 7
928 927 7
927 981 19
981 927 19
928 929 7
929 928 7
929 930 2
930 929 2
929 983 13
983 929 13
931 932 2
932 931 2
931 985 3
985 931 3
932 933 17
933 932 17
933 987 18
987 933 18
934 935 2
935 934 2
935 936 13
936 935 13
935 989 14
989 935 14
936 937 5
937 936 5
937 938 10
938 937 10
937 991 10
991 937 10
938 939 7
939 938 7
939 940 4
940 939 4
939 993 4
993 939 4
940 941 10
941 940 10
941 942 15
942 941 15
941 995 10
995 941 10
942 943 18
943 942 18
943 944 3
944 943 3
943 997 4
997 943 4
944 945 13
945 944 13
945 946 1
946 945 1
945 999 16
999 945 16
946 947 1
947 946 1
947 948 15
948 947 15
947 1001 14
1001 947 14
948 949 4
949 948 4
949 1003 16
1003 949 16
950 951 17
951 950 17
951 952 7
952 951 7
951 1005 7
1005 951 7
952 953 5
953 952 5
953 954 14
954 953 14
954 955 2
955 954 2
955 956 19
956 955 19
955 1009 12
1009 955 12
956 957 2
957 956 2
957 958 2
958 957 2
957 1011 15
1011 957 15
958 959 1
959 958 1
960 961 15
961 960 15
961 962 11
962 961 11
962 963 8
963 962 8
963 964 9
964 963 9
963 1017 2
1017 963 2
964 965 4
965 964 4
965 966 12
966 965 12
965 1019 3
1019 965 3
966 967 18
967 966 18
967 968 4
968 967 4
967 1021 4
1021 967 4
969 970 19
970 969 19
969 1023 18
1023 969 18
970 971 4
971 970 4
972 973 8
973 972 8
972 1026 2
1026 972 2
973 974 7
974 973 7
974 975 18
975 974 18
974 1028 15
1028 974 15
975 976 8
976 975 8
976 977 12
977 976 12
976 1030 9
1030 976 9
977 978 7
978 977 7
978 979 15
979 978 15
978 1032 2
1032 978 2
979 980 1
980 979 1
980 981 15
981 980 15
981 982 10
982 981 10
982 983 12
983 982 12
982 1036 11
1036 982 11
983 984 15
984 983 15
985 986 16
986 985 16
986 1040 17
1040 986 17
987 988 11
988 987 11
988 989 2
989 988 2
988 1042 15
1042 988 15
990 991 13
991 990 13
990 1044 1
1044 990 1
991 992 10
992 991 10
992 993 6
993 992 6
992 1046 11
1046 992 11
993 994 16
994 993 16
994 995 12
995 994 12
994 1048 12
1048 994 12
995 996 12
996 995 12
996 997 1
997 996 1
996 1050 2
1050 996 2
997 998 3
998 997 3
998 999 9
999 998 9
998 1052 1
1052 998 1
999 1000 16
1000 999 16
1000 1001 2
1001 1000 2
1000 1054 10
1054 1000 10
1001 1002 18
1002 1001 18
1002 1003 17
1003 1002 17
1002 1056 19
1056 1002 19
1003 1004 13
1004 1003 13
1004 1005 8
1005 1004 8
1004 1058 18
1058 1004 18
1006 1007 1
1007 1006 1
1006 1060 10
1060 1006 10
1008 1009 7
1009 1008 7
1008 1062 10
1062 1008 10
1009 1010 5
1010 1009 5
1010 1064 19
1064 1010 19
1011 1012 1
1012 1011 1
1012 1013 12
1013 1012 12
1012 1066 16
1066 1012 16
1013 1014 12
1014 1013 12
1014 1015 5
1015 1014 5
1014 1068 13
1068 1014 13
1015 1016 12
1016 1015 12
1016 1017 3
1017 1016 3
1016 1070 14
1070 1016 14
1017 1018 1
1018 1017 1
1018 1019 16
1019 1018 16
1018 1072 18
1072 1018 18
1020 1021 10
1021 1020 10
1020 1074 13
1074 1020 13
1021 1022 5
1022 1021 5
1022 1023 2
1023 1022 2
1022 1076 16
1076 1022 16
1023 1024 3
1024 1023 3
1024 1025 16
1025 1024 16
1024 1078 7
1078 1024 7
1026 1027 6
1027 1026 6
1027 1028 11
1028 1027 11
1027 1081 8
1081 1027 8
1028 1029 4
1029 1028 4
1029 1083 15
1083 1029 15
1030 1031 10
1031 1030 10
1031 1032 13
1032 1031 13
1031 1085 7
1085 1031 7
1032 1033 3
1033 1032 3
1033 1034 1
1034 1033 1
1033 1087 2
1087 1033 2
1034 1035 6
1035 1034 6
1035 1036 7
1036 1035 7
1035 1089 3
1089 1035 3
1036 1037 15
1037 1036 15
1037 1038 1
1038 1037 1
1037 1091 7
1091 1037 7
1038 1039 5
1039 1038 5
1039 1040 7
1040 1039 7
1039 1093 14
1093 1039 14
1040 1041 8
1041 1040 8
1041 1042 16
1042 1041 16
1041 1095 10
1095 1041 10
1042 1043 2
1043 1042 2
1043 1044 3
1044 1043 3
1043 1097 3
1097 1043 3
1044 1045 2
1045 1044 2
1045 1046 17
1046 1045 17
1047 1048 14
1048 1047 14
1047 1101 13
1101 1047 13
1048 1049 7
1049 1048 7
1049 1050 17
1050 1049 17
1049 1103 19
1103 1049 19
1050 1051 11
1051 1050 11
1051 1052 1
1052 1051 1
1052 1053 16
1053 1052 16
1053 1054 5
1054 1053 5
1054 1055 10
1055 1054 10
1055 1056 15
1056 1055 15
1056 1057 7
1057 1056 7
1057 1058 15
1058 1057 15
1057 1111 13
1111 1057 13
1058 1059 17
1059 1058 17
1059 1060 11
1060 1059 11
1059 1113 1
1113 1059 1
1060 1061 3
1061 1060 3
1061 1062 3
1062 1061 3
1061 1115 2
1115 1061 2
1062 1063 7
1063 1062 7
1063 1064 11
1064 1063 11
1064 1065 2
1065 1064 2
1065 1066 5
1066 1065 5
1065 1119 17
1119 1065 17
1066 1067 18
1067 1066 18
1067 1068 16
1068 1067 16
1067 1121 17
1121 1067 17
1068 1069 14
1069 1068 14
1069 1070 12
1070 1069 12
1069 1123 4
1123 1069 4
1070 1071 16
1071 1070 16
1071 1072 9
1072 1071 9
1072 1073 1
1073 1072 1
1073 1074 4
1074 1073 4
1073 1127 11
1127 1073 11
1074 1075 6
1075 1074 6
1076 1077 8
1077 1076 8
1077 1078 8
1078 1077 8
1077 1131 9
1131 1077 9
1078 1079 7
1079 1078 7
1079 1133 14
1133 1079 14
1080 1081 4
1081 1080 4
1080 1134 11
1134 1080 11
1082 1083 14
1083 1082 14
1082 1136 1
1136 1082 1
1083 1084 7
1084 1083 7
1084 1085 15
1085 1084 15
1084 1138 18
1138 1084 18
1085 1086 1
1086 1085 1
1086 1140 1
1140 1086 1
1087 1088 6
1088 1087 6
1088 1089 1
1089 1088 1
1088 1142 8
1142 1088 8
1089 1090 16
1090 1089 16
1090 1144 4
1144 1090 4
1091 1092 13
1092 1091 13
1092 1093 12
1093 1092 12
1092 1146 12
1146 1092 12
1093 1094 2
1094 1093 2
1094 1095 7
1095 1094 7
1094 1148 16
1148 1094 16
1095 1096 10
1096 1095 10
1096 1097 10
1097 1096 10
1096 1150 12
1150 1096 12
1097 1098 7
1098 1097 7
1098 1099 15
1099 1098 15
1098 1152 1
1152 1098 1
1099 1100 10
1100 1099 10
1100 1101 2
1101 1100 2
1100 1154 13
1154 1100 13
1101 1102 7
1102 1101 7
1102 1103 1
1103 1102 1
1103 1104 17
1104 1103 17
1104 1105 8
1105 1104 8
1105 1106 15
1106 1105 15
1106 1107 1
1107 1106 1
1106 1160 16
1160 1106 16
1107 1108 17
1108 1107 17
1108 1109 3
1109 1108 3
1108 1162 16
1162 1108 16
1109 1110 14
1110 1109 14
1110 1111 16
1111 1110 16
1110 1164 8
1164 1110 8
1111 1112 1
1112 1111 1
1112 1113 1
1113 1112 1
1112 1166 5
1166 1112 5
1113 1114 5
1114 1113 5
1114 1115 5
1115 1114 5
1114 1168 16
1168 1114 16
1115 1116 8
1116 1115 8
1116 1117 14
1117 1116 14
1116 1170 6
1170 1116 6
1117 1118 4
1118 1117 4
1118 1119 1
1119 1118 1
1118 1172 16
1172 1118 16
1119 1120 6
1120 1119 6
1120 1121 1
1121 1120 1
1121 1122 10
1122 1121 10
1122 1123 2
1123 1122 2
1122 1176 3
1176 1122 3
1123 1124 13
1124 1123 13
1124 1125 14
1125 1124 14
1124 1178 4
1178 1124 4
1125 1126 14
1126 1125 14
1126 1127 1
1127 1126 1
1126 1180 16
1180 1126 16
1127 1128 3
1128 1127 3
1129 1130 4
1130 1129 4
1130 1131 16
1131 1130 16
1130 1184 7
1184 1130 7
1131 1132 11
1132 1131 11
1132 1133 12
1133 1132 12
1134 1135 1
1135 1134 1
1135 1136 3
1136 1135 3
1135 1189 19
1189 1135 19
1136 1137 2
1137 1136 2
1137 1138 7
1138 1137 7
1137 1191 11
1191 1137 11
1138 1139 2
1139 1138 2
1139 1140 14
1140 1139 14
1139 1193 15
1193 1139 15
1140 1141 6
1141 1140 6
1141 1142 17
1142 1141 17
1141 1195 2
1195 1141 2
1142 1143 11
1143 1142 11
1143 1144 7
1144 1143 7
1143 1197 18
1197 1143 18
1144 1145 17
1145 1144 17
1145 1146 17
1146 1145 17
1145 1199 17
1199 1145 17
1146 1147 11
1147 1146 11
1147 1148 18
1148 1147 18
1147 1201 8
1201 1147 8
1149 1150 17
1150 1149 17
1149 1203 17
1203 1149 17
1150 1151 4
1151 1150 4
1151 1152 10
1152 1151 10
1151 1205 7
1205 1151 7
1152 1153 17
1153 1152 17
1153 1154 9
1154 1153 9
1153 1207 7
1207 1153 7
1154 1155 2
1155 1154 2
1155 1156 3
1156 1155 3
1155 1209 18
1209 1155 18
1156 1157 4
1157 1156 4
1157 1158 16
1158 1157 16
1157 1211 4
1211 1157 4
1159 1160 2
1160 1159 2
1159 1213 15
1213 1159 15
1160 1161 6
1161 1160 6
1161 1162 10
1162 1161 10
1161 1215 15
1215 1161 15
1162 1163 7
1163 1162 7
1163 1164 5
1164 1163 5
1163 1217 11
1217 1163 11
1164 1165 11
1165 1164 11
1165 1219 15
1219 1165 15
1166 1167 17
1167 1166 17
1167 1168 4
1168 1167 4
1167 1221 2
1221 1167 2
1168 1169 1
1169 1168 1
1169 1223 4
1223 1169 4
1170 1171 10
1171 1170 10
1171 1172 3
1172 1171 3
1171 1225 4
1225 1171 4
1173 1174 1
1174 1173 1
1173 1227 4
1227 1173 4
1174 1175 18
1175 1174 18
1175 1176 19
1176 1175 19
1177 1178 15
1178 1177 15
1177 1231 18
1231 1177 18
1178 1179 9
1179 1178 9
1179 1180 4
1180 1179 4
1179 1233 11
1233 1179 11
1180 1181 4
1181 1180 4
1181 1182 2
1182 1181 2
1181 1235 12
1235 1181 12
1182 1183 11
1183 1182 11
1183 1184 12
1184 1183 12
1183 1237 18
1237 1183 18
1184 1185 7
1185 1184 7
1185 1186 10
1186 1185 10
1185 1239 7
1239 1185 7
1187 1241 18
1241 1187 18
1188 1189 8
1189 1188 8
1188 1242 3
1242 1188 3
1189 1190 4
1190 1189 4
1190 1191 18
1191 1190 18
1191 1192 10
1192 1191 10
1192 1193 1
1193 1192 1
1192 1246 11
1246 1192 11
1193 1194 13
1194 1193 13
1194 1195 3
1195 1194 3
1194 1248 18
1248 1194 18
1195 1196 11
1196 1195 11
1196 1197 14
1197 1196 14
1196 1250 4
1250 1196 4
1197 1198 12
1198 1197 12
1198 1199 17
1199 1198 17
1198 1252 11
1252 1198 11
1199 1200 15
1200 1199 15
1200 1201 14
1201 1200 14
1201 1202 5
1202 1201 5
1202 1203 5
1203 1202 5
1202 1256 9
1256 1202 9
1203 1204 7
1204 1203 7
1204 1205 10
1205 1204 10
1205 1206 13
1206 1205 13
1206 1207 10
1207 1206 10
1206 1260 16
1260 1206 16
1207 1208 17
1208 1207 17
1208 1209 1
1209 1208 1
1208 1262 1
1262 1208 1
1209 1210 15
1210 1209 15
1210 1211 11
1211 1210 11
1210 1264 15
1264 1210 15
1212 1213 17
1213 1212 17
1213 1214 7
1214 1213 7
1214 1215 10
1215 1214 10
1214 1268 13
1268 1214 13
1215 1216 5
1216 1215 5
1216 1217 5
1217 1216 5
1216 1270 18
1270 1216 18
1217 1218 8
1218 1217 8
1218 1219 1
1219 1218 1
1218 1272 17
1272 1218 17
1219 1220 9
1220 1219 9
1220 1221 10
1221 1220 10
1222 1223 12
1223 1222 12
1222 1276 5
1276 1222 5
1223 1224 5
1224 1223 5
1224 1225 10
1225 1224 10
1224 1278 8
1278 1224 8
1225 1226 14
1226 1225 14
1226 1227 1
1227 1226 1
1227 1228 1
1228 1227 1
1228 1229 14
1229 1228 14
1229 1230 16
1230 1229 16
1230 1231 1
1231 1230 1
1230 1284 14
1284 1230 14
1231 1232 5
1232 1231 5
1232 1233 17
1233 1232 17
1233 1234 4
1234 1233 4
1234 1235 12
1235 1234 12
1234 1288 12
1288 1234 12
1235 1236 8
1236 1235 8
1236 1237 6
1237 1236 6
1236 1290 18
1290 1236 18
1237 1238 17
1238 1237 17
1238 1239 8
1239 1238 8
1238 1292 16
1292 1238 16
1239 1240 15
1240 1239 15
1240 1241 16
1241 1240 16
1240 1294 15
1294 1240 15
1242 1243 12
1243 1242 12
1243 1244 6
1244 1243 6
1244 1245 6
1245 1244 6
1245 1246 16
1246 1245 16
1245 1299 8
1299 1245 8
1246 1247 6
1247 1246 6
1247 1248 19
1248 1247 19
1247 1301 18
1301 1247 18
1249 1250 1
1250 1249 1
1249 1303 2
1303 1249 2
1251 1252 9
1252 1251 9
1251 1305 16
1305 1251 16
1252 1253 7
1253 1252 7
1253 1254 6
1254 1253 6
1253 1307 12
1307 1253 12
1254 1255 3
1255 1254 3
1255 1256 4
1256 1255 4
1255 1309 11
1309 1255 11
1257 1258 14
1258 1257 14
1257 1311 5
1311 1257 5
1259 1313 4
1313 1259 4
1260 1261 18
1261 1260 18
1261 1262 12
1262 1261 12
1261 1315 10
1315 1261 10
1262 1263 7
1263 1262 7
1263 1264 13
1264 1263 13
1263 1317 18
1317 1263 18
1264 1265 12
1265 1264 12
1265 1319 3
1319 1265 3
1266 1267 7
1267 1266 7
1267 1268 1
1268 1267 1
1267 1321 10
1321 1267 10
1268 1269 8
1269 1268 8
1269 1270 8
1270 1269 8
1269 1323 13
1323 1269 13
1270 1271 18
1271 1270 18
1271 1272 12
1272 1271 12
1272 1273 15
1273 1272 15
1273 1274 17
1274 1273 17
1273 1327 14
1327 1273 14
1274 1275 13
1275 1274 13
1275 1276 9
1276 1275 9
1275 1329 15
1329 1275 15
1276 1277 3
1277 1276 3
1277 1278 13
1278 1277 13
1279 1280 14
1280 1279 14
1279 1333 19
1333 1279 19
1280 1281 4
1281 1280 4
1281 1282 8
1282 1281 8
1281 1335 13
1335 1281 13
1282 1283 1
1283 1282 1
1283 1284 15
1284 1283 15
1283 1337 3
1337 1283 3
1284 1285 12
1285 1284 12
1285 1286 5
1286 1285 5
1285 1339 3
1339 1285 3
1286 1287 3
1287 1286 3
1287 1341 15
1341 1287 15
1288 1289 19
1289 1288 19
1289 1290 15
1290 1289 15
1289 1343 17
1343 1289 17
1290 1291 13
1291 1290 13
1291 1345 8
1345 1291 8
1292 1293 17
1293 1292 17
1293 1294 12
1294 1293 12
1293 1347 16
1347 1293 16
1294 1295 13
1295 1294 13
1295 1349 14
1349 1295 14
1296 1350 1
1350 1296 1
1297 1298 8
1298 1297 8
1298 1299 18
1299 1298 18
1298 1352 2
1352 1298 2
1299 1300 13
1300 1299 13
1300 1301 14
1301 1300 14
1300 1354 16
1354 1300 16
1302 1303 15
1303 1302 15
1302 1356 7
1356 1302 7
1303 1304 3
1304 1303 3
1304 1305 15
1305 1304 15
1304 1358 19
1358 1304 19
1305 1306 7
1306 1305 7
1306 1307 3
1307 1306 3
1306 1360 18
1360 1306 18
1307 1308 11
1308 1307 11
1308 1309 18
1309 1308 18
1308 1362 9
1362 1308 9
1309 1310 7
1310 1309 7
1310 1364 18
1364 1310 18
1311 1312 3
1312 1311 3
1312 1313 9
1313 1312 9
1312 1366 9
1366 1312 9
1314 1315 11
1315 1314 11
1314 1368 9
1368 1314 9
1315 1316 17
1316 1315 17
1316 1317 1
1317 1316 1
1316 1370 19
1370 1316 19
1317 1318 10
1318 1317 10
1318 1319 18
1319 1318 18
1318 1372 16
1372 1318 16
1319 1320 13
1320 1319 13
1320 1321 11
1321 1320 11
1320 1374 6
1374 1320 6
1321 1322 14
1322 1321 14
1322 1323 14
1323 1322 14
1322 1376 1
1376 1322 1
1323 1324 11
1324 1323 11
1324 1325 7
1325 1324 7
1325 1326 12
1326 1325 12
1326 1380 14
1380 1326 14
1327 1328 12
1328 1327 12
1328 1329 13
1329 1328 13
1329 1330 8
1330 1329 8
1330 1331 14
1331 1330 14
1330 1384 1
1384 1330 1
1332 1386 7
1386 1332 7
1333 1334 3
1334 1333 3
1334 1388 12
1388 1334 12
1335 1336 15
1336 1335 15
1336 1337 11
1337 1336 11
1336 1390 3
1390 1336 3
1337 1338 4
1338 1337 4
1338 1339 7
1339 1338 7
1338 1392 9
1392 1338 9
1339 1340 12
1340 1339 12
1340 1341 13
1341 1340 13
1340 1394 12
1394 1340 12
1341 1342 8
1342 1341 8
1342 1343 2
1343 1342 2
1343 1344 17
1344 1343 17
1344 1345 14
1345 1344 14
1345 1346 6
1346 1345 6
1346 1347 16
1347 1346 16
1346 1400 6
1400 1346 6
1347 1348 16
1348 1347 16
1348 1402 17
1402 1348 17
1350 1351 14
1351 1350 14
1351 1352 14
1352 1351 14
1351 1404 1
1404 1351 1
1352 1353 6
1353 1352 6
1353 1354 17
1354 1353 17
1353 1406 5
1406 1353 5
1354 1355 13
1355 1354 13
1355 1356 7
1356 1355 7
1355 1408 19
1408 1355 19
1356 1357 1
1357 1356 1
1357 1358 14
1358 1357 14
1357 1410 12
1410 1357 12
1358 1359 3
1359 1358 3
1359 1360 6
1360 1359 6
1359 1412 10
1412 1359 10
1360 1361 16
1361 1360 16
1361 1362 5
1362 1361 5
1361 1414 16
1414 1361 16
1362 1363 4
1363 1362 4
1363 1364 6
1364 1363 6
1363 1416 7
1416 1363 7
1364 1365 14
1365 1364 14
1365 1366 17
1366 1365 17
1365 1418 17
1418 1365 17
1366 1367 16
1367 1366 16
1367 1420 15
1420 1367 15
1368 1369 7
1369 1368 7
1369 1370 13
1370 1369 13
1369 1422 17
1422 1369 17
1370 1371 16
1371 1370 16
1371 1424 2
1424 1371 2
1372 1373 5
1373 1372 5
1373 1374 2
1374 1373 2
1373 1426 17
1426 1373 17
1374 1375 15
1375 1374 15
1375 1376 8
1376 1375 8
1375 1428 8
1428 1375 8
1376 1377 13
1377 1376 13
1377 1378 17
1378 1377 17
1378 1379 5
1379 1378 5
1379 1380 16
1380 1379 16
1379 1432 4
1432 1379 4
1380 1381 16
1381 1380 16
1381 1382 1
1382 1381 1
1381 1434 3
1434 1381 3
1383 1384 18
1384 1383 18
1384 1385 1
1385 1384 1
1385 1386 2
1386 1385 2
1385 1438 15
1438 1385 15
1386 1387 2
1387 1386 2
1387 1388 1
1388 1387 1
1387 1440 10
1440 1387 10
1388 1389 4
1389 1388 4
1389 1390 8
1390 1389 8
1389 1442 8
1442 1389 8
1390 1391 6
1391 1390 6
1391 1444 12
1444 1391 12
1392 1393 18
1393 1392 18
1393 1394 11
1394 1393 11
1393 1446 11
1446 1393 11
1394 1395 15
1395 1394 15
1395 1396 10
1396 1395 10
1395 1448 16
1448 1395 16
1396 1397 19
1397 1396 19
1397 1398 3
1398 1397 3
1398 1399 6
1399 1398 6
1399 1400 1
1400 1399 1
1399 1452 16
1452 1399 16
1400 1401 11
1401 1400 11
1401 1402 13
1402 1401 13
1401 1454 5
1454 1401 5
1402 1403 4
1403 1402 4
1403 1456 11
1456 1403 11
1404 1405 4
1405 1404 4
1405 1406 19
1406 1405 19
1406 1407 18
1407 1406 18
1407 1408 2
1408 1407 2
1408 1409 16
1409 1408 16
1409 1410 6
1410 1409 6
1410 1411 18
1411 1410 18
1411 1412 2
1412 1411 2
1412 1413 12
1413 1412 12
1413 1414 11
1414 1413 11
1414 1415 7
1415 1414 7
1415 1416 7
1416 1415 7
1416 1417 13
1417 1416 13
1417 1418 16
1418 1417 16
1418 1419 18
1419 1418 18
1421 1422 13
1422 1421 13
1423 1424 17
1424 1423 17
1424 1425 11
1425 1424 11
1425 1426 10
1426 1425 10
1426 1427 3
1427 1426 3
1427 1428 16
1428 1427 16
1428 1429 5
1429 1428 5
1429 1430 16
1430 1429 16
1430 1431 1
1431 1430 1
1432 1433 1
1433 1432 1
1433 1434 5
1434 1433 5
1435 1436 6
1436 1435 6
1436 1437 8
1437 1436 8
1437 1438 6
1438 1437 6
1438 1439 3
1439 1438 3
1439 1440 6
1440 1439 6
1440 1441 18
1441 1440 18
1441 1442 3
1442 1441 3
1443 1444 8
1444 1443 8
1444 1445 16
1445 1444 16
1445 1446 13
1446 1445 13
1446 1447 15
1447 1446 15
1447 1448 16
1448 1447 16
1448 1449 15
1449 1448 15
1449 1450 2
1450 1449 2
1450 1451 8
1451 1450 8
1452 1453 14
1453 1452 14
1453 1454 1
1454 1453 1
1454 1455 9
1455 1454 9
1455 1456 10
1456 1455 10
6 395 662 814
7 251 271 779
11 646 943 1067
15 1058 1061 1354
16 912 1244 1310
18 184 1241 1379
20 105 805 983
21 374 450 1259
24 624 925 1229
25 65 136 566
27 403 776 1147
30 201 562 966
31 792 889 1298
32 520 999 1326
33 94 330 592
34 538 810 886
35 501 677 1010
36 901 998 1177
38 492 976 1227
44 359 659 1007
48 588 633 1212
52 60 567 917
53 479 973 1414
61 299 427 840
63 117 353 1356
64 147 927 1436
67 270 504 1155
70 668 1062 1393
71 969 1065 1120
75 137 1352 1357
83 930 1013 1086
84 139 352 443
93 625 702 974
99 246 570 1319
101 205 258 1106
104 533 688 1162
112 654 849 861
113 131 355 899
114 372 1179 1440
116 141 239 1382
118 480 923 994
120 283 477 1392
122 422 578 1381
123 290 760 997
126 975 1136 1161
128 432 935 1199
129 632 842 1094
132 758 794 977
140 232 512 522
142 1006 1024 1122
146 1063 1240 1369
148 491 730 1288
152 256 527 1250
154 274 819 1036
158 1052 1128 1223
166 177 599 1371
168 347 425 1107
169 265 529 1095
175 751 1169 1200
176 344 651 1029
180 627 709 1280
183 657 922 1221
186 285 873 907
187 233 1224 1406
191 287 364 742
192 254 376 499
194 241 612 847
206 596 653 872
208 281 611 1341
210 521 1038 1226
213 379 682 1144
214 325 864 1362
216 721 892 1112
217 676 821 1421
218 868 875 1055
223 273 739 1257
225 526 754 1230
227 582 1151 1397
237 542 829 1081
245 498 816 991
247 1158 1209 1353
261 305 580 604
269 284 314 1214
275 590 774 1135
291 304 987 1133
292 329 869 1409
294 824 1034 1279
296 577 639 1374
297 385 1152 1187
302 831 1205 1320
303 510 767 1045
310 858 1309 1412
313 328 412 1049
318 416 687 1064
327 576 762 989
332 903 929 933
336 1184 1233 1398
350 505 716 1138
360 438 1166 1442
370 671 950 964
380 787 1134 1245
383 675 815 898
384 547 957 1416
393 1312 1386 1427
419 835 1043 1446
420 482 496 572
423 701 880 1125
440 832 904 1315
444 525 753 1047
445 579 652 1020
451 486 586 1077
452 812 951 1113
467 1080 1099 1378
468 937 1239 1297
470 786 1103 1274
483 1108 1163 1191
484 705 715 1225
494 556 1247 1428
500 703 846 948
509 699 800 1419
511 733 878 1030
523 672 1003 1105
532 728 1219 1285
549 711 749 1350
553 593 1176 1327
564 707 750 1142
565 911 1275 1281
587 689 1278 1407
601 764 1091 1299
603 1170 1272 1308
619 822 1385 1437
620 713 906 1234
645 756 972 1292
647 931 1121 1124
650 1203 1293 1370
661 893 940 1183
698 708 1056 1237
710 818 891 1365
725 970 1037 1260
726 995 1019 1282
727 1289 1304 1445
734 1069 1076 1149
744 1145 1196 1238
765 770 845 1057
766 848 1004 1441
768 775 876 1111
772 945 1324 1373
781 920 947 1028
782 1021 1165 1273
877 885 1033 1375
959 1016 1157 1433
984 1186 1210 1253
1054 1079 1254 1311
