592 240 1 240 99
1 2 17
2 1 17
1 22 10
22 1 10
2 3 12
3 2 12
3 4 2
4 3 2
3 24 19
24 3 19
4 5 14
5 4 14
5 6 1
6 5 1
5 26 14
26 5 14
7 8 15
8 7 15
7 28 14
28 7 14
9 10 4
10 9 4
9 30 4
30 9 4
10 11 11
11 10 11
11 12 6
12 11 6
11 32 7
32 11 7
12 13 19
13 12 19
13 14 9
14 13 9
13 34 7
34 13 7
14 15 10
15 14 10
15 36 13
36 15 13
16 17 19
17 16 19
17 18 12
18 17 12
17 38 5
38 17 5
18 19 13
19 18 13
19 20 11
20 19 11
19 40 7
40 19 7
20 21 17
21 20 17
21 42 3
42 21 3
22 23 8
23 22 8
23 24 5
24 23 5
23 45 13
45 23 13
25 26 3
26 25 3
25 47 7
47 25 7
26 27 4
27 26 4
27 28 10
28 27 10
27 49 4
49 27 4
28 29 12
29 28 12
29 30 14
30 29 14
31 53 5
53 31 5
32 33 8
33 32 8
33 34 19
34 33 19
33 55 16
55 33 16
34 35 1
35 34 1
35 36 9
36 35 9
35 57 14
57 35 14
36 37 14
37 36 14
37 38 5
38 37 5
37 59 19
59 37 19
38 39 13
39 38 13
39 40 11
40 39 11
39 61 18
61 39 18
40 41 8
41 40 8
41 42 8
42 41 8
41 63 7
63 41 7
42 43 8
43 42 8
44 45 3
45 44 3
44 66 9
66 44 9
45 46 3
46 45 3
46 47 15
47 46 15
47 48 9
48 47 9
48 49 3
49 48 3
48 70 2
70 48 2
49 50 2
50 49 2
50 51 14
51 50 14
52 53 10
53 52 10
52 74 5
74 52 5
53 54 17
54 53 17
54 55 1
55 54 1
54 76 12
76 54 12
55 56 1
56 55 1
56 57 8
57 56 8
57 58 13
58 57 13
58 59 11
59 58 11
58 80 18
80 58 18
59 60 2
60 59 2
60 61 11
61 60 11
60 82 8
82 60 8
61 62 1
62 61 1
62 63 18
63 62 18
62 84 16
84 62 16
63 64 4
64 63 4
64 65 8
65 64 8
64 86 13
86 64 13
66 67 10
67 66 10
67 68 9
68 67 9
67 89 7
89 67 7
68 69 17
69 68 17
69 70 9
70 69 9
69 91 6
91 69 6
70 71 6
71 70 6
71 72 19
72 71 19
71 93 19
93 71 19
72 73 4
73 72 4
73 74 16
74 73 16
73 95 19
95 73 19
74 75 11
75 74 11
75 76 14
76 75 14
75 97 12
97 75 12
76 77 9
77 76 9
77 78 4
78 77 4
77 99 1
99 77 1
78 79 6
79 78 6
79 80 5
80 79 5
79 101 11
101 79 11
80 81 16
81 80 16
81 82 3
82 81 3
82 83 3
83 82 3
83 105 2
105 83 2
84 85 3
85 84 3
85 86 6
86 85 6
85 107 3
107 85 3
86 87 13
87 86 13
88 89 15
89 88 15
89 90 18
90 89 18
90 91 7
91 90 7
90 112 11
112 90 11
91 92 1
92 91 1
92 93 15
93 92 15
92 114 1
114 92 1
93 94 2
94 93 2
94 95 15
95 94 15
94 116 10
116 94 10
95 96 18
96 95 18
96 97 18
97 96 18
96 118 19
118 96 19
98 99 7
99 98 7
98 120 12
120 98 12
100 101 6
101 100 6
100 122 13
122 100 13
101 102 13
102 101 13
102 103 6
103 102 6
102 124 14
124 102 14
103 104 5
104 103 5
104 126 9
126 104 9
105 106 1
106 105 1
106 107 10
107 106 10
107 108 6
108 107 6
108 109 4
109 108 4
108 130 12
130 108 12
110 111 8
111 110 8
111 112 18
112 111 18
111 133 17
133 111 17
112 113 12
113 112 12
113 114 7
114 113 7
113 135 11
135 113 11
114 115 7
115 114 7
115 116 17
116 115 17
115 137 2
137 115 2
116 117 2
117 116 2
117 118 14
118 117 14
117 139 14
139 117 14
118 119 1
119 118 1
119 120 1
120 119 1
119 141 11
141 119 11
120 121 17
121 120 17
121 122 2
122 121 2
121 143 12
143 121 12
122 123 13
123 122 13
123 124 12
124 123 12
124 125 4
125 124 4
125 126 13
126 125 13
125 147 11
147 125 11
127 128 12
128 127 12
127 149 5
149 127 5
128 129 8
129 128 8
129 151 1
151 129 1
131 153 8
153 131 8
132 133 4
133 132 4
132 154 1
154 132 1
133 134 10
134 133 10
134 135 7
135 134 7
135 136 9
136 135 9
136 137 13
137 136 13
136 158 15
158 136 15
137 138 10
138 137 10
138 139 15
139 138 15
138 160 13
160 138 13
139 140 9
140 139 9
140 141 1
141 140 1
141 142 1
142 141 1
142 143 2
143 142 2
142 164 17
164 142 17
144 145 6
145 144 6
144 166 3
166 144 3
145 146 6
146 145 6
146 147 18
147 146 18
146 168 17
168 146 17
147 148 17
148 147 17
148 149 14
149 148 14
148 170 16
170 148 16
149 150 18
150 149 18
150 151 11
151 150 11
150 172 12
172 150 12
151 152 8
152 151 8
152 153 10
153 152 10
152 174 18
174 152 18
154 155 15
155 154 15
155 156 1
156 155 1
156 157 11
157 156 11
157 158 10
158 157 10
157 179 7
179 157 7
158 159 11
159 158 11
159 160 8
160 159 8
159 181 16
181 159 16
160 161 16
161 160 16
161 162 12
162 161 12
161 183 13
183 161 13
162 163 1
163 162 1
163 164 14
164 163 14
163 185 14
185 163 14
165 166 10
166 165 10
165 187 8
187 165 8
166 167 1
167 166 1
167 168 6
168 167 6
167 189 15
189 167 15
169 170 2
170 169 2
169 191 5
191 169 5
170 171 19
171 170 19
171 172 9
172 171 9
171 193 6
193 171 6
172 173 18
173 172 18
173 174 3
174 173 3
173 195 3
195 173 3
174 175 1
175 174 1
176 177 13
177 176 13
176 198 5
198 176 5
177 178 13
178 177 13
178 179 1
179 178 1
178 200 12
200 178 12
179 180 2
180 179 2
180 181 9
181 180 9
180 202 18
202 180 18
181 182 8
182 181 8
182 183 8
183 182 8
182 204 10
204 182 10
183 184 17
184 183 17
184 185 12
185 184 12
184 206 1
206 184 1
185 186 2
186 185 2
186 187 18
187 186 18
187 188 17
188 187 17
188 189 6
189 188 6
188 210 14
210 188 14
190 191 17
191 190 17
191 192 4
192 191 4
192 214 19
214 192 19
193 194 4
194 193 4
194 195 3
195 194 3
194 216 17
216 194 17
196 197 18
197 196 18
196 218 15
218 196 15
198 199 11
199 198 11
199 200 16
200 199 16
199 220 4
220 199 4
201 202 9
202 201 9
201 222 3
222 201 3
202 203 17
203 202 17
203 204 18
204 203 18
203 224 3
224 203 3
204 205 1
205 204 1
205 206 8
206 205 8
205 226 3
226 205 3
206 207 4
207 206 4
207 208 2
208 207 2
207 228 7
228 207 7
208 209 9
209 208 9
209 210 19
210 209 19
209 230 2
230 209 2
210 211 17
211 210 17
211 212 3
212 211 3
211 232 7
232 211 7
212 213 11
213 212 11
213 214 1
214 213 1
213 234 11
234 213 11
214 215 14
215 214 14
215 216 14
216 215 14
215 236 4
236 215 4
216 217 4
217 216 4
217 218 10
218 217 10
217 238 1
238 217 1
218 219 17
219 218 17
219 240 5
240 219 5
220 221 6
221 220 6
221 222 18
222 221 18
223 224 17
224 223 17
224 225 12
225 224 12
225 226 12
226 225 12
227 228 5
228 227 5
229 230 7
230 229 7
230 231 17
231 230 17
231 232 9
232 231 9
232 233 18
233 232 18
234 235 13
235 234 13
237 238 1
238 237 1
238 239 3
239 238 3
239 240 7
240 239 7
1 180
2 100
4 168
5 94
6 61
7 155
8 67
9 178
10 183
11 33
12 222
14 240
16 119
17 99
19 130
21 95
22 212
23 217
24 156
25 205
27 110
28 159
29 171
30 223
31 79
32 192
34 102
35 73
36 216
37 197
38 49
39 139
40 124
41 74
43 150
44 147
45 191
46 175
47 239
48 129
51 173
52 188
53 186
55 179
56 151
57 66
58 198
59 141
60 89
62 92
65 190
68 172
69 233
70 148
72 177
75 127
76 234
78 237
81 204
82 138
83 137
84 118
86 152
87 232
88 93
90 131
97 133
98 187
101 162
105 182
106 215
108 161
111 220
112 135
114 143
116 157
117 149
120 199
122 200
123 176
125 218
126 214
132 236
136 146
140 158
142 169
144 227
154 189
163 193
164 231
165 185
166 206
167 211
170 184
195 228
196 209
202 235
203 230
208 225
