2012 798 1 798 447
1 2 18
2 1 18
1 40 16
40 1 16
3 4 5
4 3 5
3 42 7
42 3 7
5 6 17
6 5 17
5 44 15
44 5 15
6 7 3
7 6 3
7 8 1
8 7 1
8 9 15
9 8 15
9 48 13
48 9 13
10 11 10
11 10 10
11 12 1
12 11 1
11 50 15
50 11 15
12 13 7
13 12 7
13 14 1
14 13 1
13 52 13
52 13 13
15 16 14
16 15 14
15 54 19
54 15 19
16 17 11
17 16 11
17 18 12
18 17 12
17 56 15
56 17 15
19 20 7
20 19 7
19 58 17
58 19 17
20 21 6
21 20 6
21 22 9
22 21 9
21 60 7
60 21 7
22 23 15
23 22 15
24 25 14
25 24 14
25 26 18
26 25 18
25 64 13
64 25 13
26 27 13
27 26 13
27 28 2
28 27 2
27 66 1
66 27 1
28 29 16
29 28 16
29 30 6
30 29 6
29 68 8
68 29 8
30 31 11
31 30 11
31 32 11
32 31 11
33 34 3
34 33 3
34 35 11
35 34 11
35 36 18
36 35 18
36 37 12
37 36 12
37 76 8
76 37 8
38 39 10
39 38 10
39 78 12
78 39 12
40 41 1
41 40 1
41 42 6
42 41 6
41 81 8
81 41 8
42 43 16
43 42 16
43 44 10
44 43 10
43 83 3
83 43 3
44 45 9
45 44 9
45 46 10
46 45 10
45 85 12
85 45 12
46 47 1
47 46 1
47 48 15
48 47 15
48 49 1
49 48 1
49 50 10
50 49 10
49 89 13
89 49 13
50 51 12
51 50 12
51 52 8
52 51 8
51 91 3
91 51 3
53 54 19
54 53 19
54 55 1
55 54 1
55 56 19
56 55 19
55 95 12
95 55 12
56 57 9
57 56 9
57 58 2
58 57 2
57 97 17
97 57 17
58 59 18
59 58 18
59 60 16
60 59 16
59 99 11
99 59 11
60 61 19
61 60 19
61 62 14
62 61 14
61 101 5
101 61 5
62 63 11
63 62 11
63 64 3
64 63 3
63 103 16
103 63 16
64 65 16
65 64 16
65 66 14
66 65 14
65 105 2
105 65 2
66 67 18
67 66 18
67 68 10
68 67 10
68 69 17
69 68 17
69 70 5
70 69 5
69 109 7
109 69 7
71 72 16
72 71 16
71 111 7
111 71 7
72 73 13
73 72 13
73 74 10
74 73 10
73 113 2
113 73 2
75 76 11
76 75 11
75 115 2
115 75 2
76 77 4
77 76 4
77 78 14
78 77 14
77 117 11
117 77 11
78 79 7
79 78 7
79 119 17
119 79 17
80 81 1
81 80 1
80 120 16
120 80 16
81 82 9
82 81 9
82 83 14
83 82 14
82 122 16
122 82 16
83 84 18
84 83 18
84 85 11
85 84 11
84 124 18
124 84 18
85 86 15
86 85 15
86 87 11
87 86 11
86 126 4
126 86 4
88 89 17
89 88 17
88 128 5
128 88 5
89 90 4
90 89 4
90 91 4
91 90 4
90 130 18
130 90 18
91 92 19
92 91 19
92 93 17
93 92 17
92 132 3
132 92 3
93 94 11
94 93 11
94 95 5
95 94 5
94 134 19
134 94 19
95 96 9
96 95 9
96 136 5
136 96 5
97 98 10
98 97 10
98 99 17
99 98 17
98 138 16
138 98 16
99 100 1
100 99 1
100 101 10
101 100 10
100 140 5
140 100 5
101 102 5
102 101 5
102 103 14
103 102 14
102 142 18
142 102 18
103 104 18
104 103 18
104 144 2
144 104 2
105 106 7
106 105 7
106 107 4
107 106 4
106 146 15
146 106 15
107 108 16
108 107 16
108 109 2
109 108 2
108 148 6
148 108 6
110 111 16
111 110 16
110 150 15
150 110 15
111 112 7
112 111 7
112 152 5
152 112 5
113 114 9
114 113 9
114 115 1
115 114 1
114 154 18
154 114 18
115 116 2
116 115 2
116 117 12
117 116 12
116 156 16
156 116 16
118 119 10
119 118 10
118 158 12
158 118 12
120 121 14
121 120 14
121 122 16
122 121 16
121 161 11
161 121 11
122 123 14
123 122 14
123 124 4
124 123 4
123 163 11
163 123 11
124 125 10
125 124 10
125 126 18
126 125 18
127 128 12
128 127 12
127 167 3
167 127 3
128 129 1
129 128 1
129 130 4
130 129 4
130 131 2
131 130 2
131 132 10
132 131 10
131 171 3
171 131 3
132 133 3
133 132 3
133 134 18
134 133 18
133 173 4
173 133 4
134 135 7
135 134 7
135 136 11
136 135 11
135 175 6
175 135 6
137 138 2
138 137 2
137 177 4
177 137 4
138 139 11
139 138 11
139 179 6
179 139 6
140 141 4
141 140 4
141 142 8
142 141 8
141 181 11
181 141 11
143 144 5
144 143 5
143 183 12
183 143 12
144 145 3
145 144 3
145 146 14
146 145 14
145 185 8
185 145 8
146 147 13
147 146 13
147 148 8
148 147 8
147 187 3
187 147 3
148 149 3
149 148 3
149 150 5
150 149 5
149 189 1
189 149 1
150 151 18
151 150 18
151 152 17
152 151 17
151 191 19
191 151 19
152 153 13
153 152 13
153 193 12
193 153 12
155 156 4
156 155 4
155 195 2
195 155 2
156 157 14
157 156 14
157 158 2
158 157 2
157 197 8
197 157 8
158 159 17
159 158 17
159 199 3
199 159 3
160 161 8
161 160 8
160 200 17
200 160 17
161 162 5
162 161 5
162 202 11
202 162 11
163 164 10
164 163 10
164 165 17
165 164 17
164 204 6
204 164 6
165 166 3
166 165 3
166 167 16
167 166 16
167 168 11
168 167 11
168 169 17
169 168 17
168 208 16
208 168 16
169 170 18
170 169 18
170 171 8
171 170 8
170 210 14
210 170 14
171 172 4
172 171 4
172 212 3
212 172 3
173 174 4
174 173 4
174 175 3
175 174 3
175 176 19
176 175 19
176 177 13
177 176 13
176 216 11
216 176 11
178 179 5
179 178 5
178 218 15
218 178 15
179 180 16
180 179 16
180 181 1
181 180 1
180 220 11
220 180 11
181 182 3
182 181 3
182 183 7
183 182 7
182 222 17
222 182 17
183 184 7
184 183 7
184 185 1
185 184 1
184 224 12
224 184 12
185 186 18
186 185 18
186 187 1
187 186 1
186 226 19
226 186 19
187 188 9
188 187 9
188 228 19
228 188 19
189 190 8
190 189 8
190 191 5
191 190 5
190 230 17
230 190 17
191 192 9
192 191 9
192 193 1
193 192 1
193 194 13
194 193 13
194 234 13
234 194 13
195 196 1
196 195 1
196 197 12
197 196 12
196 236 6
236 196 6
198 238 7
238 198 7
200 201 11
201 200 11
201 202 18
202 201 18
201 241 12
241 201 12
203 204 4
204 203 4
203 243 9
243 203 9
204 205 5
205 204 5
205 206 7
206 205 7
205 245 14
245 205 14
206 207 18
207 206 18
207 208 12
208 207 12
207 247 9
247 207 9
208 209 1
209 208 1
209 249 14
249 209 14
210 211 14
211 210 14
211 212 18
212 211 18
211 251 11
251 211 11
212 213 7
213 212 7
213 214 3
214 213 3
214 215 18
215 214 18
215 216 12
216 215 12
215 255 7
255 215 7
216 217 5
217 216 5
218 219 19
219 218 19
219 220 16
220 219 16
219 259 18
259 219 18
220 221 5
221 220 5
221 222 6
222 221 6
221 261 5
261 221 5
223 224 5
224 223 5
223 263 15
263 223 15
224 225 9
225 224 9
225 226 5
226 225 5
225 265 19
265 225 19
227 228 12
228 227 12
227 267 16
267 227 16
228 229 16
229 228 16
229 230 1
230 229 1
229 269 17
269 229 17
230 231 5
231 230 5
231 232 15
232 231 15
231 271 4
271 231 4
232 233 14
233 232 14
233 234 8
234 233 8
233 273 2
273 233 2
234 235 16
235 234 16
235 236 15
236 235 15
237 238 16
238 237 16
237 277 2
277 237 2
238 239 9
239 238 9
239 279 4
279 239 4
240 241 11
241 240 11
240 280 10
280 240 10
241 242 17
242 241 17
242 243 2
243 242 2
242 282 3
282 242 3
244 284 16
284 244 16
245 246 18
246 245 18
246 247 10
247 246 10
247 248 16
248 247 16
248 249 18
249 248 18
249 250 17
250 249 17
250 251 15
251 250 15
250 290 6
290 250 6
251 252 4
252 251 4
252 253 4
253 252 4
252 292 11
292 252 11
253 254 19
254 253 19
254 255 16
255 254 16
254 294 9
294 254 9
255 256 3
256 255 3
256 257 15
257 256 15
257 258 14
258 257 14
258 298 17
298 258 17
259 260 1
260 259 1
260 261 15
261 260 15
260 300 14
300 260 14
261 262 7
262 261 7
262 263 18
263 262 18
262 302 4
302 262 4
263 264 14
264 263 14
264 304 4
304 264 4
265 266 6
266 265 6
266 306 8
306 266 8
267 268 4
268 267 4
268 269 10
269 268 10
268 308 12
308 268 12
269 270 1
270 269 1
270 310 1
310 270 1
271 272 15
272 271 15
272 312 3
312 272 3
273 274 3
274 273 3
274 275 2
275 274 2
274 314 6
314 274 6
275 276 17
276 275 17
276 277 5
277 276 5
276 316 8
316 276 8
277 278 12
278 277 12
278 279 9
279 278 9
278 318 19
318 278 19
280 281 2
281 280 2
281 282 11
282 281 11
281 321 6
321 281 6
282 283 7
283 282 7
283 284 15
284 283 15
283 323 19
323 283 19
284 285 16
285 284 16
285 286 11
286 285 11
285 325 8
325 285 8
286 287 15
287 286 15
287 288 9
288 287 9
287 327 2
327 287 2
288 289 4
289 288 4
289 290 17
290 289 17
290 291 15
291 290 15
291 292 17
292 291 17
291 331 8
331 291 8
292 293 16
293 292 16
293 294 4
294 293 4
293 333 16
333 293 16
295 296 16
296 295 16
295 335 18
335 295 18
296 297 9
297 296 9
297 298 10
298 297 10
297 337 1
337 297 1
298 299 6
299 298 6
299 300 13
300 299 13
299 339 12
339 299 12
300 301 10
301 300 10
301 302 1
302 301 1
301 341 18
341 301 18
303 304 4
304 303 4
303 343 11
343 303 11
304 305 13
305 304 13
305 345 10
345 305 10
306 307 1
307 306 1
307 308 2
308 307 2
307 347 10
347 307 10
308 309 17
309 308 17
309 349 16
349 309 16
310 311 1
311 310 1
311 351 17
351 311 17
312 313 11
313 312 11
313 314 12
314 313 12
313 353 7
353 313 7
314 315 12
315 314 12
315 316 7
316 315 7
315 355 3
355 315 3
316 317 15
317 316 15
318 319 10
319 318 10
319 359 15
359 319 15
320 321 17
321 320 17
320 360 1
360 320 1
321 322 14
322 321 14
322 323 3
323 322 3
322 362 17
362 322 17
323 324 5
324 323 5
324 364 8
364 324 8
325 326 16
326 325 16
326 327 3
327 326 3
327 328 1
328 327 1
328 329 16
329 328 16
328 368 4
368 328 4
329 330 1
330 329 1
330 331 9
331 330 9
330 370 4
370 330 4
331 332 12
332 331 12
332 333 7
333 332 7
332 372 1
372 332 1
333 334 17
334 333 17
334 335 14
335 334 14
334 374 5
374 334 5
335 336 16
336 335 16
336 337 12
337 336 12
336 376 5
376 336 5
337 338 14
338 337 14
338 339 8
339 338 8
338 378 10
378 338 10
339 340 14
340 339 14
340 341 16
341 340 16
340 380 18
380 340 18
341 342 14
342 341 14
342 343 14
343 342 14
342 382 16
382 342 16
343 344 3
344 343 3
344 345 13
345 344 13
344 384 18
384 344 18
346 386 19
386 346 19
347 348 12
348 347 12
348 388 10
388 348 10
349 350 1
350 349 1
350 351 16
351 350 16
350 390 19
390 350 19
351 352 10
352 351 10
352 353 8
353 352 8
352 392 6
392 352 6
353 354 3
354 353 3
354 394 11
394 354 11
355 356 7
356 355 7
356 357 1
357 356 1
356 396 9
396 356 9
357 358 2
358 357 2
358 359 8
359 358 8
358 398 7
398 358 7
360 361 13
361 360 13
361 362 17
362 361 17
361 401 4
401 361 4
362 363 10
363 362 10
363 364 1
364 363 1
363 403 15
403 363 15
364 365 3
365 364 3
365 366 19
366 365 19
365 405 15
405 365 15
366 367 18
367 366 18
367 368 4
368 367 4
367 407 6
407 367 6
368 369 4
369 368 4
369 370 9
370 369 9
369 409 1
409 369 1
371 372 7
372 371 7
371 411 12
411 371 12
372 373 17
373 372 17
373 413 11
413 373 11
374 375 14
375 374 14
375 376 16
376 375 16
375 415 18
415 375 18
376 377 19
377 376 19
377 378 2
378 377 2
377 417 11
417 377 11
378 379 7
379 378 7
379 380 9
380 379 9
379 419 3
419 379 3
380 381 13
381 380 13
381 382 2
382 381 2
382 383 10
383 382 10
383 423 9
423 383 9
384 385 5
385 384 5
385 386 16
386 385 16
385 425 18
425 385 18
387 388 11
388 387 11
387 427 11
427 387 11
388 389 10
389 388 10
389 390 8
390 389 8
389 429 16
429 389 16
390 391 8
391 390 8
391 392 11
392 391 11
391 431 4
431 391 4
392 393 3
393 392 3
393 394 8
394 393 8
393 433 8
433 393 8
394 395 16
395 394 16
395 396 6
396 395 6
395 435 11
435 395 11
396 397 6
397 396 6
397 398 17
398 397 17
397 437 17
437 397 17
398 399 16
399 398 16
400 401 3
401 400 3
400 440 4
440 400 4
401 402 9
402 401 9
402 403 12
403 402 12
402 442 19
442 402 19
403 404 4
404 403 4
404 405 5
405 404 5
405 406 5
406 405 5
406 407 7
407 406 7
407 408 18
408 407 18
408 409 7
409 408 7
408 448 7
448 408 7
409 410 11
410 409 11
410 450 17
450 410 17
411 412 3
412 411 3
412 452 12
452 412 12
413 414 13
414 413 13
414 415 11
415 414 11
414 454 5
454 414 5
415 416 13
416 415 13
416 417 8
417 416 8
416 456 3
456 416 3
417 418 4
418 417 4
418 419 17
419 418 17
418 458 16
458 418 16
419 420 11
420 419 11
420 421 8
421 420 8
420 460 2
460 420 2
421 422 10
422 421 10
422 423 4
423 422 4
422 462 18
462 422 18
424 425 4
425 424 4
424 464 2
464 424 2
425 426 9
426 425 9
426 427 12
427 426 12
426 466 3
466 426 3
427 428 11
428 427 11
428 429 17
429 428 17
428 468 11
468 428 11
429 430 17
430 429 17
430 470 12
470 430 12
431 432 15
432 431 15
432 433 8
433 432 8
433 434 10
434 433 10
434 435 17
435 434 17
434 474 15
474 434 15
435 436 1
436 435 1
436 476 15
476 436 15
437 438 3
438 437 3
438 439 7
439 438 7
438 478 5
478 438 5
441 442 14
442 441 14
442 443 4
443 442 4
443 444 8
444 443 8
443 483 16
483 443 16
444 445 7
445 444 7
445 485 1
485 445 1
446 447 12
447 446 12
447 448 3
448 447 3
447 487 14
487 447 14
448 449 1
449 448 1
449 489 14
489 449 14
451 491 5
491 451 5
452 453 15
453 452 15
453 454 1
454 453 1
453 493 15
493 453 15
454 455 17
455 454 17
455 456 1
456 455 1
455 495 8
495 455 8
456 457 15
457 456 15
457 458 4
458 457 4
457 497 18
497 457 18
458 459 19
459 458 19
459 460 6
460 459 6
459 499 17
499 459 17
460 461 1
461 460 1
461 462 7
462 461 7
461 501 5
501 461 5
462 463 7
463 462 7
463 464 13
464 463 13
463 503 8
503 463 8
464 465 13
465 464 13
465 466 15
466 465 15
465 505 5
505 465 5
466 467 11
467 466 11
467 468 1
468 467 1
467 507 18
507 467 18
468 469 14
469 468 14
469 470 18
470 469 18
469 509 1
509 469 1
471 511 10
511 471 10
472 473 1
473 472 1
473 474 17
474 473 17
473 513 14
513 473 14
474 475 2
475 474 2
475 476 5
476 475 5
475 515 15
515 475 15
476 477 10
477 476 10
477 478 17
478 477 17
477 517 9
517 477 9
478 479 16
479 478 16
479 519 18
519 479 18
480 481 3
481 480 3
481 482 14
482 481 14
482 483 2
483 482 2
482 522 19
522 482 19
483 484 8
484 483 8
484 485 18
485 484 18
484 524 4
524 484 4
485 486 2
486 485 2
486 487 10
487 486 10
487 488 4
488 487 4
488 489 16
489 488 16
488 528 14
528 488 14
490 491 15
491 490 15
490 530 4
530 490 4
491 492 16
492 491 16
492 493 15
493 492 15
492 532 9
532 492 9
493 494 14
494 493 14
494 495 16
495 494 16
494 534 11
534 494 11
495 496 4
496 495 4
496 497 16
497 496 16
496 536 13
536 496 13
497 498 10
498 497 10
498 499 4
499 498 4
499 500 13
500 499 13
500 501 3
501 500 3
501 502 7
502 501 7
502 503 5
503 502 5
502 542 9
542 502 9
503 504 13
504 503 13
504 505 5
505 504 5
504 544 9
544 504 9
505 506 14
506 505 14
506 507 13
507 506 13
507 508 12
508 507 12
508 509 7
509 508 7
508 548 7
548 508 7
509 510 1
510 509 1
510 511 18
511 510 18
510 550 8
550 510 8
511 512 16
512 511 16
512 513 11
513 512 11
513 514 15
514 513 15
514 515 2
515 514 2
514 554 16
554 514 16
515 516 9
516 515 9
516 517 1
517 516 1
516 556 18
556 516 18
517 518 3
518 517 3
518 519 14
519 518 14
518 558 10
558 518 10
520 521 18
521 520 18
521 522 7
522 521 7
521 561 15
561 521 15
522 523 12
523 522 12
523 563 8
563 523 8
524 525 13
525 524 13
525 526 19
526 525 19
525 565 7
565 525 7
526 527 1
527 526 1
527 528 6
528 527 6
527 567 10
567 527 10
528 529 1
529 528 1
529 530 12
530 529 12
529 569 6
569 529 6
530 531 2
531 530 2
533 534 3
534 533 3
533 573 2
573 533 2
534 535 14
535 534 14
535 536 19
536 535 19
535 575 18
575 535 18
536 537 16
537 536 16
537 538 12
538 537 12
537 577 5
577 537 5
538 539 17
539 538 17
539 540 8
540 539 8
539 579 7
579 539 7
541 542 10
542 541 10
541 581 3
581 541 3
543 544 7
544 543 7
544 545 18
545 544 18
545 546 15
546 545 15
545 585 13
585 545 13
546 547 4
547 546 4
547 548 7
548 547 7
547 587 12
587 547 12
548 549 17
549 548 17
549 550 13
550 549 13
549 589 11
589 549 11
550 551 18
551 550 18
551 552 13
552 551 13
551 591 19
591 551 19
552 553 4
553 552 4
553 593 2
593 553 2
554 555 11
555 554 11
555 556 12
556 555 12
556 557 1
557 556 1
557 597 17
597 557 17
558 559 8
559 558 8
559 599 15
599 559 15
560 561 16
561 560 16
560 600 2
600 560 2
561 562 1
562 561 1
562 563 9
563 562 9
564 565 1
565 564 1
564 604 10
604 564 10
565 566 1
566 565 1
566 567 12
567 566 12
566 606 1
606 566 1
567 568 15
568 567 15
568 569 9
569 568 9
568 608 14
608 568 14
569 570 15
570 569 15
570 571 11
571 570 11
571 572 17
572 571 17
572 573 13
573 572 13
572 612 16
612 572 16
573 574 12
574 573 12
574 575 12
575 574 12
574 614 14
614 574 14
575 576 18
576 575 18
576 577 19
577 576 19
576 616 13
616 576 13
577 578 13
578 577 13
578 579 1
579 578 1
578 618 13
618 578 13
579 580 4
580 579 4
580 581 7
581 580 7
580 620 14
620 580 14
581 582 16
582 581 16
583 584 1
584 583 1
584 585 12
585 584 12
584 624 2
624 584 2
585 586 15
586 585 15
586 587 7
587 586 7
586 626 15
626 586 15
587 588 5
588 587 5
588 589 2
589 588 2
588 628 7
628 588 7
589 590 1
590 589 1
590 591 4
591 590 4
592 593 9
593 592 9
592 632 4
632 592 4
593 594 6
594 593 6
594 634 19
634 594 19
595 596 7
596 595 7
596 597 9
597 596 9
596 636 8
636 596 8
597 598 9
598 597 9
598 599 3
599 598 3
598 638 19
638 598 19
601 602 17
602 601 17
601 641 10
641 601 10
602 603 11
603 602 11
603 604 9
604 603 9
603 643 19
643 603 19
604 605 11
605 604 11
605 606 6
606 605 6
605 645 8
645 605 8
606 607 1
607 606 1
607 608 2
608 607 2
608 609 1
609 608 1
609 610 16
610 609 16
609 649 4
649 609 4
610 611 7
611 610 7
611 612 11
612 611 11
611 651 6
651 611 6
612 613 5
613 612 5
613 614 12
614 613 12
613 653 16
653 613 16
615 616 12
616 615 12
615 655 1
655 615 1
616 617 1
617 616 1
617 618 13
618 617 13
617 657 11
657 617 11
618 619 15
619 618 15
619 620 1
620 619 1
619 659 13
659 619 13
620 621 18
621 620 18
621 622 11
622 621 11
621 661 12
661 621 12
622 623 1
623 622 1
623 624 13
624 623 13
623 663 13
663 623 13
625 665 6
665 625 6
626 627 5
627 626 5
627 628 6
628 627 6
627 667 12
667 627 12
628 629 2
629 628 2
629 669 19
669 629 19
630 631 12
631 630 12
631 632 12
632 631 12
631 671 8
671 631 8
632 633 4
633 632 4
633 634 11
634 633 11
633 673 16
673 633 16
634 635 18
635 634 18
635 636 2
636 635 2
636 637 14
637 636 14
637 638 18
638 637 18
637 677 7
677 637 7
638 639 1
639 638 1
639 679 19
679 639 19
640 641 1
641 640 1
640 680 1
680 640 1
641 642 6
642 641 6
643 644 15
644 643 15
644 645 12
645 644 12
644 684 13
684 644 13
645 646 4
646 645 4
646 647 7
647 646 7
647 648 1
648 647 1
648 649 3
649 648 3
648 688 6
688 648 6
649 650 9
650 649 9
650 651 8
651 650 8
650 690 5
690 650 5
651 652 15
652 651 15
652 653 12
653 652 12
652 692 11
692 652 11
653 654 17
654 653 17
654 655 9
655 654 9
654 694 19
694 654 19
655 656 18
656 655 18
656 657 2
657 656 2
657 658 14
658 657 14
658 659 4
659 658 4
658 698 2
698 658 2
660 661 3
661 660 3
660 700 15
700 660 15
661 662 2
662 661 2
662 663 10
663 662 10
662 702 12
702 662 12
663 664 16
664 663 16
664 665 18
665 664 18
664 704 14
704 664 14
666 667 3
667 666 3
666 706 12
706 666 12
667 668 5
668 667 5
668 669 18
669 668 18
668 708 18
708 668 18
669 670 9
670 669 9
670 671 15
671 670 15
671 672 1
672 671 1
672 673 10
673 672 10
672 712 8
712 672 8
673 674 5
674 673 5
674 675 15
675 674 15
674 714 13
714 674 13
675 676 3
676 675 3
676 677 12
677 676 12
676 716 17
716 676 17
677 678 12
678 677 12
678 679 8
679 678 8
678 718 5
718 678 5
681 682 11
682 681 11
681 721 2
721 681 2
682 683 10
683 682 10
683 684 12
684 683 12
683 723 2
723 683 2
684 685 18
685 684 18
685 686 2
686 685 2
685 725 16
725 685 16
686 687 5
687 686 5
687 727 9
727 687 9
688 689 6
689 688 6
689 690 18
690 689 18
689 729 7
729 689 7
690 691 10
691 690 10
691 692 19
692 691 19
691 731 10
731 691 10
692 693 8
693 692 8
693 694 17
694 693 17
693 733 16
733 693 16
694 695 16
695 694 16
695 696 1
696 695 1
695 735 17
735 695 17
696 697 1
697 696 1
697 698 12
698 697 12
698 699 2
699 698 2
699 700 12
700 699 12
699 739 3
739 699 3
700 701 2
701 700 2
701 702 7
702 701 7
701 741 17
741 701 17
703 704 16
704 703 16
703 743 16
743 703 16
704 705 9
705 704 9
705 706 13
706 705 13
705 745 8
745 705 8
706 707 4
707 706 4
707 708 7
708 707 7
707 747 14
747 707 14
708 709 12
709 708 12
709 710 10
710 709 10
709 749 16
749 709 16
710 711 10
711 710 10
711 712 10
712 711 10
711 751 7
751 711 7
713 714 3
714 713 3
713 753 19
753 713 19
714 715 1
715 714 1
715 716 4
716 715 4
715 755 15
755 715 15
716 717 8
717 716 8
717 718 18
718 717 18
717 757 19
757 717 19
718 719 7
719 718 7
719 759 1
759 719 1
720 721 14
721 720 14
721 722 9
722 721 9
722 723 10
723 722 10
722 762 1
762 722 1
723 724 3
724 723 3
724 725 8
725 724 8
724 764 7
764 724 7
725 726 10
726 725 10
726 727 4
727 726 4
726 766 8
766 726 8
728 729 16
729 728 16
728 768 19
768 728 19
729 730 5
730 729 5
730 770 12
770 730 12
731 732 9
732 731 9
732 733 18
733 732 18
732 772 10
772 732 10
734 735 12
735 734 12
735 736 6
736 735 6
736 737 12
737 736 12
736 776 19
776 736 19
737 738 16
738 737 16
738 739 17
739 738 17
738 778 17
778 738 17
739 740 8
740 739 8
740 741 9
741 740 9
740 780 17
780 740 17
741 742 8
742 741 8
742 743 18
743 742 18
742 782 1
782 742 1
743 744 14
744 743 14
744 745 1
745 744 1
744 784 15
784 744 15
746 747 12
747 746 12
746 786 1
786 746 1
747 748 12
748 747 12
748 749 2
749 748 2
748 788 17
788 748 17
749 750 15
750 749 15
750 751 10
751 750 10
750 790 9
790 750 9
751 752 6
752 751 6
752 753 9
753 752 9
752 792 19
792 752 19
754 755 8
755 754 8
754 794 12
794 754 12
755 756 13
756 755 13
756 757 10
757 756 10
756 796 12
796 756 12
757 758 19
758 757 19
758 759 4
759 758 4
758 798 17
798 758 17
760 761 15
761 760 15
761 762 10
762 761 10
762 763 12
763 762 12
764 765 14
765 764 14
765 766 11
766 765 11
767 768 17
768 767 17
768 769 5
769 768 5
769 770 10
770 769 10
770 771 5
771 770 5
771 772 14
772 771 14
772 773 1
773 772 1
773 774 13
774 773 13
774 775 16
775 774 16
775 776 1
776 775 1
776 777 14
777 776 14
777 778 4
778 777 4
778 779 18
779 778 18
779 780 9
780 779 9
781 782 8
782 781 8
782 783 1
783 782 1
783 784 2
784 783 2
784 785 9
785 784 9
785 786 4
786 785 4
786 787 12
787 786 12
787 788 18
788 787 18
788 789 16
789 788 16
789 790 3
790 789 3
790 791 12
791 790 12
791 792 14
792 791 14
792 793 7
793 792 7
793 794 2
794 793 2
794 795 15
795 794 15
795 796 18
796 795 18
796 797 14
797 796 14
797 798 15
798 797 15
1
2
6
8
10
13
16
17
18
20
21
23
24
28
32
33
36
38
42
45
48
49
50
51
53
55
59
61
62
67
68
69
71
73
74
76
77
78
80
81
82
83
87
88
89
95
96
98
99
100
101
103
106
107
108
109
110
111
112
114
115
117
119
120
121
122
123
124
127
128
130
131
132
133
135
136
138
139
142
145
146
147
148
150
151
157
158
161
163
164
167
168
170
171
172
173
176
177
180
183
185
187
189
190
191
193
197
202
203
204
206
208
210
214
217
221
225
226
228
229
231
232
233
236
238
240
241
242
244
247
249
251
252
253
254
255
256
257
258
260
261
264
266
268
269
270
271
272
274
278
280
283
284
285
286
291
296
297
298
299
302
305
306
307
308
309
310
312
315
318
319
320
322
323
324
325
327
328
329
330
331
334
335
336
338
342
344
346
349
350
351
352
353
354
355
356
357
358
360
363
364
366
368
373
374
375
376
377
379
383
384
386
388
389
390
391
392
393
396
398
402
404
406
408
410
413
415
419
420
422
423
424
425
427
431
434
435
436
437
438
440
441
442
443
448
449
450
451
452
456
458
459
461
463
464
467
468
471
473
475
479
484
486
487
488
489
491
495
499
500
501
503
510
511
512
515
516
517
518
519
520
521
523
524
525
526
529
531
532
533
534
535
538
539
542
544
545
546
547
548
550
551
552
553
554
555
556
557
561
562
564
565
568
569
573
575
577
580
582
587
588
589
590
593
594
595
597
600
601
602
604
606
608
610
612
613
614
617
618
621
623
624
625
626
627
628
630
632
633
634
635
638
640
641
643
646
647
648
649
650
652
654
656
657
658
660
663
664
665
666
667
668
671
674
675
676
679
682
683
685
686
688
689
690
691
692
693
695
696
697
699
700
701
704
705
708
710
711
712
713
714
715
717
718
719
720
724
727
729
731
734
738
739
740
741
743
744
745
749
750
752
753
755
758
761
762
763
764
765
766
768
769
771
772
773
776
777
779
783
784
787
789
792
793
796
797
798
