2352 880 1 880 204
1 2 1
2 1 1
1 42 17
42 1 17
2 3 5
3 2 5
3 44 13
44 3 13
4 5 1
5 4 1
5 6 11
6 5 11
5 46 15
46 5 15
6 7 8
7 6 8
7 8 13
8 7 13
7 48 5
48 7 5
8 9 5
9 8 5
9 10 12
10 9 12
9 50 6
50 9 6
10 11 9
11 10 9
11 12 13
12 11 13
11 52 3
52 11 3
12 13 15
13 12 15
13 14 3
14 13 3
13 54 13
54 13 13
14 15 11
15 14 11
15 16 15
16 15 15
15 56 5
56 15 5
16 17 16
17 16 16
17 18 16
18 17 16
17 58 9
58 17 9
18 19 13
19 18 13
19 20 1
20 19 1
19 60 5
60 19 5
20 21 3
21 20 3
21 22 3
22 21 3
21 62 10
62 21 10
22 23 7
23 22 7
23 24 1
24 23 1
23 64 17
64 23 17
24 25 17
25 24 17
25 26 12
26 25 12
25 66 18
66 25 18
26 27 7
27 26 7
27 28 10
28 27 10
27 68 19
68 27 19
28 29 15
29 28 15
29 30 1
30 29 1
29 70 12
70 29 12
30 31 9
31 30 9
31 32 18
32 31 18
31 72 10
72 31 10
32 33 4
33 32 4
33 34 10
34 33 10
33 74 6
74 33 6
34 35 15
35 34 15
35 36 5
36 35 5
35 76 9
76 35 9
36 37 2
37 36 2
37 38 7
38 37 7
38 39 12
39 38 12
39 40 8
40 39 8
39 80 14
80 39 14
40 41 2
41 40 2
41 82 15
82 41 15
42 43 16
43 42 16
43 44 7
44 43 7
43 85 13
85 43 13
44 45 7
45 44 7
45 46 3
46 45 3
46 47 5
47 46 5
47 48 8
48 47 8
47 89 1
89 47 1
48 49 15
49 48 15
49 50 13
50 49 13
49 91 8
91 49 8
50 51 10
51 50 10
51 52 8
52 51 8
51 93 9
93 51 9
52 53 10
53 52 10
53 95 6
95 53 6
54 55 16
55 54 16
55 56 4
56 55 4
55 97 10
97 55 10
56 57 9
57 56 9
57 58 19
58 57 19
57 99 6
99 57 6
58 59 6
59 58 6
59 60 11
60 59 11
59 101 10
101 59 10
60 61 3
61 60 3
61 62 14
62 61 14
62 63 14
63 62 14
63 64 2
64 63 2
63 105 2
105 63 2
64 65 4
65 64 4
65 66 19
66 65 19
65 107 9
107 65 9
66 67 11
67 66 11
67 68 10
68 67 10
67 109 8
109 67 8
68 69 13
69 68 13
69 70 17
70 69 17
69 111 17
111 69 17
70 71 3
71 70 3
71 72 5
72 71 5
71 113 12
113 71 12
72 73 14
73 72 14
73 74 16
74 73 16
73 115 10
115 73 10
74 75 16
75 74 16
75 76 16
76 75 16
75 117 14
117 75 14
76 77 16
77 76 16
77 78 7
78 77 7
77 119 6
119 77 6
78 79 16
79 78 16
79 80 2
80 79 2
79 121 2
121 79 2
80 81 18
81 80 18
81 82 8
82 81 8
81 123 7
123 81 7
82 83 17
83 82 17
83 125 7
125 83 7
84 85 12
85 84 12
84 126 2
126 84 2
85 86 10
86 85 10
86 87 3
87 86 3
86 128 13
128 86 13
87 88 1
88 87 1
88 89 12
89 88 12
88 130 16
130 88 16
89 90 13
90 89 13
90 91 1
91 90 1
90 132 10
132 90 10
91 92 3
92 91 3
92 93 18
93 92 18
92 134 18
134 92 18
93 94 10
94 93 10
94 95 7
95 94 7
94 136 8
136 94 8
95 96 1
96 95 1
96 97 16
97 96 16
96 138 10
138 96 10
97 98 12
98 97 12
98 99 2
99 98 2
98 140 15
140 98 15
99 100 3
100 99 3
100 101 17
101 100 17
100 142 10
142 100 10
101 102 1
102 101 1
102 103 2
103 102 2
102 144 1
144 102 1
103 104 18
104 103 18
104 105 8
105 104 8
104 146 13
146 104 13
105 106 1
106 105 1
106 107 4
107 106 4
106 148 13
148 106 13
107 108 10
108 107 10
108 109 15
109 108 15
108 150 9
150 108 9
109 110 1
110 109 1
110 111 10
111 110 10
110 152 17
152 110 17
111 112 1
112 111 1
112 113 8
113 112 8
112 154 10
154 112 10
113 114 17
114 113 17
114 115 16
115 114 16
114 156 17
156 114 17
115 116 2
116 115 2
116 117 4
117 116 4
116 158 9
158 116 9
117 118 4
118 117 4
118 119 1
119 118 1
118 160 11
160 118 11
120 121 1
121 120 1
120 162 7
162 120 7
121 122 2
122 121 2
122 123 16
123 122 16
122 164 12
164 122 12
123 124 1
124 123 1
124 125 4
125 124 4
124 166 7
166 124 7
126 127 13
127 126 13
127 128 11
128 127 11
128 129 16
129 128 16
129 130 9
130 129 9
129 171 9
171 129 9
130 131 2
131 130 2
131 173 14
173 131 14
132 133 12
133 132 12
133 134 14
134 133 14
133 175 1
175 133 1
134 135 17
135 134 17
135 136 15
136 135 15
135 177 8
177 135 8
136 137 16
137 136 16
137 138 18
138 137 18
137 179 16
179 137 16
138 139 14
139 138 14
139 140 12
140 139 12
139 181 12
181 139 12
140 141 8
141 140 8
141 142 8
142 141 8
141 183 15
183 141 15
142 143 3
143 142 3
143 144 10
144 143 10
143 185 5
185 143 5
145 146 16
146 145 16
145 187 17
187 145 17
146 147 5
147 146 5
147 148 2
148 147 2
147 189 19
189 147 19
148 149 12
149 148 12
149 150 5
150 149 5
149 191 4
191 149 4
150 151 18
151 150 18
151 152 11
152 151 11
151 193 17
193 151 17
152 153 11
153 152 11
153 195 6
195 153 6
154 155 15
155 154 15
155 156 3
156 155 3
155 197 6
197 155 6
156 157 15
157 156 15
157 158 7
158 157 7
157 199 10
199 157 10
158 159 15
159 158 15
159 160 9
160 159 9
159 201 6
201 159 6
160 161 17
161 160 17
161 162 9
162 161 9
161 203 13
203 161 13
162 163 2
163 162 2
163 164 9
164 163 9
163 205 8
205 163 8
164 165 14
165 164 14
165 166 15
166 165 15
165 207 3
207 165 3
166 167 17
167 166 17
167 209 15
209 167 15
168 169 6
169 168 6
168 210 18
210 168 18
169 170 4
170 169 4
170 171 1
171 170 1
170 212 14
212 170 14
171 172 2
172 171 2
172 173 2
173 172 2
172 214 8
214 172 8
173 174 2
174 173 2
174 216 15
216 174 15
176 177 2
177 176 2
176 218 18
218 176 18
177 178 4
178 177 4
178 179 3
179 178 3
179 180 6
180 179 6
180 181 3
181 180 3
180 222 16
222 180 16
181 182 14
182 181 14
182 183 16
183 182 16
182 224 13
224 182 13
183 184 1
184 183 1
184 185 8
185 184 8
184 226 16
226 184 16
185 186 7
186 185 7
186 187 14
187 186 14
187 188 2
188 187 2
188 189 5
189 188 5
188 230 13
230 188 13
190 191 14
191 190 14
190 232 5
232 190 5
191 192 6
192 191 6
192 193 3
193 192 3
192 234 19
234 192 19
193 194 3
194 193 3
194 195 13
195 194 13
194 236 16
236 194 16
195 196 16
196 195 16
196 197 6
197 196 6
196 238 14
238 196 14
197 198 13
198 197 13
198 199 1
199 198 1
199 200 4
200 199 4
200 201 8
201 200 8
200 242 7
242 200 7
201 202 3
202 201 3
202 203 15
203 202 15
202 244 19
244 202 19
203 204 9
204 203 9
204 205 12
205 204 12
205 206 6
206 205 6
206 207 6
207 206 6
206 248 11
248 206 11
207 208 1
208 207 1
208 209 2
209 208 2
208 250 3
250 208 3
210 211 9
211 210 9
211 212 4
212 211 4
211 253 8
253 211 8
212 213 6
213 212 6
213 214 2
214 213 2
213 255 1
255 213 1
214 215 3
215 214 3
215 216 11
216 215 11
215 257 16
257 215 16
216 217 14
217 216 14
217 259 18
259 217 18
218 219 2
219 218 2
219 220 14
220 219 14
219 261 1
261 219 1
220 221 11
221 220 11
221 222 19
222 221 19
221 263 13
263 221 13
222 223 17
223 222 17
223 224 15
224 223 15
224 225 10
225 224 10
225 226 1
226 225 1
225 267 2
267 225 2
226 227 11
227 226 11
227 228 9
228 227 9
227 269 18
269 227 18
228 229 9
229 228 9
229 230 16
230 229 16
230 231 18
231 230 18
231 232 4
232 231 4
231 273 4
273 231 4
232 233 5
233 232 5
233 234 10
234 233 10
233 275 15
275 233 15
235 236 16
236 235 16
235 277 2
277 235 2
236 237 16
237 236 16
237 238 4
238 237 4
237 279 9
279 237 9
238 239 3
239 238 3
239 240 8
240 239 8
239 281 11
281 239 11
240 241 10
241 240 10
241 242 14
242 241 14
241 283 15
283 241 15
242 243 5
243 242 5
243 244 12
244 243 12
243 285 6
285 243 6
244 245 16
245 244 16
245 246 14
246 245 14
245 287 5
287 245 5
246 247 10
247 246 10
247 248 3
248 247 3
247 289 11
289 247 11
248 249 7
249 248 7
249 250 18
250 249 18
249 291 6
291 249 6
251 293 3
293 251 3
252 253 18
253 252 18
252 294 16
294 252 16
253 254 12
254 253 12
254 255 5
255 254 5
254 296 17
296 254 17
255 256 6
256 255 6
256 298 1
298 256 1
257 258 2
258 257 2
258 259 10
259 258 10
258 300 19
300 258 19
259 260 6
260 259 6
260 261 13
261 260 13
260 302 4
302 260 4
261 262 3
262 261 3
262 263 13
263 262 13
262 304 8
304 262 8
263 264 5
264 263 5
264 265 4
265 264 4
264 306 15
306 264 15
265 266 10
266 265 10
266 267 11
267 266 11
266 308 9
308 266 9
267 268 9
268 267 9
268 269 17
269 268 17
268 310 14
310 268 14
270 271 4
271 270 4
270 312 14
312 270 14
271 272 16
272 271 16
272 273 10
273 272 10
272 314 6
314 272 6
273 274 7
274 273 7
274 316 13
316 274 13
275 276 14
276 275 14
276 277 9
277 276 9
276 318 16
318 276 16
277 278 4
278 277 4
278 279 18
279 278 18
278 320 9
320 278 9
279 280 1
280 279 1
280 281 18
281 280 18
281 282 5
282 281 5
282 283 16
283 282 16
282 324 4
324 282 4
283 284 9
284 283 9
284 285 11
285 284 11
284 326 6
326 284 6
285 286 9
286 285 9
286 287 17
287 286 17
286 328 15
328 286 15
287 288 3
288 287 3
288 330 6
330 288 6
289 290 5
290 289 5
290 291 9
291 290 9
291 292 1
292 291 1
292 293 5
293 292 5
292 334 11
334 292 11
294 295 7
295 294 7
295 296 1
296 295 1
295 337 13
337 295 13
296 297 3
297 296 3
297 298 6
298 297 6
297 339 13
339 297 13
298 299 10
299 298 10
299 300 8
300 299 8
299 341 9
341 299 9
300 301 15
301 300 15
301 302 5
302 301 5
301 343 13
343 301 13
302 303 12
303 302 12
303 304 2
304 303 2
304 305 14
305 304 14
305 306 11
306 305 11
305 347 12
347 305 12
306 307 4
307 306 4
307 308 15
308 307 15
307 349 6
349 307 6
308 309 8
309 308 8
309 310 4
310 309 4
309 351 5
351 309 5
310 311 18
311 310 18
311 312 15
312 311 15
311 353 4
353 311 4
312 313 1
313 312 1
313 314 14
314 313 14
313 355 1
355 313 1
314 315 8
315 314 8
315 316 18
316 315 18
315 357 5
357 315 5
316 317 2
317 316 2
317 318 17
318 317 17
317 359 1
359 317 1
318 319 10
319 318 10
319 320 2
320 319 2
319 361 18
361 319 18
320 321 10
321 320 10
321 363 5
363 321 5
322 323 7
323 322 7
323 324 11
324 323 11
323 365 5
365 323 5
324 325 13
325 324 13
325 326 14
326 325 14
325 367 12
367 325 12
327 328 4
328 327 4
328 329 7
329 328 7
329 330 1
330 329 1
329 371 15
371 329 15
330 331 13
331 330 13
331 332 14
332 331 14
331 373 1
373 331 1
333 334 8
334 333 8
333 375 9
375 333 9
334 335 15
335 334 15
335 377 12
377 335 12
336 337 8
337 336 8
336 378 4
378 336 4
337 338 18
338 337 18
338 339 13
339 338 13
338 380 1
380 338 1
340 382 7
382 340 7
341 342 2
342 341 2
342 343 6
343 342 6
342 384 1
384 342 1
343 344 12
344 343 12
344 345 6
345 344 6
344 386 3
386 344 3
346 347 3
347 346 3
346 388 13
388 346 13
347 348 3
348 347 3
348 349 10
349 348 10
348 390 10
390 348 10
349 350 8
350 349 8
350 351 8
351 350 8
350 392 19
392 350 19
351 352 2
352 351 2
352 353 13
353 352 13
352 394 17
394 352 17
353 354 1
354 353 1
354 355 13
355 354 13
354 396 2
396 354 2
355 356 7
356 355 7
356 357 9
357 356 9
356 398 15
398 356 15
357 358 10
358 357 10
358 359 6
359 358 6
358 400 15
400 358 15
360 402 11
402 360 11
361 362 1
362 361 1
362 363 4
363 362 4
363 364 5
364 363 5
364 365 1
365 364 1
365 366 4
366 365 4
366 367 5
367 366 5
366 408 1
408 366 1
367 368 6
368 367 6
368 369 4
369 368 4
368 410 17
410 368 17
369 370 10
370 369 10
370 371 4
371 370 4
370 412 10
412 370 10
371 372 1
372 371 1
372 373 6
373 372 6
372 414 14
414 372 14
373 374 8
374 373 8
374 375 5
375 374 5
374 416 18
416 374 18
375 376 18
376 375 18
376 377 16
377 376 16
376 418 4
418 376 4
378 379 5
379 378 5
379 421 16
421 379 16
380 381 6
381 380 6
381 382 12
382 381 12
381 423 16
423 381 16
382 383 14
383 382 14
383 384 12
384 383 12
383 425 7
425 383 7
384 385 7
385 384 7
385 386 7
386 385 7
385 427 4
427 385 4
386 387 10
387 386 10
387 429 1
429 387 1
388 389 8
389 388 8
389 390 9
390 389 9
389 431 12
431 389 12
390 391 14
391 390 14
391 392 4
392 391 4
391 433 17
433 391 17
392 393 1
393 392 1
393 394 17
394 393 17
394 395 13
395 394 13
395 396 18
396 395 18
395 437 2
437 395 2
397 398 15
398 397 15
397 439 16
439 397 16
398 399 12
399 398 12
399 400 5
400 399 5
399 441 16
441 399 16
400 401 1
401 400 1
401 402 15
402 401 15
401 443 2
443 401 2
402 403 3
403 402 3
403 404 6
404 403 6
403 445 7
445 403 7
404 405 17
405 404 17
405 406 7
406 405 7
405 447 14
447 405 14
406 407 10
407 406 10
407 408 12
408 407 12
407 449 12
449 407 12
408 409 11
409 408 11
409 410 7
410 409 7
410 411 1
411 410 1
411 453 4
453 411 4
412 413 6
413 412 6
413 414 6
414 413 6
413 455 12
455 413 12
414 415 1
415 414 1
415 416 18
416 415 18
415 457 7
457 415 7
416 417 18
417 416 18
417 418 9
418 417 9
417 459 18
459 417 18
419 461 8
461 419 8
420 421 16
421 420 16
420 462 10
462 420 10
421 422 11
422 421 11
422 423 6
423 422 6
422 464 5
464 422 5
423 424 4
424 423 4
424 425 2
425 424 2
424 466 5
466 424 5
426 427 7
427 426 7
426 468 9
468 426 9
428 429 4
429 428 4
428 470 11
470 428 11
429 430 16
430 429 16
430 431 7
431 430 7
430 472 11
472 430 11
431 432 3
432 431 3
432 433 8
433 432 8
432 474 3
474 432 3
433 434 16
434 433 16
434 435 16
435 434 16
435 436 4
436 435 4
436 437 13
437 436 13
436 478 9
478 436 9
437 438 7
438 437 7
438 439 5
439 438 5
438 480 10
480 438 10
439 440 9
440 439 9
440 441 15
441 440 15
440 482 14
482 440 14
441 442 10
442 441 10
442 443 6
443 442 6
442 484 1
484 442 1
443 444 16
444 443 16
444 445 1
445 444 1
445 446 8
446 445 8
446 447 6
447 446 6
446 488 18
488 446 18
448 449 18
449 448 18
448 490 11
490 448 11
449 450 18
450 449 18
450 451 14
451 450 14
450 492 8
492 450 8
451 452 15
452 451 15
452 453 4
453 452 4
452 494 11
494 452 11
453 454 4
454 453 4
454 455 13
455 454 13
454 496 8
496 454 8
455 456 6
456 455 6
456 457 15
457 456 15
457 458 18
458 457 18
458 459 3
459 458 3
458 500 3
500 458 3
459 460 9
460 459 9
460 461 3
461 460 3
460 502 16
502 460 16
463 464 6
464 463 6
463 505 18
505 463 18
464 465 19
465 464 19
465 466 16
466 465 16
465 507 15
507 465 15
466 467 13
467 466 13
467 468 13
468 467 13
467 509 19
509 467 19
468 469 15
469 468 15
469 470 10
470 469 10
469 511 19
511 469 19
470 471 14
471 470 14
471 472 14
472 471 14
471 513 2
513 471 2
472 473 10
473 472 10
473 474 3
474 473 3
473 515 16
515 473 16
474 475 10
475 474 10
475 476 3
476 475 3
475 517 10
517 475 10
476 477 18
477 476 18
477 478 13
478 477 13
478 479 19
479 478 19
479 480 10
480 479 10
479 521 17
521 479 17
480 481 4
481 480 4
481 482 1
482 481 1
481 523 4
523 481 4
482 483 19
483 482 19
483 525 3
525 483 3
484 485 1
485 484 1
485 527 17
527 485 17
486 487 12
487 486 12
487 488 7
488 487 7
487 529 8
529 487 8
488 489 9
489 488 9
489 490 11
490 489 11
490 491 3
491 490 3
491 492 5
492 491 5
491 533 8
533 491 8
492 493 7
493 492 7
493 494 6
494 493 6
493 535 13
535 493 13
494 495 10
495 494 10
495 496 14
496 495 14
495 537 10
537 495 10
496 497 17
497 496 17
497 498 15
498 497 15
497 539 19
539 497 19
498 499 7
499 498 7
499 500 1
500 499 1
499 541 5
541 499 5
500 501 16
501 500 16
501 502 12
502 501 12
501 543 13
543 501 13
503 545 4
545 503 4
504 505 12
505 504 12
505 506 14
506 505 14
506 507 2
507 506 2
506 548 3
548 506 3
507 508 5
508 507 5
508 509 12
509 508 12
508 550 12
550 508 12
509 510 18
510 509 18
510 511 18
511 510 18
510 552 14
552 510 14
511 512 1
512 511 1
512 513 18
513 512 18
512 554 18
554 512 18
513 514 18
514 513 18
514 515 5
515 514 5
514 556 19
556 514 19
515 516 7
516 515 7
516 517 10
517 516 10
516 558 6
558 516 6
517 518 9
518 517 9
518 519 13
519 518 13
518 560 8
560 518 8
519 520 9
520 519 9
520 521 12
521 520 12
520 562 7
562 520 7
521 522 18
522 521 18
522 523 11
523 522 11
522 564 15
564 522 15
523 524 15
524 523 15
524 525 1
525 524 1
524 566 13
566 524 13
525 526 4
526 525 4
526 527 8
527 526 8
526 568 7
568 526 7
527 528 9
528 527 9
528 529 1
529 528 1
528 570 15
570 528 15
529 530 13
530 529 13
530 531 2
531 530 2
531 532 8
532 531 8
532 533 3
533 532 3
532 574 1
574 532 1
533 534 9
534 533 9
534 535 17
535 534 17
534 576 14
576 534 14
536 537 17
537 536 17
536 578 16
578 536 16
537 538 15
538 537 15
538 539 10
539 538 10
538 580 13
580 538 13
540 541 8
541 540 8
540 582 7
582 540 7
541 542 14
542 541 14
542 543 13
543 542 13
542 584 1
584 542 1
543 544 5
544 543 5
544 545 13
545 544 13
544 586 12
586 544 12
546 547 2
547 546 2
547 548 1
548 547 1
547 589 15
589 547 15
548 549 1
549 548 1
549 591 12
591 549 12
550 551 11
551 550 11
551 552 6
552 551 6
551 593 14
593 551 14
552 553 8
553 552 8
553 595 1
595 553 1
554 555 16
555 554 16
555 556 18
556 555 18
555 597 2
597 555 2
557 558 8
558 557 8
558 559 18
559 558 18
559 560 18
560 559 18
559 601 17
601 559 17
560 561 4
561 560 4
561 562 7
562 561 7
561 603 6
603 561 6
562 563 8
563 562 8
563 564 6
564 563 6
563 605 2
605 563 2
564 565 3
565 564 3
565 566 2
566 565 2
565 607 15
607 565 15
566 567 17
567 566 17
567 568 6
568 567 6
567 609 3
609 567 3
568 569 13
569 568 13
569 570 13
570 569 13
569 611 10
611 569 10
570 571 11
571 570 11
571 572 1
572 571 1
571 613 5
613 571 5
572 573 15
573 572 15
573 574 16
574 573 16
573 615 19
615 573 19
574 575 2
575 574 2
575 576 17
576 575 17
575 617 12
617 575 12
576 577 19
577 576 19
577 578 12
578 577 12
577 619 12
619 577 12
579 580 19
580 579 19
579 621 12
621 579 12
580 581 3
581 580 3
581 582 14
582 581 14
581 623 15
623 581 15
583 625 9
625 583 9
584 585 1
585 584 1
585 586 1
586 585 1
585 627 9
627 585 9
586 587 8
587 586 8
587 629 8
629 587 8
588 589 8
589 588 8
588 630 17
630 588 17
589 590 5
590 589 5
590 591 11
591 590 11
590 632 17
632 590 17
591 592 9
592 591 9
592 593 1
593 592 1
592 634 5
634 592 5
593 594 13
594 593 13
594 595 17
595 594 17
594 636 4
636 594 4
595 596 11
596 595 11
596 597 3
597 596 3
596 638 18
638 596 18
597 598 8
598 597 8
598 599 5
599 598 5
598 640 9
640 598 9
599 600 19
600 599 19
600 601 2
601 600 2
600 642 7
642 600 7
601 602 6
602 601 6
602 603 6
603 602 6
602 644 13
644 602 13
603 604 17
604 603 17
604 605 5
605 604 5
604 646 1
646 604 1
605 606 11
606 605 11
606 607 6
607 606 6
606 648 13
648 606 13
607 608 9
608 607 9
608 609 1
609 608 1
608 650 7
650 608 7
609 610 3
610 609 3
610 611 3
611 610 3
610 652 7
652 610 7
611 612 12
612 611 12
612 613 14
613 612 14
612 654 18
654 612 18
613 614 3
614 613 3
614 615 9
615 614 9
614 656 19
656 614 19
615 616 10
616 615 10
616 617 17
617 616 17
616 658 9
658 616 9
617 618 8
618 617 8
618 619 11
619 618 11
618 660 8
660 618 8
619 620 4
620 619 4
620 621 3
621 620 3
621 622 8
622 621 8
622 623 9
623 622 9
622 664 8
664 622 8
623 624 11
624 623 11
624 666 8
666 624 8
625 626 13
626 625 13
626 627 4
627 626 4
626 668 13
668 626 13
628 629 16
629 628 16
628 670 1
670 628 1
630 631 13
631 630 13
631 632 8
632 631 8
631 673 13
673 631 13
632 633 10
633 632 10
633 634 17
634 633 17
633 675 19
675 633 19
634 635 6
635 634 6
635 636 5
636 635 5
635 677 2
677 635 2
636 637 9
637 636 9
637 638 18
638 637 18
637 679 11
679 637 11
638 639 18
639 638 18
639 640 2
640 639 2
639 681 2
681 639 2
640 641 5
641 640 5
641 642 9
642 641 9
641 683 3
683 641 3
642 643 16
643 642 16
643 644 17
644 643 17
643 685 2
685 643 2
644 645 12
645 644 12
645 646 8
646 645 8
645 687 19
687 645 19
646 647 6
647 646 6
647 648 1
648 647 1
647 689 4
689 647 4
648 649 3
649 648 3
649 650 5
650 649 5
649 691 6
691 649 6
650 651 8
651 650 8
651 652 1
652 651 1
651 693 19
693 651 19
652 653 18
653 652 18
653 654 7
654 653 7
653 695 2
695 653 2
654 655 11
655 654 11
655 656 2
656 655 2
655 697 16
697 655 16
656 657 2
657 656 2
657 658 11
658 657 11
657 699 3
699 657 3
658 659 1
659 658 1
659 660 10
660 659 10
659 701 13
701 659 13
660 661 15
661 660 15
661 662 8
662 661 8
661 703 6
703 661 6
663 664 11
664 663 11
664 665 18
665 664 18
665 666 17
666 665 17
665 707 5
707 665 5
666 667 18
667 666 18
667 668 2
668 667 2
667 709 13
709 667 13
668 669 5
669 668 5
669 711 9
711 669 9
670 671 10
671 670 10
671 713 18
713 671 18
672 673 18
673 672 18
672 714 12
714 672 12
674 675 15
675 674 15
674 716 9
716 674 9
675 676 9
676 675 9
676 677 1
677 676 1
676 718 7
718 676 7
677 678 19
678 677 19
678 679 15
679 678 15
678 720 6
720 678 6
679 680 9
680 679 9
680 681 3
681 680 3
681 682 4
682 681 4
682 683 13
683 682 13
682 724 10
724 682 10
683 684 11
684 683 11
684 685 7
685 684 7
684 726 17
726 684 17
686 687 10
687 686 10
687 688 14
688 687 14
688 689 5
689 688 5
688 730 11
730 688 11
689 690 12
690 689 12
690 732 16
732 690 16
691 692 12
692 691 12
692 734 3
734 692 3
693 694 18
694 693 18
694 695 5
695 694 5
694 736 6
736 694 6
695 696 5
696 695 5
696 697 3
697 696 3
696 738 13
738 696 13
697 698 12
698 697 12
698 699 9
699 698 9
698 740 9
740 698 9
699 700 12
700 699 12
700 701 4
701 700 4
700 742 16
742 700 16
701 702 10
702 701 10
702 744 7
744 702 7
703 704 4
704 703 4
704 705 15
705 704 15
704 746 18
746 704 18
705 706 12
706 705 12
706 707 8
707 706 8
706 748 7
748 706 7
707 708 3
708 707 3
708 709 3
709 708 3
709 710 9
710 709 9
710 711 15
711 710 15
710 752 1
752 710 1
711 712 18
712 711 18
712 754 3
754 712 3
714 715 18
715 714 18
715 716 9
716 715 9
715 757 10
757 715 10
716 717 4
717 716 4
717 718 4
718 717 4
717 759 5
759 717 5
718 719 9
719 718 9
719 761 6
761 719 6
720 721 3
721 720 3
721 722 18
722 721 18
721 763 9
763 721 9
723 724 5
724 723 5
724 725 13
725 724 13
725 726 5
726 725 5
725 767 17
767 725 17
726 727 10
727 726 10
727 728 5
728 727 5
728 729 2
729 728 2
729 730 13
730 729 13
729 771 2
771 729 2
730 731 6
731 730 6
731 732 15
732 731 15
731 773 7
773 731 7
732 733 6
733 732 6
733 775 17
775 733 17
734 735 8
735 734 8
735 777 6
777 735 6
736 737 8
737 736 8
737 738 13
738 737 13
737 779 5
779 737 5
738 739 6
739 738 6
739 740 12
740 739 12
739 781 11
781 739 11
740 741 13
741 740 13
741 742 2
742 741 2
741 783 3
783 741 3
742 743 12
743 742 12
743 744 8
744 743 8
743 785 17
785 743 17
744 745 6
745 744 6
745 746 5
746 745 5
745 787 3
787 745 3
746 747 18
747 746 18
747 789 15
789 747 15
748 749 13
749 748 13
749 750 17
750 749 17
749 791 5
791 749 5
750 751 4
751 750 4
751 752 17
752 751 17
751 793 2
793 751 2
752 753 14
753 752 14
753 754 16
754 753 16
753 795 19
795 753 19
754 755 7
755 754 7
755 797 10
797 755 10
756 757 5
757 756 5
756 798 16
798 756 16
757 758 1
758 757 1
758 759 10
759 758 10
758 800 10
800 758 10
759 760 7
760 759 7
760 761 10
761 760 10
760 802 14
802 760 14
761 762 16
762 761 16
762 763 2
763 762 2
762 804 11
804 762 11
763 764 10
764 763 10
764 806 12
806 764 12
765 766 18
766 765 18
766 767 1
767 766 1
766 808 12
808 766 12
767 768 2
768 767 2
768 769 10
769 768 10
768 810 14
810 768 14
769 770 16
770 769 16
770 812 12
812 770 12
771 772 18
772 771 18
772 773 9
773 772 9
773 774 6
774 773 6
774 775 14
775 774 14
774 816 15
816 774 15
776 777 3
777 776 3
777 778 1
778 777 1
778 779 2
779 778 2
778 820 14
820 778 14
779 780 15
780 779 15
780 781 10
781 780 10
780 822 7
822 780 7
781 782 12
782 781 12
782 783 1
783 782 1
782 824 3
824 782 3
783 784 5
784 783 5
784 785 1
785 784 1
784 826 1
826 784 1
785 786 11
786 785 11
786 787 16
787 786 16
786 828 4
828 786 4
787 788 9
788 787 9
788 789 6
789 788 6
788 830 12
830 788 12
789 790 14
790 789 14
790 832 1
832 790 1
791 792 1
792 791 1
792 793 9
793 792 9
792 834 15
834 792 15
793 794 5
794 793 5
794 795 17
795 794 17
794 836 10
836 794 10
795 796 1
796 795 1
796 797 5
797 796 5
796 838 7
838 796 7
798 799 1
799 798 1
799 800 15
800 799 15
800 801 3
801 800 3
801 802 10
802 801 10
801 842 12
842 801 12
802 803 18
803 802 18
803 804 6
804 803 6
803 844 10
844 803 10
804 805 1
805 804 1
805 806 1
806 805 1
805 846 15
846 805 15
806 807 16
807 806 16
807 808 17
808 807 17
808 809 6
809 808 6
809 810 7
810 809 7
810 811 2
811 810 2
811 852 15
852 811 15
812 813 16
813 812 16
813 814 15
814 813 15
813 854 9
854 813 9
814 815 11
815 814 11
815 816 2
816 815 2
815 856 8
856 815 8
816 817 9
817 816 9
817 818 2
818 817 2
817 858 19
858 817 19
818 819 2
819 818 2
819 820 3
820 819 3
819 860 2
860 819 2
820 821 12
821 820 12
821 822 12
822 821 12
821 862 19
862 821 19
822 823 17
823 822 17
823 824 1
824 823 1
823 864 3
864 823 3
824 825 16
825 824 16
825 826 18
826 825 18
825 866 6
866 825 6
826 827 1
827 826 1
827 828 12
828 827 12
827 868 5
868 827 5
828 829 1
829 828 1
829 830 3
830 829 3
829 870 13
870 829 13
830 831 7
831 830 7
831 832 13
832 831 13
831 872 1
872 831 1
832 833 1
833 832 1
833 874 9
874 833 9
834 835 12
835 834 12
835 836 19
836 835 19
835 876 6
876 835 6
836 837 9
837 836 9
837 838 6
838 837 6
837 878 13
878 837 13
838 839 12
839 838 12
839 880 5
880 839 5
840 841 12
841 840 12
841 842 6
842 841 6
842 843 3
843 842 3
843 844 17
844 843 17
844 845 5
845 844 5
845 846 1
846 845 1
846 847 13
847 846 13
847 848 12
848 847 12
848 849 8
849 848 8
849 850 8
850 849 8
850 851 11
851 850 11
851 852 9
852 851 9
852 853 18
853 852 18
853 854 17
854 853 17
854 855 18
855 854 18
855 856 15
856 855 15
856 857 2
857 856 2
857 858 2
858 857 2
858 859 2
859 858 2
859 860 3
860 859 3
860 861 4
861 860 4
861 862 1
862 861 1
862 863 16
863 862 16
863 864 2
864 863 2
864 865 4
865 864 4
865 866 14
866 865 14
866 867 13
867 866 13
867 868 6
868 867 6
868 869 18
869 868 18
869 870 19
870 869 19
870 871 1
871 870 1
871 872 16
872 871 16
872 873 11
873 872 11
873 874 2
874 873 2
874 875 13
875 874 13
875 876 13
876 875 13
876 877 15
877 876 15
877 878 1
878 877 1
878 879 12
879 878 12
879 880 10
880 879 10
1
7
15
21
23
25
27
39
43
48
54
60
61
68
70
72
75
77
78
80
81
82
83
86
92
95
99
100
103
107
110
112
121
127
131
132
133
135
139
143
150
152
162
167
168
169
174
180
183
184
185
207
212
216
217
218
220
230
234
235
237
244
248
256
260
261
264
269
276
277
283
289
290
293
295
296
300
305
306
310
312
314
315
317
319
321
324
339
340
343
346
355
359
376
382
389
400
401
414
415
419
420
427
434
437
439
451
452
460
467
468
470
472
475
488
490
491
499
517
521
523
524
527
530
541
547
552
559
560
561
563
565
571
574
577
581
582
586
587
593
594
596
597
600
606
607
615
617
619
627
631
633
635
637
638
643
645
652
660
666
677
682
685
688
691
692
698
701
702
703
705
709
711
716
720
721
727
738
742
743
748
750
755
758
761
766
774
781
788
793
800
816
818
829
831
832
833
845
853
858
861
875
879
880
