1006 798 1 798 203
1 2 18
1 40 16
3 4 5
3 42 7
5 6 17
5 44 15
6 7 3
7 8 1
8 9 15
9 48 13
10 11 10
11 12 1
11 50 15
12 13 7
13 14 1
13 52 13
15 16 14
15 54 19
16 17 11
17 18 12
17 56 15
19 20 7
19 58 17
20 21 6
21 22 9
21 60 7
22 23 15
24 25 14
25 26 18
25 64 13
26 27 13
27 28 2
27 66 1
28 29 16
29 30 6
29 68 8
30 31 11
31 32 11
33 34 3
34 35 11
35 36 18
36 37 12
37 76 8
38 39 10
39 78 12
40 41 1
41 42 6
41 81 8
42 43 16
43 44 10
43 83 3
44 45 9
45 46 10
45 85 12
46 47 1
47 48 15
48 49 1
49 50 10
49 89 13
50 51 12
51 52 8
51 91 3
53 54 19
54 55 1
55 56 19
55 95 12
56 57 9
57 58 2
57 97 17
58 59 18
59 60 16
59 99 11
60 61 19
61 62 14
61 101 5
62 63 11
63 64 3
63 103 16
64 65 16
65 66 14
65 105 2
66 67 18
67 68 10
68 69 17
69 70 5
69 109 7
71 72 16
71 111 7
72 73 13
73 74 10
73 113 2
75 76 11
75 115 2
76 77 4
77 78 14
77 117 11
78 79 7
79 119 17
80 81 1
80 120 16
81 82 9
82 83 14
82 122 16
83 84 18
84 85 11
84 124 18
85 86 15
86 87 11
86 126 4
88 89 17
88 128 5
89 90 4
90 91 4
90 130 18
91 92 19
92 93 17
92 132 3
93 94 11
94 95 5
94 134 19
95 96 9
96 136 5
97 98 10
98 99 17
98 138 16
99 100 1
100 101 10
100 140 5
101 102 5
102 103 14
102 142 18
103 104 18
104 144 2
105 106 7
106 107 4
106 146 15
107 108 16
108 109 2
108 148 6
110 111 16
110 150 15
111 112 7
112 152 5
113 114 9
114 115 1
114 154 18
115 116 2
116 117 12
116 156 16
118 119 10
118 158 12
120 121 14
121 122 16
121 161 11
122 123 14
123 124 4
123 163 11
124 125 10
125 126 18
127 128 12
127 167 3
128 129 1
129 130 4
130 131 2
131 132 10
131 171 3
132 133 3
133 134 18
133 173 4
134 135 7
135 136 11
135 175 6
137 138 2
137 177 4
138 139 11
139 179 6
140 141 4
141 142 8
141 181 11
143 144 5
143 183 12
144 145 3
145 146 14
145 185 8
146 147 13
147 148 8
147 187 3
148 149 3
149 150 5
149 189 1
150 151 18
151 152 17
151 191 19
152 153 13
153 193 12
155 156 4
155 195 2
156 157 14
157 158 2
157 197 8
158 159 17
159 199 3
160 161 8
160 200 17
161 162 5
162 202 11
163 164 10
164 165 17
164 204 6
165 166 3
166 167 16
167 168 11
168 169 17
168 208 16
169 170 18
170 171 8
170 210 14
171 172 4
172 212 3
173 174 4
174 175 3
175 176 19
176 177 13
176 216 11
178 179 5
178 218 15
179 180 16
180 181 1
180 220 11
181 182 3
182 183 7
182 222 17
183 184 7
184 185 1
184 224 12
185 186 18
186 187 1
186 226 19
187 188 9
188 228 19
189 190 8
190 191 5
190 230 17
191 192 9
192 193 1
193 194 13
194 234 13
195 196 1
196 197 12
196 236 6
198 238 7
200 201 11
201 202 18
201 241 12
203 204 4
203 243 9
204 205 5
205 206 7
205 245 14
206 207 18
207 208 12
207 247 9
208 209 1
209 249 14
210 211 14
211 212 18
211 251 11
212 213 7
213 214 3
214 215 18
215 216 12
215 255 7
216 217 5
218 219 19
219 220 16
219 259 18
220 221 5
221 222 6
221 261 5
223 224 5
223 263 15
224 225 9
225 226 5
225 265 19
227 228 12
227 267 16
228 229 16
229 230 1
229 269 17
230 231 5
231 232 15
231 271 4
232 233 14
233 234 8
233 273 2
234 235 16
235 236 15
237 238 16
237 277 2
238 239 9
239 279 4
240 241 11
240 280 10
241 242 17
242 243 2
242 282 3
244 284 16
245 246 18
246 247 10
247 248 16
248 249 18
249 250 17
250 251 15
250 290 6
251 252 4
252 253 4
252 292 11
253 254 19
254 255 16
254 294 9
255 256 3
256 257 15
257 258 14
258 298 17
259 260 1
260 261 15
260 300 14
261 262 7
262 263 18
262 302 4
263 264 14
264 304 4
265 266 6
266 306 8
267 268 4
268 269 10
268 308 12
269 270 1
270 310 1
271 272 15
272 312 3
273 274 3
274 275 2
274 314 6
275 276 17
276 277 5
276 316 8
277 278 12
278 279 9
278 318 19
280 281 2
281 282 11
281 321 6
282 283 7
283 284 15
283 323 19
284 285 16
285 286 11
285 325 8
286 287 15
287 288 9
287 327 2
288 289 4
289 290 17
290 291 15
291 292 17
291 331 8
292 293 16
293 294 4
293 333 16
295 296 16
295 335 18
296 297 9
297 298 10
297 337 1
298 299 6
299 300 13
299 339 12
300 301 10
301 302 1
301 341 18
303 304 4
303 343 11
304 305 13
305 345 10
306 307 1
307 308 2
307 347 10
308 309 17
309 349 16
310 311 1
311 351 17
312 313 11
313 314 12
313 353 7
314 315 12
315 316 7
315 355 3
316 317 15
318 319 10
319 359 15
320 321 17
320 360 1
321 322 14
322 323 3
322 362 17
323 324 5
324 364 8
325 326 16
326 327 3
327 328 1
328 329 16
328 368 4
329 330 1
330 331 9
330 370 4
331 332 12
332 333 7
332 372 1
333 334 17
334 335 14
334 374 5
335 336 16
336 337 12
336 376 5
337 338 14
338 339 8
338 378 10
339 340 14
340 341 16
340 380 18
341 342 14
342 343 14
342 382 16
343 344 3
344 345 13
344 384 18
346 386 19
347 348 12
348 388 10
349 350 1
350 351 16
350 390 19
351 352 10
352 353 8
352 392 6
353 354 3
354 394 11
355 356 7
356 357 1
356 396 9
357 358 2
358 359 8
358 398 7
360 361 13
361 362 17
361 401 4
362 363 10
363 364 1
363 403 15
364 365 3
365 366 19
365 405 15
366 367 18
367 368 4
367 407 6
368 369 4
369 370 9
369 409 1
371 372 7
371 411 12
372 373 17
373 413 11
374 375 14
375 376 16
375 415 18
376 377 19
377 378 2
377 417 11
378 379 7
379 380 9
379 419 3
380 381 13
381 382 2
382 383 10
383 423 9
384 385 5
385 386 16
385 425 18
387 388 11
387 427 11
388 389 10
389 390 8
389 429 16
390 391 8
391 392 11
391 431 4
392 393 3
393 394 8
393 433 8
394 395 16
395 396 6
395 435 11
396 397 6
397 398 17
397 437 17
398 399 16
400 401 3
400 440 4
401 402 9
402 403 12
402 442 19
403 404 4
404 405 5
405 406 5
406 407 7
407 408 18
408 409 7
408 448 7
409 410 11
410 450 17
411 412 3
412 452 12
413 414 13
414 415 11
414 454 5
415 416 13
416 417 8
416 456 3
417 418 4
418 419 17
418 458 16
419 420 11
420 421 8
420 460 2
421 422 10
422 423 4
422 462 18
424 425 4
424 464 2
425 426 9
426 427 12
426 466 3
427 428 11
428 429 17
428 468 11
429 430 17
430 470 12
431 432 15
432 433 8
433 434 10
434 435 17
434 474 15
435 436 1
436 476 15
437 438 3
438 439 7
438 478 5
441 442 14
442 443 4
443 444 8
443 483 16
444 445 7
445 485 1
446 447 12
447 448 3
447 487 14
448 449 1
449 489 14
451 491 5
452 453 15
453 454 1
453 493 15
454 455 17
455 456 1
455 495 8
456 457 15
457 458 4
457 497 18
458 459 19
459 460 6
459 499 17
460 461 1
461 462 7
461 501 5
462 463 7
463 464 13
463 503 8
464 465 13
465 466 15
465 505 5
466 467 11
467 468 1
467 507 18
468 469 14
469 470 18
469 509 1
471 511 10
472 473 1
473 474 17
473 513 14
474 475 2
475 476 5
475 515 15
476 477 10
477 478 17
477 517 9
478 479 16
479 519 18
480 481 3
481 482 14
482 483 2
482 522 19
483 484 8
484 485 18
484 524 4
485 486 2
486 487 10
487 488 4
488 489 16
488 528 14
490 491 15
490 530 4
491 492 16
492 493 15
492 532 9
493 494 14
494 495 16
494 534 11
495 496 4
496 497 16
496 536 13
497 498 10
498 499 4
499 500 13
500 501 3
501 502 7
502 503 5
502 542 9
503 504 13
504 505 5
504 544 9
505 506 14
506 507 13
507 508 12
508 509 7
508 548 7
509 510 1
510 511 18
510 550 8
511 512 16
512 513 11
513 514 15
514 515 2
514 554 16
515 516 9
516 517 1
516 556 18
517 518 3
518 519 14
518 558 10
520 521 18
521 522 7
521 561 15
522 523 12
523 563 8
524 525 13
525 526 19
525 565 7
526 527 1
527 528 6
527 567 10
528 529 1
529 530 12
529 569 6
530 531 2
533 534 3
533 573 2
534 535 14
535 536 19
535 575 18
536 537 16
537 538 12
537 577 5
538 539 17
539 540 8
539 579 7
541 542 10
541 581 3
543 544 7
544 545 18
545 546 15
545 585 13
546 547 4
547 548 7
547 587 12
548 549 17
549 550 13
549 589 11
550 551 18
551 552 13
551 591 19
552 553 4
553 593 2
554 555 11
555 556 12
556 557 1
557 597 17
558 559 8
559 599 15
560 561 16
560 600 2
561 562 1
562 563 9
564 565 1
564 604 10
565 566 1
566 567 12
566 606 1
567 568 15
568 569 9
568 608 14
569 570 15
570 571 11
571 572 17
572 573 13
572 612 16
573 574 12
574 575 12
574 614 14
575 576 18
576 577 19
576 616 13
577 578 13
578 579 1
578 618 13
579 580 4
580 581 7
580 620 14
581 582 16
583 584 1
584 585 12
584 624 2
585 586 15
586 587 7
586 626 15
587 588 5
588 589 2
588 628 7
589 590 1
590 591 4
592 593 9
592 632 4
593 594 6
594 634 19
595 596 7
596 597 9
596 636 8
597 598 9
598 599 3
598 638 19
601 602 17
601 641 10
602 603 11
603 604 9
603 643 19
604 605 11
605 606 6
605 645 8
606 607 1
607 608 2
608 609 1
609 610 16
609 649 4
610 611 7
611 612 11
611 651 6
612 613 5
613 614 12
613 653 16
615 616 12
615 655 1
616 617 1
617 618 13
617 657 11
618 619 15
619 620 1
619 659 13
620 621 18
621 622 11
621 661 12
622 623 1
623 624 13
623 663 13
625 665 6
626 627 5
627 628 6
627 667 12
628 629 2
629 669 19
630 631 12
631 632 12
631 671 8
632 633 4
633 634 11
633 673 16
634 635 18
635 636 2
636 637 14
637 638 18
637 677 7
638 639 1
639 679 19
640 641 1
640 680 1
641 642 6
643 644 15
644 645 12
644 684 13
645 646 4
646 647 7
647 648 1
648 649 3
648 688 6
649 650 9
650 651 8
650 690 5
651 652 15
652 653 12
652 692 11
653 654 17
654 655 9
654 694 19
655 656 18
656 657 2
657 658 14
658 659 4
658 698 2
660 661 3
660 700 15
661 662 2
662 663 10
662 702 12
663 664 16
664 665 18
664 704 14
666 667 3
666 706 12
667 668 5
668 669 18
668 708 18
669 670 9
670 671 15
671 672 1
672 673 10
672 712 8
673 674 5
674 675 15
674 714 13
675 676 3
676 677 12
676 716 17
677 678 12
678 679 8
678 718 5
681 682 11
681 721 2
682 683 10
683 684 12
683 723 2
684 685 18
685 686 2
685 725 16
686 687 5
687 727 9
688 689 6
689 690 18
689 729 7
690 691 10
691 692 19
691 731 10
692 693 8
693 694 17
693 733 16
694 695 16
695 696 1
695 735 17
696 697 1
697 698 12
698 699 2
699 700 12
699 739 3
700 701 2
701 702 7
701 741 17
703 704 16
703 743 16
704 705 9
705 706 13
705 745 8
706 707 4
707 708 7
707 747 14
708 709 12
709 710 10
709 749 16
710 711 10
711 712 10
711 751 7
713 714 3
713 753 19
714 715 1
715 716 4
715 755 15
716 717 8
717 718 18
717 757 19
718 719 7
719 759 1
720 721 14
721 722 9
722 723 10
722 762 1
723 724 3
724 725 8
724 764 7
725 726 10
726 727 4
726 766 8
728 729 16
728 768 19
729 730 5
730 770 12
731 732 9
732 733 18
732 772 10
734 735 12
735 736 6
736 737 12
736 776 19
737 738 16
738 739 17
738 778 17
739 740 8
740 741 9
740 780 17
741 742 8
742 743 18
742 782 1
743 744 14
744 745 1
744 784 15
746 747 12
746 786 1
747 748 12
748 749 2
748 788 17
749 750 15
750 751 10
750 790 9
751 752 6
752 753 9
752 792 19
754 755 8
754 794 12
755 756 13
756 757 10
756 796 12
757 758 19
758 759 4
758 798 17
760 761 15
761 762 10
762 763 12
764 765 14
765 766 11
767 768 17
768 769 5
769 770 10
770 771 5
771 772 14
772 773 1
773 774 13
774 775 16
775 776 1
776 777 14
777 778 4
778 779 18
779 780 9
781 782 8
782 783 1
783 784 2
784 785 9
785 786 4
786 787 12
787 788 18
788 789 16
789 790 3
790 791 12
791 792 14
792 793 7
793 794 2
794 795 15
795 796 18
796 797 14
797 798 15
2
3
7
12
13
14
16
17
18
25
27
28
30
31
33
36
51
54
64
66
67
72
79
80
93
94
111
113
119
122
125
140
143
148
149
150
151
152
156
158
161
164
166
167
168
183
187
192
194
196
207
216
218
220
221
225
227
229
235
236
247
248
252
254
266
267
269
270
273
276
277
278
279
281
285
294
296
299
300
303
309
310
311
314
315
316
321
323
327
333
336
340
344
345
347
348
349
353
355
358
370
376
380
382
385
386
387
392
394
397
398
399
400
403
409
417
421
427
428
429
430
432
433
435
437
440
441
443
445
457
485
487
489
492
493
496
503
505
507
508
514
516
525
528
531
532
538
541
563
565
567
569
570
571
575
577
583
591
594
596
598
600
601
603
605
607
608
623
629
631
639
644
645
652
655
662
663
669
679
680
682
688
690
691
696
698
701
702
710
712
720
722
740
741
746
748
754
762
763
765
779
783
794
