109 96 1 96 12
1 2 9
1 14 19
2 3 8
3 4 9
3 16 3
4 5 17
5 6 8
5 18 18
7 20 8
8 9 12
9 10 16
9 22 5
10 11 3
11 12 2
11 24 16
12 13 12
13 26 7
14 15 9
15 16 12
15 29 5
16 17 11
17 31 10
18 19 2
19 20 18
19 33 2
20 21 12
21 22 6
21 35 4
23 24 9
23 37 19
24 25 11
25 26 5
25 39 4
26 27 7
27 41 3
28 29 7
28 42 5
30 31 7
30 44 7
31 32 12
32 33 18
32 46 2
33 34 16
34 35 3
36 37 11
36 50 18
37 38 10
38 39 3
39 40 11
40 41 1
42 43 13
43 44 9
43 57 10
44 45 17
45 59 12
46 47 10
47 48 10
47 61 2
48 49 17
49 50 13
49 63 8
50 51 16
51 65 5
52 53 5
53 54 19
54 55 17
55 69 19
56 57 5
57 58 3
58 59 1
58 72 2
60 61 15
60 74 9
61 62 12
62 63 9
62 76 16
64 65 11
64 78 3
65 66 15
66 67 11
67 68 5
68 69 18
68 82 11
70 71 16
71 72 11
71 84 2
72 73 5
73 74 4
73 86 10
74 75 17
75 88 8
76 77 13
77 78 15
77 90 8
78 79 1
79 80 7
79 92 19
81 82 5
83 96 17
84 85 16
85 86 17
86 87 15
88 89 2
89 90 1
91 92 16
92 93 4
93 94 16
94 95 11
95 96 9
1
2
3
31
32
46
47
61
62
79
93
96
