1543 1150 1 1150 676
1 2 7
1 48 11
2 3 10
3 4 15
3 50 14
4 5 1
5 6 10
5 52 11
6 7 11
7 8 10
7 54 12
9 10 8
10 11 17
11 12 6
12 13 12
13 14 18
13 60 7
14 15 6
15 16 4
15 62 14
16 17 2
17 18 2
17 64 9
18 19 5
19 20 19
19 66 5
20 21 14
21 22 19
21 68 9
22 23 9
23 24 3
23 70 2
24 25 13
25 26 1
25 72 7
26 27 1
27 28 14
29 30 3
29 76 18
30 31 9
31 32 1
31 78 5
32 33 14
33 34 18
33 80 18
34 35 14
35 36 16
35 82 1
36 37 3
37 38 16
37 84 12
38 39 2
39 40 6
39 86 1
40 41 2
41 42 9
41 88 15
42 43 15
43 44 14
43 90 18
45 46 14
45 92 13
46 47 6
47 94 17
48 49 16
49 50 4
49 97 17
50 51 5
51 52 8
51 99 4
53 101 2
54 55 12
56 57 3
57 58 9
57 105 14
58 59 17
59 60 19
59 107 18
60 61 11
61 62 17
62 63 7
63 64 19
63 111 15
64 65 12
65 66 6
65 113 12
66 67 12
67 68 16
67 115 1
68 69 17
69 70 12
69 117 16
70 71 18
71 72 14
71 119 18
72 73 17
73 74 12
73 121 18
74 75 1
75 76 4
75 123 3
76 77 6
77 78 17
78 79 6
79 127 11
80 81 14
81 82 11
81 129 19
82 83 3
83 84 8
83 131 6
85 86 16
85 133 3
86 87 13
87 88 1
87 135 14
88 89 2
89 90 3
89 137 16
90 91 4
91 92 4
91 139 10
92 93 11
93 94 4
93 141 19
94 95 10
95 143 16
96 97 17
96 144 6
97 98 8
98 99 10
98 146 16
99 100 10
100 101 10
100 148 18
101 102 13
102 150 10
103 104 6
104 105 5
104 152 4
105 106 17
106 154 2
107 108 1
108 109 5
108 156 5
109 110 2
110 111 14
110 158 2
111 112 2
112 113 12
112 160 6
114 115 8
114 162 3
115 116 7
116 164 12
117 118 7
118 119 5
119 120 7
120 168 9
121 122 18
122 123 11
122 170 2
123 124 17
124 125 6
124 172 17
125 126 4
126 127 4
126 174 16
127 128 1
128 129 16
128 176 10
129 130 17
130 178 15
131 132 9
132 133 5
132 180 12
133 134 12
134 135 5
134 182 1
135 136 12
136 184 12
137 138 16
138 139 17
138 186 8
139 140 14
140 188 16
141 142 4
142 143 9
142 190 8
145 146 10
145 193 16
146 147 10
147 148 6
147 195 6
148 149 9
149 150 7
149 197 8
150 151 9
151 152 16
151 199 3
152 153 4
153 154 2
153 201 14
154 155 12
155 156 9
155 203 17
156 157 12
157 158 6
157 205 4
158 159 5
159 160 4
159 207 18
160 161 10
161 162 18
161 209 12
162 163 1
163 164 3
163 211 12
164 165 17
165 166 1
165 213 17
166 167 7
167 168 19
167 215 16
169 170 4
169 217 12
170 171 12
171 172 7
172 173 11
173 174 16
174 175 11
175 176 12
175 223 9
176 177 6
177 178 12
177 225 7
178 179 7
179 180 13
179 227 17
180 181 15
181 182 18
182 183 13
183 184 10
183 231 7
184 185 3
185 186 18
185 233 19
186 187 3
187 188 12
187 235 19
188 189 6
189 190 12
189 237 1
190 191 1
191 239 4
192 193 3
193 194 8
194 195 18
194 242 13
195 196 12
196 197 1
196 244 17
197 198 8
198 199 2
198 246 6
199 200 13
200 201 11
200 248 8
201 202 1
202 203 12
202 250 14
203 204 9
204 205 6
204 252 1
205 206 16
206 207 14
206 254 14
207 208 15
208 209 2
208 256 9
209 210 3
210 211 4
210 258 3
211 212 11
212 213 11
212 260 3
213 214 15
214 215 11
214 262 3
215 216 17
216 217 17
217 218 7
218 219 5
218 266 11
219 220 16
220 221 16
220 268 7
221 222 13
222 223 8
222 270 9
223 224 8
224 225 6
224 272 10
225 226 5
226 274 10
227 228 13
228 229 6
228 276 16
229 230 4
230 231 17
230 278 16
231 232 7
232 233 12
232 280 5
233 234 2
234 282 8
235 236 4
236 237 9
236 284 19
237 238 16
238 239 9
238 286 8
240 241 5
241 242 3
242 243 17
243 291 12
245 246 12
245 293 4
246 247 10
247 248 5
247 295 1
248 249 12
249 297 15
250 251 6
251 252 1
252 253 14
253 254 13
253 301 15
254 255 11
255 256 13
255 303 14
256 257 4
257 258 11
257 305 8
258 259 11
259 260 7
259 307 6
260 261 8
261 262 9
261 309 1
262 263 9
263 264 7
263 311 9
264 265 18
265 266 8
265 313 13
266 267 18
267 268 15
267 315 9
268 269 15
269 270 4
270 271 18
271 272 17
271 319 12
272 273 12
273 274 17
273 321 18
274 275 18
275 276 7
275 323 6
276 277 7
277 278 15
277 325 14
278 279 14
279 280 9
279 327 13
280 281 4
281 329 6
282 283 17
283 284 17
283 331 11
284 285 9
285 333 9
287 335 4
288 289 13
288 336 6
289 290 14
290 291 13
290 338 14
291 292 13
292 293 15
292 340 16
293 294 9
294 295 1
294 342 4
296 297 4
296 344 5
297 298 11
298 299 15
298 346 11
299 300 16
300 348 5
301 302 15
302 303 7
302 350 5
303 304 8
304 305 19
305 306 14
306 307 19
306 354 6
307 308 16
308 309 16
308 356 10
310 311 7
310 358 15
311 312 17
312 313 9
312 360 5
313 314 15
314 315 14
314 362 8
315 316 12
316 317 10
316 364 18
317 318 13
318 319 3
318 366 17
319 320 6
320 321 3
320 368 16
321 322 8
322 323 2
322 370 2
323 324 18
324 325 6
324 372 10
325 326 9
326 327 14
326 374 18
327 328 9
328 329 2
328 376 9
329 330 10
330 331 3
330 378 10
331 332 17
332 333 3
332 380 19
333 334 12
334 335 12
334 382 12
336 337 4
337 338 1
337 385 19
338 339 18
339 340 3
339 387 8
340 341 18
341 342 19
341 389 14
342 343 1
343 344 8
344 345 7
345 346 2
345 393 5
346 347 15
347 348 16
347 395 10
348 349 3
349 350 15
349 397 2
350 351 16
351 352 12
351 399 6
352 353 4
353 354 18
353 401 10
354 355 19
355 356 10
355 403 10
356 357 11
357 358 1
357 405 14
358 359 15
359 360 16
359 407 7
360 361 17
361 362 6
361 409 10
362 363 1
363 364 17
363 411 16
364 365 4
365 366 17
365 413 2
366 367 14
367 368 14
367 415 9
368 369 14
369 370 1
369 417 13
370 371 13
371 372 12
371 419 12
372 373 15
373 421 12
374 375 19
375 376 1
375 423 9
377 378 11
377 425 5
378 379 17
379 380 5
379 427 18
380 381 15
381 382 14
381 429 2
382 383 13
383 431 11
384 385 16
384 432 13
385 386 16
386 387 19
386 434 16
387 388 15
388 436 17
389 390 10
390 391 3
390 438 9
391 392 13
392 393 2
392 440 10
393 394 8
394 395 17
395 396 19
396 397 14
396 444 16
397 398 7
398 399 18
398 446 19
399 400 16
400 401 5
400 448 13
401 402 11
402 403 15
402 450 13
404 405 3
404 452 8
405 406 11
406 407 5
406 454 17
407 408 16
408 409 13
408 456 5
409 410 13
410 411 13
410 458 8
411 412 1
412 413 5
412 460 2
414 415 15
414 462 1
415 416 10
416 417 10
416 464 7
417 418 7
418 419 13
418 466 12
419 420 15
420 421 13
420 468 4
421 422 15
422 423 17
422 470 5
423 424 15
424 425 3
424 472 16
425 426 5
426 474 3
427 428 8
428 476 3
430 431 13
430 478 8
432 433 5
433 434 11
433 481 19
434 435 19
435 436 4
436 437 8
437 438 3
437 485 6
438 439 17
439 440 13
439 487 6
440 441 1
441 442 8
441 489 15
442 443 19
443 444 11
443 491 2
444 445 12
445 446 7
447 495 18
448 449 8
449 497 12
450 451 19
451 452 12
451 499 16
453 454 15
453 501 9
454 455 1
455 456 9
455 503 13
456 457 11
457 458 2
457 505 12
459 460 3
459 507 15
460 461 6
461 509 16
462 463 7
463 464 14
463 511 1
464 465 14
465 466 7
465 513 18
466 467 14
467 468 10
467 515 3
469 470 18
469 517 5
470 471 7
471 472 5
471 519 7
472 473 7
473 474 10
473 521 2
474 475 9
475 476 3
475 523 8
476 477 8
477 478 2
477 525 17
478 479 14
479 527 4
480 528 18
481 482 18
482 483 3
482 530 1
483 484 13
484 485 10
484 532 15
485 486 5
486 487 17
486 534 2
487 488 9
488 489 18
488 536 16
489 490 15
490 491 9
490 538 1
491 492 12
492 493 8
492 540 2
493 494 16
494 495 1
494 542 11
495 496 16
496 497 16
496 544 4
497 498 2
498 499 12
498 546 18
499 500 9
500 548 10
501 502 3
502 503 11
502 550 10
503 504 16
504 505 16
504 552 19
505 506 10
506 507 5
506 554 8
507 508 14
508 509 2
508 556 1
509 510 13
510 511 2
511 512 11
512 513 16
512 560 19
513 514 1
514 515 11
514 562 14
515 516 9
516 517 7
516 564 17
517 518 14
518 519 12
518 566 8
519 520 15
520 521 7
520 568 16
522 523 10
522 570 9
523 524 7
524 525 2
524 572 9
526 527 12
526 574 11
528 529 13
529 530 16
529 577 5
530 531 19
531 532 13
531 579 13
532 533 11
533 534 8
533 581 11
534 535 6
535 536 6
535 583 9
536 537 1
537 538 1
537 585 2
539 540 15
539 587 14
540 541 11
541 542 1
542 543 5
543 544 19
543 591 8
544 545 6
545 546 18
545 593 13
546 547 8
547 595 1
548 549 10
549 550 7
549 597 4
550 551 7
551 552 19
551 599 17
552 553 12
553 554 7
554 555 18
555 556 7
555 603 2
556 557 16
557 558 15
557 605 5
558 559 13
559 560 17
560 561 18
561 562 3
561 609 7
562 563 10
563 564 2
563 611 17
564 565 8
565 566 1
566 567 5
567 568 18
567 615 13
568 569 4
569 570 11
569 617 10
570 571 14
571 572 1
571 619 8
572 573 9
573 574 7
573 621 18
574 575 10
575 623 2
576 577 10
576 624 7
577 578 7
578 579 5
578 626 12
579 580 2
580 581 14
580 628 10
581 582 13
582 583 9
582 630 7
583 584 3
584 585 16
584 632 10
585 586 2
586 634 3
587 588 13
588 589 5
588 636 6
589 590 18
590 591 1
590 638 12
591 592 5
592 593 13
592 640 9
593 594 2
594 642 19
595 596 9
596 597 14
596 644 2
597 598 1
598 599 10
598 646 18
599 600 16
600 601 8
601 602 6
602 603 4
602 650 16
604 605 1
604 652 12
605 606 16
606 607 1
606 654 7
607 608 18
608 609 9
608 656 14
609 610 15
610 611 2
610 658 14
611 612 2
612 613 17
612 660 7
613 614 12
614 615 5
614 662 6
615 616 9
616 617 4
616 664 3
617 618 9
618 619 1
618 666 7
619 620 14
620 621 15
620 668 18
621 622 2
622 623 12
622 670 10
624 625 4
625 626 4
625 673 7
626 627 6
627 628 1
627 675 7
628 629 5
629 630 3
629 677 5
630 631 15
631 632 16
631 679 2
632 633 3
633 634 17
633 681 11
634 635 9
635 636 6
635 683 15
636 637 16
637 638 1
637 685 1
638 639 4
639 640 15
640 641 1
641 642 14
642 643 5
643 644 17
644 645 5
645 646 18
645 693 12
646 647 12
647 648 1
647 695 11
648 649 1
649 650 14
649 697 5
650 651 14
651 652 4
651 699 4
652 653 3
653 654 13
653 701 9
654 655 14
655 656 14
655 703 11
656 657 7
657 658 7
657 705 15
658 659 10
659 660 8
659 707 10
660 661 8
661 662 3
661 709 2
662 663 6
663 664 7
663 711 3
664 665 13
665 666 15
665 713 12
666 667 17
667 668 16
667 715 18
669 670 1
669 717 16
670 671 9
671 719 10
672 673 10
672 720 3
673 674 13
674 675 17
674 722 13
675 676 9
676 677 4
676 724 4
677 678 19
678 679 11
678 726 9
679 680 2
680 681 18
680 728 6
682 683 8
682 730 17
683 684 4
684 685 8
684 732 11
685 686 11
686 687 10
686 734 18
687 688 6
688 689 16
688 736 6
690 691 8
690 738 16
691 692 14
692 693 9
692 740 10
693 694 4
694 695 11
694 742 5
695 696 2
696 697 12
696 744 2
697 698 12
698 699 17
698 746 16
699 700 4
700 701 6
701 702 6
702 703 2
702 750 14
703 704 6
704 705 6
704 752 7
705 706 5
706 707 6
706 754 11
707 708 16
708 709 9
708 756 13
709 710 17
710 758 11
712 713 1
712 760 3
713 714 9
714 715 18
714 762 3
715 716 8
716 717 15
716 764 11
717 718 15
718 719 13
718 766 2
720 721 14
721 722 11
721 769 16
722 723 16
723 724 1
723 771 18
724 725 18
725 726 17
725 773 13
726 727 8
727 728 7
727 775 10
728 729 3
729 730 7
729 777 2
730 731 2
731 732 13
731 779 14
732 733 1
733 734 8
733 781 2
734 735 13
735 736 15
735 783 19
736 737 6
737 738 16
737 785 8
738 739 6
739 740 18
739 787 9
740 741 2
741 742 4
741 789 13
742 743 2
743 744 5
743 791 19
744 745 16
745 746 11
745 793 8
746 747 16
747 748 9
747 795 9
748 749 14
749 750 4
749 797 9
751 752 4
751 799 13
752 753 8
753 754 10
753 801 5
754 755 11
755 756 8
755 803 5
756 757 1
757 758 17
757 805 19
758 759 5
759 760 4
759 807 7
760 761 3
761 809 19
763 764 18
763 811 16
764 765 13
765 766 18
765 813 14
766 767 11
767 815 1
768 769 12
768 816 3
769 770 18
770 771 6
770 818 18
771 772 9
772 773 13
772 820 15
773 774 1
774 775 14
774 822 6
775 776 5
776 777 11
776 824 17
778 826 7
779 780 7
780 781 17
780 828 1
781 782 5
782 783 7
782 830 1
784 785 13
784 832 16
785 786 14
786 787 19
786 834 1
787 788 12
788 789 19
788 836 3
789 790 7
790 791 13
790 838 16
792 793 14
792 840 18
793 794 8
794 795 15
794 842 11
795 796 5
796 797 14
796 844 10
797 798 8
798 799 6
798 846 4
799 800 17
800 801 2
801 802 4
802 803 17
802 850 4
804 805 2
804 852 17
805 806 10
806 807 13
806 854 11
807 808 16
808 809 9
808 856 4
809 810 17
810 858 18
811 812 3
812 813 8
812 860 3
813 814 17
814 815 8
814 862 11
816 817 10
817 818 17
817 865 7
818 819 3
819 820 5
819 867 3
820 821 6
821 822 4
821 869 7
822 823 4
823 824 2
823 871 5
824 825 8
825 826 1
826 827 14
827 828 2
828 829 13
829 830 5
829 877 7
830 831 3
831 832 12
831 879 18
832 833 5
833 834 7
833 881 10
834 835 10
835 836 4
835 883 9
836 837 3
837 838 6
837 885 4
838 839 8
839 840 4
839 887 7
840 841 16
841 842 2
841 889 7
843 844 8
843 891 19
844 845 8
845 846 2
845 893 13
846 847 6
847 848 18
848 849 1
849 850 15
849 897 15
850 851 10
851 852 1
851 899 13
852 853 1
853 854 17
853 901 11
854 855 12
855 856 17
855 903 18
857 905 14
858 859 9
859 860 13
859 907 8
860 861 1
861 862 11
861 909 6
862 863 4
863 911 2
864 865 9
864 912 4
865 866 10
866 867 18
866 914 16
867 868 13
868 869 12
868 916 13
869 870 5
870 871 17
870 918 18
871 872 18
872 873 12
872 920 1
874 875 19
874 922 4
875 876 10
876 877 1
876 924 18
877 878 3
878 879 11
878 926 18
879 880 6
880 928 14
881 882 5
882 883 10
882 930 5
883 884 15
884 885 7
884 932 17
885 886 9
886 887 13
886 934 14
887 888 1
888 889 12
888 936 18
889 890 5
890 891 15
890 938 19
891 892 2
892 940 11
893 894 10
894 895 11
894 942 16
895 896 10
896 897 5
896 944 11
897 898 5
898 899 1
898 946 10
899 900 4
900 901 14
900 948 5
901 902 19
902 903 16
902 950 17
903 904 1
904 905 16
904 952 14
905 906 17
906 907 3
906 954 16
907 908 8
908 909 14
909 910 8
910 911 4
912 913 18
913 914 7
913 961 5
914 915 17
915 916 5
915 963 1
917 918 12
917 965 12
918 919 13
919 920 4
919 967 18
920 921 17
921 922 4
921 969 16
922 923 2
923 924 14
923 971 14
924 925 3
925 973 17
926 927 2
927 928 11
927 975 9
928 929 19
929 930 12
929 977 7
931 932 14
931 979 12
933 934 12
934 935 1
935 983 7
936 937 4
937 938 6
938 939 17
939 940 13
939 987 13
940 941 12
941 942 5
941 989 8
942 943 4
943 944 10
943 991 16
944 945 18
945 946 11
945 993 18
946 947 8
947 948 2
947 995 5
949 950 14
949 997 2
950 951 2
951 952 10
951 999 10
952 953 18
953 954 16
953 1001 11
954 955 7
955 956 5
955 1003 4
956 957 8
957 958 14
957 1005 13
958 959 10
959 1007 7
960 961 18
960 1008 17
961 962 9
962 963 2
962 1010 19
963 964 18
964 965 6
964 1012 11
965 966 6
966 967 10
966 1014 11
967 968 5
968 969 18
968 1016 7
969 970 13
970 971 12
970 1018 9
971 972 1
972 973 12
972 1020 7
973 974 11
974 975 17
974 1022 8
975 976 9
976 977 15
976 1024 17
977 978 15
978 979 17
978 1026 3
979 980 5
980 1028 7
981 982 5
982 983 6
982 1030 6
983 984 9
984 985 7
984 1032 16
985 986 1
986 987 7
986 1034 11
987 988 4
988 989 2
988 1036 19
989 990 2
990 991 13
990 1038 19
991 992 11
992 993 7
992 1040 8
993 994 12
994 995 13
994 1042 16
995 996 13
996 997 14
996 1044 3
997 998 15
998 999 17
998 1046 8
999 1000 16
1000 1001 7
1000 1048 9
1001 1002 9
1002 1003 3
1002 1050 1
1003 1004 15
1004 1005 16
1004 1052 15
1005 1006 6
1006 1007 5
1006 1054 16
1008 1009 4
1009 1010 12
1009 1057 12
1010 1011 16
1011 1012 17
1011 1059 6
1012 1013 15
1013 1061 2
1014 1015 4
1015 1016 7
1015 1063 7
1016 1017 7
1017 1018 3
1017 1065 5
1018 1019 18
1019 1020 9
1019 1067 18
1020 1021 6
1021 1022 10
1021 1069 16
1022 1023 14
1023 1024 1
1023 1071 3
1024 1025 6
1025 1026 18
1025 1073 18
1026 1027 19
1027 1028 2
1027 1075 19
1028 1029 8
1029 1030 16
1029 1077 18
1030 1031 12
1031 1032 13
1031 1079 4
1032 1033 9
1033 1034 2
1033 1081 5
1034 1035 3
1035 1036 18
1035 1083 6
1036 1037 3
1037 1038 3
1037 1085 2
1038 1039 19
1039 1040 1
1039 1087 16
1040 1041 2
1041 1042 4
1041 1089 1
1042 1043 12
1043 1044 7
1043 1091 13
1044 1045 5
1045 1093 7
1047 1048 8
1047 1095 9
1049 1097 12
1050 1051 9
1051 1052 10
1051 1099 16
1052 1053 18
1053 1054 17
1054 1055 16
1055 1103 10
1056 1057 4
1056 1104 4
1057 1058 3
1058 1059 12
1058 1106 18
1060 1061 8
1060 1108 13
1061 1062 2
1062 1063 12
1062 1110 4
1064 1065 8
1064 1112 14
1065 1066 6
1066 1067 8
1066 1114 11
1067 1068 11
1068 1069 11
1068 1116 19
1069 1070 5
1070 1071 5
1070 1118 3
1071 1072 15
1072 1073 11
1072 1120 19
1073 1074 11
1074 1122 12
1075 1076 14
1076 1077 19
1076 1124 1
1077 1078 16
1078 1079 6
1078 1126 19
1079 1080 17
1080 1081 9
1080 1128 7
1081 1082 3
1082 1083 9
1082 1130 4
1083 1084 2
1084 1085 18
1084 1132 5
1085 1086 14
1086 1087 8
1086 1134 17
1088 1089 16
1089 1090 19
1090 1091 8
1090 1138 8
1091 1092 12
1092 1093 15
1092 1140 12
1093 1094 18
1094 1095 8
1095 1096 8
1096 1097 15
1096 1144 1
1097 1098 10
1098 1099 1
1098 1146 15
1100 1101 1
1100 1148 16
1101 1102 9
1102 1103 19
1104 1105 1
1105 1106 1
1106 1107 12
1107 1108 1
1108 1109 11
1109 1110 18
1110 1111 10
1111 1112 6
1112 1113 13
1113 1114 13
1114 1115 10
1115 1116 13
1116 1117 5
1118 1119 16
1119 1120 5
1120 1121 6
1121 1122 7
1122 1123 5
1123 1124 11
1124 1125 10
1125 1126 4
1126 1127 3
1127 1128 7
1129 1130 18
1130 1131 10
1131 1132 12
1132 1133 17
1133 1134 4
1134 1135 5
1135 1136 11
1136 1137 17
1137 1138 19
1138 1139 15
1139 1140 17
1140 1141 16
1141 1142 5
1142 1143 11
1143 1144 11
1145 1146 17
1146 1147 15
1147 1148 8
1148 1149 5
1149 1150 3
4
6
9
11
14
16
17
18
19
22
24
27
29
31
32
34
35
36
37
38
40
41
42
43
44
45
46
47
49
54
56
57
58
60
61
62
64
67
68
70
71
72
73
75
76
78
79
81
82
83
85
87
88
89
91
92
93
95
96
97
98
101
102
104
106
107
108
109
110
111
112
113
116
118
119
120
121
122
123
124
126
127
128
129
132
133
134
135
136
137
138
139
141
142
143
145
146
147
150
151
152
153
154
155
156
157
158
160
161
162
163
164
165
168
169
170
172
173
175
176
178
179
180
181
182
183
185
187
189
190
191
192
194
195
196
200
201
203
205
206
209
211
214
215
217
219
220
221
222
223
224
226
227
228
229
231
234
235
236
238
239
240
241
243
244
245
248
250
251
255
256
257
259
260
261
263
264
265
266
269
272
273
276
277
279
280
281
283
284
288
289
290
293
296
297
301
304
305
307
308
309
310
311
312
313
314
315
317
319
320
322
323
324
327
328
329
333
336
338
340
341
346
348
350
352
353
355
356
357
358
359
361
362
365
367
368
372
373
374
375
376
377
378
379
383
385
388
389
391
394
395
397
400
401
403
404
405
406
407
408
409
411
413
415
416
417
419
420
421
425
426
427
428
429
430
432
436
437
439
445
446
447
450
451
452
454
455
456
457
458
460
463
464
465
467
470
473
475
480
481
482
484
486
487
488
492
493
494
495
499
501
503
504
506
510
511
513
514
516
517
518
519
520
521
522
524
526
527
528
529
530
531
533
535
536
540
543
548
549
552
553
555
556
558
559
560
562
563
564
568
569
571
574
576
582
583
584
587
589
592
593
595
596
597
600
601
603
605
607
609
610
611
613
615
616
617
619
621
622
624
627
628
629
633
636
637
639
640
641
642
643
644
645
646
649
650
651
652
653
655
656
657
658
659
660
662
663
664
666
667
669
670
671
673
674
676
677
678
680
681
685
686
688
690
692
693
694
696
697
698
699
700
701
703
705
706
707
708
709
712
713
716
717
720
721
722
725
726
727
731
734
735
737
739
740
741
742
743
746
747
749
750
751
753
754
756
758
759
760
761
762
764
768
769
770
771
772
775
777
778
779
780
783
784
786
787
788
789
791
793
796
797
799
800
804
807
808
809
811
812
813
814
816
817
818
819
821
822
823
825
826
828
838
840
843
844
845
846
847
848
850
852
854
856
857
859
861
863
865
866
868
869
871
872
875
879
881
882
883
887
888
889
890
891
894
895
898
900
901
902
904
908
909
911
912
914
916
919
920
921
923
924
926
927
928
931
932
933
936
937
939
940
942
944
948
949
950
952
954
956
957
958
960
961
964
965
966
971
973
975
976
977
978
979
982
993
995
996
997
999
1000
1001
1002
1003
1004
1006
1007
1008
1011
1012
1013
1014
1015
1018
1020
1021
1023
1024
1025
1026
1027
1028
1029
1032
1034
1035
1037
1046
1047
1050
1051
1052
1054
1056
1058
1059
1062
1065
1066
1071
1073
1076
1079
1083
1085
1088
1092
1101
1102
1103
1106
1107
1109
1111
1113
1115
1117
1118
1119
1120
1122
1125
1126
1127
1129
1130
1131
1132
1133
1135
1137
1138
1141
1142
1143
1144
