3288 1248 1 1248 790
1 2 10
2 1 10
1 50 4
50 1 4
2 3 12
3 2 12
3 4 15
4 3 15
3 52 17
52 3 17
4 5 8
5 4 8
5 6 17
6 5 17
5 54 6
54 5 6
6 7 7
7 6 7
7 8 1
8 7 1
7 56 12
56 7 12
8 9 14
9 8 14
9 10 1
10 9 1
9 58 1
58 9 1
10 11 2
11 10 2
11 12 6
12 11 6
11 60 11
60 11 11
13 14 17
14 13 17
13 62 3
62 13 3
14 15 12
15 14 12
15 16 1
16 15 1
15 64 7
64 15 7
16 17 17
17 16 17
17 18 14
18 17 14
17 66 8
66 17 8
18 19 1
19 18 1
20 21 7
21 20 7
21 22 17
22 21 17
22 23 6
23 22 6
23 24 11
24 23 11
23 72 19
72 23 19
24 25 4
25 24 4
25 26 11
26 25 11
25 74 7
74 25 7
26 27 13
27 26 13
27 28 8
28 27 8
27 76 12
76 27 12
28 29 7
29 28 7
29 30 6
30 29 6
29 78 5
78 29 5
30 31 6
31 30 6
31 32 2
32 31 2
31 80 1
80 31 1
32 33 15
33 32 15
33 34 16
34 33 16
33 82 15
82 33 15
34 35 17
35 34 17
35 36 1
36 35 1
35 84 19
84 35 19
37 38 11
38 37 11
37 86 6
86 37 6
38 39 2
39 38 2
40 41 16
41 40 16
41 42 16
42 41 16
42 43 11
43 42 11
43 44 4
44 43 4
44 45 16
45 44 16
45 46 12
46 45 12
45 94 17
94 45 17
46 47 5
47 46 5
47 48 17
48 47 17
47 96 8
96 47 8
48 49 4
49 48 4
49 98 19
98 49 19
50 51 1
51 50 1
51 52 7
52 51 7
51 101 17
101 51 17
52 53 6
53 52 6
53 54 4
54 53 4
53 103 12
103 53 12
54 55 6
55 54 6
55 56 10
56 55 10
57 58 6
58 57 6
57 107 15
107 57 15
59 60 10
60 59 10
59 109 6
109 59 6
60 61 10
61 60 10
61 62 8
62 61 8
61 111 6
111 61 6
62 63 8
63 62 8
63 64 6
64 63 6
64 65 11
65 64 11
65 66 18
66 65 18
65 115 7
115 65 7
66 67 15
67 66 15
67 68 10
68 67 10
67 117 8
117 67 8
69 70 4
70 69 4
69 119 15
119 69 15
70 71 13
71 70 13
71 72 12
72 71 12
71 121 10
121 71 10
72 73 11
73 72 11
73 74 1
74 73 1
73 123 7
123 73 7
75 125 13
125 75 13
76 77 13
77 76 13
77 78 17
78 77 17
77 127 5
127 77 5
78 79 4
79 78 4
79 80 9
80 79 9
79 129 19
129 79 19
80 81 12
81 80 12
81 82 7
82 81 7
81 131 10
131 81 10
82 83 11
83 82 11
83 84 7
84 83 7
83 133 14
133 83 14
84 85 12
85 84 12
85 86 1
86 85 1
86 87 10
87 86 10
87 88 13
88 87 13
87 137 16
137 87 16
88 89 3
89 88 3
89 90 5
90 89 5
89 139 9
139 89 9
90 91 13
91 90 13
91 92 11
92 91 11
91 141 9
141 91 9
93 94 14
94 93 14
93 143 7
143 93 7
94 95 19
95 94 19
95 96 4
96 95 4
95 145 16
145 95 16
96 97 13
97 96 13
97 98 13
98 97 13
97 147 16
147 97 16
98 99 8
99 98 8
99 149 14
149 99 14
100 101 13
101 100 13
100 150 17
150 100 17
101 102 9
102 101 9
102 103 19
103 102 19
102 152 14
152 102 14
103 104 18
104 103 18
104 154 9
154 104 9
105 106 6
106 105 6
106 107 12
107 106 12
106 156 16
156 106 16
107 108 9
108 107 9
108 109 6
109 108 6
108 158 6
158 108 6
109 110 5
110 109 5
110 111 10
111 110 10
110 160 8
160 110 8
112 113 5
113 112 5
112 162 19
162 112 19
114 164 15
164 114 15
115 116 10
116 115 10
116 117 3
117 116 3
116 166 18
166 116 18
117 118 15
118 117 15
118 168 1
168 118 1
119 120 9
120 119 9
120 170 7
170 120 7
121 122 8
122 121 8
122 123 7
123 122 7
123 124 5
124 123 5
124 125 15
125 124 15
124 174 9
174 124 9
126 176 2
176 126 2
128 129 1
129 128 1
128 178 2
178 128 2
130 131 11
131 130 11
131 132 6
132 131 6
132 133 17
133 132 17
132 182 18
182 132 18
133 134 19
134 133 19
134 135 1
135 134 1
134 184 19
184 134 19
135 136 13
136 135 13
136 137 12
137 136 12
136 186 4
186 136 4
137 138 15
138 137 15
138 139 2
139 138 2
138 188 5
188 138 5
139 140 15
140 139 15
140 141 8
141 140 8
140 190 4
190 140 4
141 142 1
142 141 1
142 143 8
143 142 8
142 192 16
192 142 16
143 144 2
144 143 2
144 145 4
145 144 4
144 194 1
194 144 1
145 146 7
146 145 7
146 147 1
147 146 1
146 196 3
196 146 3
148 149 2
149 148 2
148 198 8
198 148 8
150 151 18
151 150 18
151 152 11
152 151 11
151 201 19
201 151 19
152 153 6
153 152 6
153 154 12
154 153 12
153 203 5
203 153 5
154 155 8
155 154 8
155 156 4
156 155 4
155 205 1
205 155 1
156 157 10
157 156 10
157 158 5
158 157 5
157 207 9
207 157 9
158 159 1
159 158 1
159 160 10
160 159 10
159 209 15
209 159 15
160 161 10
161 160 10
161 162 18
162 161 18
161 211 13
211 161 13
162 163 3
163 162 3
163 164 16
164 163 16
163 213 14
213 163 14
164 165 13
165 164 13
165 166 11
166 165 11
165 215 19
215 165 19
166 167 17
167 166 17
167 168 8
168 167 8
167 217 17
217 167 17
168 169 8
169 168 8
169 170 7
170 169 7
169 219 18
219 169 18
171 172 9
172 171 9
171 221 18
221 171 18
172 173 7
173 172 7
173 174 11
174 173 11
173 223 11
223 173 11
174 175 13
175 174 13
175 176 14
176 175 14
175 225 6
225 175 6
176 177 12
177 176 12
177 178 6
178 177 6
177 227 19
227 177 19
178 179 2
179 178 2
179 180 17
180 179 17
179 229 9
229 179 9
180 181 12
181 180 12
181 182 7
182 181 7
181 231 6
231 181 6
182 183 11
183 182 11
183 184 3
184 183 3
183 233 14
233 183 14
184 185 16
185 184 16
185 186 16
186 185 16
185 235 15
235 185 15
187 237 12
237 187 12
188 189 14
189 188 14
189 190 14
190 189 14
189 239 5
239 189 5
190 191 11
191 190 11
191 192 18
192 191 18
191 241 11
241 191 11
193 194 8
194 193 8
193 243 11
243 193 11
194 195 19
195 194 19
195 196 1
196 195 1
195 245 13
245 195 13
196 197 12
197 196 12
197 198 5
198 197 5
197 247 11
247 197 11
198 199 3
199 198 3
199 249 16
249 199 16
200 201 2
201 200 2
200 250 8
250 200 8
201 202 2
202 201 2
202 203 6
203 202 6
202 252 19
252 202 19
203 204 3
204 203 3
204 205 5
205 204 5
204 254 13
254 204 13
205 206 14
206 205 14
206 207 2
207 206 2
206 256 18
256 206 18
207 208 4
208 207 4
208 209 16
209 208 16
208 258 9
258 208 9
209 210 15
210 209 15
210 211 17
211 210 17
210 260 14
260 210 14
211 212 11
212 211 11
213 214 16
214 213 16
214 215 2
215 214 2
214 264 6
264 214 6
215 216 15
216 215 15
216 217 19
217 216 19
216 266 2
266 216 2
218 219 7
219 218 7
218 268 3
268 218 3
220 221 19
221 220 19
221 222 13
222 221 13
222 223 12
223 222 12
222 272 5
272 222 5
223 224 15
224 223 15
224 225 1
225 224 1
224 274 4
274 224 4
225 226 4
226 225 4
226 227 2
227 226 2
226 276 19
276 226 19
227 228 14
228 227 14
228 278 11
278 228 11
229 230 4
230 229 4
230 231 14
231 230 14
230 280 3
280 230 3
231 232 7
232 231 7
232 233 6
233 232 6
232 282 11
282 232 11
233 234 18
234 233 18
234 235 2
235 234 2
234 284 17
284 234 17
235 236 17
236 235 17
236 237 15
237 236 15
236 286 7
286 236 7
237 238 6
238 237 6
238 239 19
239 238 19
238 288 9
288 238 9
239 240 7
240 239 7
240 241 3
241 240 3
240 290 18
290 240 18
241 242 19
242 241 19
242 243 1
243 242 1
242 292 11
292 242 11
243 244 6
244 243 6
244 245 16
245 244 16
244 294 1
294 244 1
245 246 11
246 245 11
246 247 5
247 246 5
246 296 13
296 246 13
247 248 4
248 247 4
248 249 9
249 248 9
248 298 13
298 248 13
250 251 16
251 250 16
251 252 5
252 251 5
251 301 5
301 251 5
253 254 2
254 253 2
253 303 18
303 253 18
254 255 3
255 254 3
255 256 2
256 255 2
255 305 3
305 255 3
256 257 6
257 256 6
257 258 8
258 257 8
257 307 8
307 257 8
258 259 6
259 258 6
259 260 6
260 259 6
259 309 10
309 259 10
260 261 15
261 260 15
261 262 17
262 261 17
261 311 14
311 261 14
262 263 17
263 262 17
263 264 18
264 263 18
263 313 17
313 263 17
265 266 6
266 265 6
266 267 11
267 266 11
267 268 2
268 267 2
267 317 19
317 267 19
268 269 10
269 268 10
269 270 1
270 269 1
269 319 9
319 269 9
270 271 1
271 270 1
271 272 17
272 271 17
271 321 18
321 271 18
272 273 3
273 272 3
273 274 19
274 273 19
273 323 16
323 273 16
274 275 12
275 274 12
275 276 3
276 275 3
275 325 6
325 275 6
276 277 17
277 276 17
277 278 12
278 277 12
278 279 15
279 278 15
279 280 5
280 279 5
281 282 8
282 281 8
281 331 3
331 281 3
282 283 7
283 282 7
283 284 9
284 283 9
283 333 19
333 283 19
284 285 14
285 284 14
285 286 7
286 285 7
285 335 1
335 285 1
286 287 9
287 286 9
287 288 15
288 287 15
287 337 13
337 287 13
289 290 12
290 289 12
291 292 10
292 291 10
291 341 12
341 291 12
292 293 2
293 292 2
293 294 12
294 293 12
293 343 14
343 293 14
294 295 10
295 294 10
295 296 4
296 295 4
295 345 9
345 295 9
296 297 1
297 296 1
297 298 17
298 297 17
298 299 11
299 298 11
299 349 9
349 299 9
300 301 8
301 300 8
300 350 11
350 300 11
301 302 9
302 301 9
302 303 2
303 302 2
302 352 1
352 302 1
303 304 17
304 303 17
304 354 19
354 304 19
306 356 9
356 306 9
308 309 14
309 308 14
308 358 19
358 308 19
309 310 1
310 309 1
310 311 19
311 310 19
310 360 13
360 310 13
312 313 7
313 312 7
313 314 16
314 313 16
314 315 10
315 314 10
314 364 9
364 314 9
315 316 7
316 315 7
316 317 10
317 316 10
316 366 18
366 316 18
317 318 2
318 317 2
318 319 9
319 318 9
318 368 17
368 318 17
319 320 13
320 319 13
320 321 6
321 320 6
320 370 2
370 320 2
321 322 17
322 321 17
322 323 1
323 322 1
323 324 9
324 323 9
324 325 4
325 324 4
325 326 17
326 325 17
326 327 6
327 326 6
326 376 10
376 326 10
327 328 5
328 327 5
328 329 13
329 328 13
328 378 3
378 328 3
329 330 16
330 329 16
330 380 5
380 330 5
331 332 10
332 331 10
332 333 8
333 332 8
332 382 4
382 332 4
333 334 11
334 333 11
334 335 13
335 334 13
334 384 18
384 334 18
335 336 3
336 335 3
336 337 3
337 336 3
337 338 10
338 337 10
338 339 14
339 338 14
338 388 3
388 338 3
339 340 3
340 339 3
340 341 17
341 340 17
340 390 5
390 340 5
341 342 19
342 341 19
342 343 7
343 342 7
342 392 12
392 342 12
343 344 7
344 343 7
344 345 16
345 344 16
344 394 3
394 344 3
345 346 17
346 345 17
346 347 2
347 346 2
346 396 10
396 346 10
347 348 13
348 347 13
348 349 9
349 348 9
348 398 6
398 348 6
350 351 3
351 350 3
351 401 2
401 351 2
352 353 17
353 352 17
353 354 15
354 353 15
353 403 19
403 353 19
354 355 3
355 354 3
355 356 10
356 355 10
355 405 6
405 355 6
357 358 8
358 357 8
357 407 12
407 357 12
358 359 10
359 358 10
359 360 14
360 359 14
359 409 4
409 359 4
360 361 9
361 360 9
361 362 5
362 361 5
361 411 15
411 361 15
362 363 10
363 362 10
363 413 14
413 363 14
364 365 2
365 364 2
365 366 15
366 365 15
366 367 13
367 366 13
367 368 6
368 367 6
367 417 10
417 367 10
368 369 14
369 368 14
369 370 4
370 369 4
370 371 3
371 370 3
371 372 6
372 371 6
371 421 10
421 371 10
372 373 1
373 372 1
373 374 19
374 373 19
373 423 1
423 373 1
375 425 3
425 375 3
376 377 9
377 376 9
377 378 14
378 377 14
377 427 12
427 377 12
379 380 11
380 379 11
379 429 19
429 379 19
380 381 16
381 380 16
381 382 18
382 381 18
381 431 9
431 381 9
382 383 18
383 382 18
383 384 6
384 383 6
383 433 13
433 383 13
384 385 7
385 384 7
385 386 9
386 385 9
385 435 1
435 385 1
386 387 12
387 386 12
387 388 14
388 387 14
387 437 7
437 387 7
388 389 19
389 388 19
389 390 10
390 389 10
389 439 11
439 389 11
390 391 1
391 390 1
391 392 2
392 391 2
391 441 6
441 391 6
393 394 9
394 393 9
393 443 2
443 393 2
394 395 13
395 394 13
395 396 16
396 395 16
395 445 6
445 395 6
396 397 17
397 396 17
397 398 15
398 397 15
397 447 7
447 397 7
398 399 5
399 398 5
399 449 18
449 399 18
400 401 4
401 400 4
400 450 3
450 400 3
401 402 7
402 401 7
402 403 14
403 402 14
403 404 14
404 403 14
404 454 18
454 404 18
405 406 12
406 405 12
406 407 12
407 406 12
407 408 2
408 407 2
408 409 16
409 408 16
408 458 13
458 408 13
409 410 4
410 409 4
410 460 11
460 410 11
411 412 13
412 411 13
412 413 7
413 412 7
412 462 8
462 412 8
413 414 16
414 413 16
414 415 12
415 414 12
414 464 19
464 414 19
415 416 10
416 415 10
416 417 13
417 416 13
416 466 16
466 416 16
417 418 15
418 417 15
418 419 13
419 418 13
418 468 10
468 418 10
419 420 3
420 419 3
420 421 3
421 420 3
420 470 17
470 420 17
421 422 16
422 421 16
422 423 2
423 422 2
422 472 17
472 422 17
423 424 12
424 423 12
424 425 4
425 424 4
424 474 9
474 424 9
425 426 9
426 425 9
426 427 16
427 426 16
426 476 2
476 426 2
427 428 6
428 427 6
428 429 11
429 428 11
428 478 19
478 428 19
429 430 18
430 429 18
430 431 19
431 430 19
431 432 8
432 431 8
432 433 16
433 432 16
432 482 13
482 432 13
433 434 12
434 433 12
434 435 8
435 434 8
434 484 6
484 434 6
435 436 6
436 435 6
436 437 17
437 436 17
436 486 6
486 436 6
437 438 12
438 437 12
438 439 16
439 438 16
438 488 14
488 438 14
439 440 1
440 439 1
440 441 13
441 440 13
440 490 15
490 440 15
441 442 9
442 441 9
442 443 1
443 442 1
442 492 16
492 442 16
443 444 3
444 443 3
444 445 9
445 444 9
444 494 17
494 444 17
445 446 4
446 445 4
446 496 15
496 446 15
447 448 1
448 447 1
448 449 17
449 448 17
448 498 15
498 448 15
450 451 2
451 450 2
451 452 9
452 451 9
451 501 14
501 451 14
452 453 17
453 452 17
453 454 7
454 453 7
453 503 5
503 453 5
455 456 8
456 455 8
455 505 10
505 455 10
457 458 8
458 457 8
457 507 18
507 457 18
458 459 16
459 458 16
459 460 17
460 459 17
459 509 8
509 459 8
460 461 18
461 460 18
461 462 8
462 461 8
461 511 2
511 461 2
462 463 16
463 462 16
463 464 19
464 463 19
463 513 3
513 463 3
464 465 4
465 464 4
465 466 18
466 465 18
465 515 10
515 465 10
466 467 10
467 466 10
467 468 3
468 467 3
467 517 8
517 467 8
468 469 6
469 468 6
469 470 4
470 469 4
469 519 7
519 469 7
470 471 2
471 470 2
471 472 18
472 471 18
471 521 12
521 471 12
472 473 5
473 472 5
473 474 4
474 473 4
474 475 5
475 474 5
475 476 9
476 475 9
475 525 9
525 475 9
476 477 3
477 476 3
477 478 4
478 477 4
477 527 15
527 477 15
478 479 14
479 478 14
479 529 16
529 479 16
480 481 14
481 480 14
481 482 3
482 481 3
481 531 6
531 481 6
482 483 6
483 482 6
483 484 2
484 483 2
483 533 12
533 483 12
484 485 14
485 484 14
485 486 1
486 485 1
485 535 14
535 485 14
486 487 10
487 486 10
487 488 2
488 487 2
487 537 11
537 487 11
488 489 19
489 488 19
489 490 17
490 489 17
489 539 7
539 489 7
490 491 3
491 490 3
491 492 4
492 491 4
491 541 14
541 491 14
492 493 9
493 492 9
493 494 4
494 493 4
493 543 1
543 493 1
494 495 5
495 494 5
495 496 5
496 495 5
495 545 19
545 495 19
496 497 7
497 496 7
497 498 4
498 497 4
497 547 15
547 497 15
498 499 8
499 498 8
499 549 18
549 499 18
500 501 1
501 500 1
500 550 6
550 500 6
501 502 5
502 501 5
502 503 1
503 502 1
502 552 4
552 502 4
503 504 12
504 503 12
504 505 15
505 504 15
504 554 19
554 504 19
505 506 11
506 505 11
506 507 15
507 506 15
506 556 13
556 506 13
508 509 1
509 508 1
508 558 16
558 508 16
509 510 18
510 509 18
510 511 15
511 510 15
510 560 4
560 510 4
512 513 17
513 512 17
512 562 8
562 512 8
513 514 17
514 513 17
514 515 15
515 514 15
514 564 16
564 514 16
515 516 16
516 515 16
516 566 7
566 516 7
517 518 8
518 517 8
518 519 1
519 518 1
518 568 11
568 518 11
520 521 3
521 520 3
520 570 4
570 520 4
521 522 16
522 521 16
522 523 12
523 522 12
522 572 7
572 522 7
523 524 7
524 523 7
524 525 12
525 524 12
525 526 1
526 525 1
526 527 6
527 526 6
526 576 14
576 526 14
527 528 3
528 527 3
528 529 4
529 528 4
528 578 2
578 528 2
529 530 14
530 529 14
530 531 15
531 530 15
530 580 4
580 530 4
531 532 15
532 531 15
532 533 9
533 532 9
532 582 18
582 532 18
533 534 16
534 533 16
534 535 15
535 534 15
534 584 17
584 534 17
535 536 9
536 535 9
536 537 2
537 536 2
536 586 16
586 536 16
537 538 13
538 537 13
538 539 14
539 538 14
538 588 1
588 538 1
539 540 5
540 539 5
540 541 18
541 540 18
540 590 14
590 540 14
541 542 11
542 541 11
542 543 14
543 542 14
542 592 19
592 542 19
543 544 2
544 543 2
544 545 2
545 544 2
544 594 15
594 544 15
545 546 8
546 545 8
546 547 9
547 546 9
546 596 1
596 546 1
547 548 14
548 547 14
548 549 7
549 548 7
548 598 11
598 548 11
550 551 15
551 550 15
551 552 7
552 551 7
551 601 6
601 551 6
552 553 19
553 552 19
553 554 1
554 553 1
554 555 5
555 554 5
555 556 5
556 555 5
555 605 11
605 555 11
556 557 10
557 556 10
557 558 7
558 557 7
557 607 14
607 557 14
558 559 12
559 558 12
559 560 18
560 559 18
559 609 4
609 559 4
560 561 16
561 560 16
561 562 12
562 561 12
561 611 13
611 561 13
562 563 13
563 562 13
563 564 13
564 563 13
563 613 10
613 563 10
564 565 18
565 564 18
565 566 16
566 565 16
565 615 4
615 565 4
566 567 8
567 566 8
567 568 9
568 567 9
567 617 4
617 567 4
568 569 11
569 568 11
569 570 10
570 569 10
569 619 17
619 569 17
570 571 16
571 570 16
571 572 18
572 571 18
571 621 15
621 571 15
573 574 1
574 573 1
573 623 5
623 573 5
575 625 11
625 575 11
576 577 13
577 576 13
577 627 4
627 577 4
578 579 8
579 578 8
579 580 2
580 579 2
579 629 10
629 579 10
580 581 6
581 580 6
581 582 16
582 581 16
581 631 5
631 581 5
582 583 8
583 582 8
583 584 2
584 583 2
583 633 18
633 583 18
584 585 3
585 584 3
585 586 8
586 585 8
585 635 6
635 585 6
586 587 18
587 586 18
587 588 9
588 587 9
587 637 16
637 587 16
588 589 5
589 588 5
589 639 6
639 589 6
590 591 7
591 590 7
591 592 16
592 591 16
591 641 1
641 591 1
592 593 2
593 592 2
593 643 19
643 593 19
595 645 5
645 595 5
596 597 3
597 596 3
597 647 15
647 597 15
598 599 18
599 598 18
599 649 12
649 599 12
600 601 10
601 600 10
600 650 6
650 600 6
601 602 6
602 601 6
602 603 18
603 602 18
602 652 15
652 602 15
603 604 11
604 603 11
604 605 1
605 604 1
604 654 2
654 604 2
605 606 13
606 605 13
606 607 5
607 606 5
606 656 4
656 606 4
607 608 10
608 607 10
608 609 7
609 608 7
608 658 6
658 608 6
610 611 6
611 610 6
610 660 15
660 610 15
611 612 19
612 611 19
612 613 3
613 612 3
612 662 13
662 612 13
613 614 11
614 613 11
614 615 10
615 614 10
614 664 10
664 614 10
615 616 13
616 615 13
616 617 5
617 616 5
618 619 18
619 618 18
618 668 6
668 618 6
619 620 12
620 619 12
620 621 16
621 620 16
620 670 4
670 620 4
621 622 11
622 621 11
622 623 13
623 622 13
622 672 12
672 622 12
623 624 18
624 623 18
624 674 5
674 624 5
625 626 15
626 625 15
626 627 13
627 626 13
626 676 8
676 626 8
627 628 17
628 627 17
628 629 1
629 628 1
629 630 6
630 629 6
630 631 8
631 630 8
631 632 13
632 631 13
632 633 11
633 632 11
632 682 13
682 632 13
633 634 7
634 633 7
634 635 1
635 634 1
634 684 2
684 634 2
635 636 2
636 635 2
636 637 16
637 636 16
638 639 19
639 638 19
638 688 1
688 638 1
639 640 15
640 639 15
640 641 15
641 640 15
640 690 15
690 640 15
641 642 6
642 641 6
642 643 13
643 642 13
642 692 3
692 642 3
643 644 1
644 643 1
644 645 18
645 644 18
644 694 7
694 644 7
645 646 17
646 645 17
646 647 2
647 646 2
647 648 11
648 647 11
648 649 14
649 648 14
648 698 17
698 648 17
650 651 12
651 650 12
651 652 6
652 651 6
651 701 8
701 651 8
652 653 10
653 652 10
653 654 9
654 653 9
653 703 15
703 653 15
654 655 3
655 654 3
655 656 19
656 655 19
655 705 8
705 655 8
656 657 15
657 656 15
657 707 15
707 657 15
658 659 2
659 658 2
659 660 1
660 659 1
659 709 17
709 659 17
660 661 10
661 660 10
661 711 17
711 661 17
662 663 9
663 662 9
663 664 18
664 663 18
663 713 3
713 663 3
664 665 13
665 664 13
665 666 16
666 665 16
665 715 11
715 665 11
666 667 7
667 666 7
667 668 5
668 667 5
667 717 1
717 667 1
668 669 13
669 668 13
669 719 2
719 669 2
670 671 1
671 670 1
671 672 4
672 671 4
671 721 12
721 671 12
672 673 10
673 672 10
673 674 4
674 673 4
673 723 13
723 673 13
674 675 13
675 674 13
675 676 13
676 675 13
675 725 9
725 675 9
676 677 5
677 676 5
677 727 15
727 677 15
678 679 3
679 678 3
679 680 4
680 679 4
679 729 9
729 679 9
680 681 17
681 680 17
682 683 9
683 682 9
683 684 4
684 683 4
683 733 12
733 683 12
684 685 2
685 684 2
685 686 1
686 685 1
685 735 14
735 685 14
686 687 10
687 686 10
687 688 8
688 687 8
687 737 7
737 687 7
688 689 13
689 688 13
689 690 12
690 689 12
689 739 1
739 689 1
690 691 2
691 690 2
691 692 1
692 691 1
691 741 19
741 691 19
692 693 10
693 692 10
693 694 7
694 693 7
693 743 16
743 693 16
694 695 9
695 694 9
695 696 16
696 695 16
695 745 4
745 695 4
696 697 8
697 696 8
697 698 5
698 697 5
697 747 13
747 697 13
698 699 1
699 698 1
699 749 3
749 699 3
700 750 6
750 700 6
701 702 5
702 701 5
702 703 4
703 702 4
702 752 3
752 702 3
703 704 18
704 703 18
704 705 14
705 704 14
704 754 18
754 704 18
705 706 9
706 705 9
706 707 16
707 706 16
706 756 7
756 706 7
708 709 18
709 708 18
708 758 9
758 708 9
709 710 11
710 709 11
710 711 2
711 710 2
710 760 1
760 710 1
711 712 5
712 711 5
712 762 3
762 712 3
713 714 11
714 713 11
714 715 16
715 714 16
716 717 1
717 716 1
716 766 14
766 716 14
717 718 1
718 717 1
718 719 13
719 718 13
718 768 9
768 718 9
719 720 15
720 719 15
720 721 17
721 720 17
720 770 19
770 720 19
721 722 7
722 721 7
722 723 13
723 722 13
722 772 5
772 722 5
723 724 2
724 723 2
724 725 1
725 724 1
724 774 12
774 724 12
725 726 17
726 725 17
726 727 10
727 726 10
726 776 1
776 726 1
727 728 1
728 727 1
728 729 4
729 728 4
728 778 16
778 728 16
729 730 13
730 729 13
730 731 3
731 730 3
730 780 5
780 730 5
731 732 11
732 731 11
732 733 16
733 732 16
732 782 17
782 732 17
733 734 10
734 733 10
734 735 9
735 734 9
734 784 7
784 734 7
735 736 16
736 735 16
736 737 17
737 736 17
736 786 12
786 736 12
737 738 7
738 737 7
738 788 18
788 738 18
739 740 1
740 739 1
740 741 15
741 740 15
740 790 15
790 740 15
741 742 2
742 741 2
742 743 2
743 742 2
742 792 13
792 742 13
743 744 7
744 743 7
744 794 7
794 744 7
746 747 12
747 746 12
746 796 11
796 746 11
747 748 2
748 747 2
748 749 13
749 748 13
748 798 2
798 748 2
750 751 1
751 750 1
751 801 16
801 751 16
752 753 2
753 752 2
753 754 1
754 753 1
753 803 13
803 753 13
754 755 3
755 754 3
755 756 16
756 755 16
755 805 4
805 755 4
756 757 18
757 756 18
757 807 7
807 757 7
758 759 18
759 758 18
759 760 8
760 759 8
759 809 11
809 759 11
760 761 4
761 760 4
761 762 3
762 761 3
761 811 3
811 761 3
762 763 6
763 762 6
763 764 16
764 763 16
763 813 16
813 763 16
764 765 6
765 764 6
765 766 16
766 765 16
765 815 8
815 765 8
766 767 18
767 766 18
767 768 13
768 767 13
767 817 6
817 767 6
768 769 15
769 768 15
769 770 11
770 769 11
769 819 9
819 769 9
770 771 6
771 770 6
771 772 17
772 771 17
771 821 6
821 771 6
773 774 4
774 773 4
773 823 1
823 773 1
774 775 18
775 774 18
775 776 18
776 775 18
775 825 14
825 775 14
776 777 10
777 776 10
777 778 12
778 777 12
777 827 3
827 777 3
778 779 16
779 778 16
779 780 11
780 779 11
779 829 1
829 779 1
780 781 2
781 780 2
781 782 18
782 781 18
781 831 4
831 781 4
782 783 5
783 782 5
783 784 14
784 783 14
783 833 4
833 783 4
784 785 10
785 784 10
785 786 15
786 785 15
785 835 19
835 785 19
786 787 13
787 786 13
787 788 18
788 787 18
787 837 11
837 787 11
789 790 12
790 789 12
790 791 9
791 790 9
791 792 1
792 791 1
791 841 6
841 791 6
792 793 16
793 792 16
793 843 1
843 793 1
794 795 15
795 794 15
795 796 17
796 795 17
795 845 16
845 795 16
796 797 6
797 796 6
797 798 15
798 797 15
797 847 13
847 797 13
798 799 13
799 798 13
799 849 19
849 799 19
800 801 11
801 800 11
800 850 15
850 800 15
801 802 4
802 801 4
802 803 8
803 802 8
802 852 7
852 802 7
803 804 8
804 803 8
804 805 16
805 804 16
804 854 18
854 804 18
805 806 10
806 805 10
806 807 1
807 806 1
806 856 4
856 806 4
807 808 18
808 807 18
808 809 14
809 808 14
808 858 5
858 808 5
810 860 12
860 810 12
811 812 4
812 811 4
812 813 18
813 812 18
812 862 10
862 812 10
813 814 17
814 813 17
814 864 10
864 814 10
816 817 11
817 816 11
816 866 4
866 816 4
817 818 8
818 817 8
818 819 10
819 818 10
819 820 18
820 819 18
820 821 4
821 820 4
820 870 2
870 820 2
821 822 3
822 821 3
823 824 9
824 823 9
824 825 3
825 824 3
824 874 1
874 824 1
825 826 15
826 825 15
826 827 16
827 826 16
826 876 16
876 826 16
827 828 19
828 827 19
828 829 11
829 828 11
828 878 19
878 828 19
829 830 13
830 829 13
830 831 15
831 830 15
830 880 17
880 830 17
831 832 16
832 831 16
832 833 8
833 832 8
832 882 11
882 832 11
833 834 11
834 833 11
834 835 10
835 834 10
835 836 4
836 835 4
836 837 11
837 836 11
836 886 18
886 836 18
837 838 14
838 837 14
838 839 2
839 838 2
838 888 4
888 838 4
840 841 1
841 840 1
840 890 1
890 840 1
841 842 15
842 841 15
842 843 4
843 842 4
842 892 12
892 842 12
843 844 10
844 843 10
844 845 8
845 844 8
844 894 18
894 844 18
845 846 6
846 845 6
846 847 1
847 846 1
846 896 3
896 846 3
847 848 9
848 847 9
848 849 11
849 848 11
848 898 14
898 848 14
850 851 16
851 850 16
851 852 17
852 851 17
851 901 5
901 851 5
853 854 12
854 853 12
853 903 17
903 853 17
854 855 9
855 854 9
855 856 7
856 855 7
855 905 3
905 855 3
856 857 10
857 856 10
857 858 3
858 857 3
858 859 8
859 858 8
859 860 18
860 859 18
859 909 19
909 859 19
860 861 3
861 860 3
861 862 15
862 861 15
861 911 2
911 861 2
862 863 1
863 862 1
863 864 19
864 863 19
864 865 10
865 864 10
865 866 6
866 865 6
865 915 11
915 865 11
866 867 9
867 866 9
867 868 7
868 867 7
867 917 15
917 867 15
868 869 17
869 868 17
869 870 2
870 869 2
869 919 1
919 869 1
870 871 6
871 870 6
871 872 2
872 871 2
872 873 16
873 872 16
873 874 3
874 873 3
873 923 17
923 873 17
874 875 3
875 874 3
875 876 17
876 875 17
875 925 15
925 875 15
876 877 5
877 876 5
877 878 15
878 877 15
877 927 8
927 877 8
878 879 16
879 878 16
879 880 3
880 879 3
879 929 2
929 879 2
880 881 7
881 880 7
881 882 1
882 881 1
881 931 14
931 881 14
882 883 1
883 882 1
883 884 4
884 883 4
883 933 8
933 883 8
884 885 15
885 884 15
885 886 16
886 885 16
885 935 17
935 885 17
886 887 13
887 886 13
887 888 19
888 887 19
887 937 5
937 887 5
888 889 14
889 888 14
889 890 13
890 889 13
889 939 11
939 889 11
890 891 1
891 890 1
891 941 7
941 891 7
892 893 13
893 892 13
893 894 16
894 893 16
893 943 8
943 893 8
894 895 6
895 894 6
895 896 15
896 895 15
895 945 8
945 895 8
896 897 10
897 896 10
897 898 4
898 897 4
897 947 7
947 897 7
898 899 2
899 898 2
899 949 9
949 899 9
900 901 6
901 900 6
900 950 6
950 900 6
901 902 4
902 901 4
902 903 3
903 902 3
902 952 18
952 902 18
903 904 2
904 903 2
904 905 17
905 904 17
904 954 1
954 904 1
905 906 13
906 905 13
906 907 9
907 906 9
906 956 15
956 906 15
907 908 13
908 907 13
908 958 9
958 908 9
910 911 13
911 910 13
910 960 17
960 910 17
911 912 18
912 911 18
912 913 4
913 912 4
912 962 7
962 912 7
913 914 15
914 913 15
914 964 1
964 914 1
915 916 18
916 915 18
916 917 14
917 916 14
916 966 14
966 916 14
917 918 6
918 917 6
918 919 12
919 918 12
918 968 8
968 918 8
919 920 12
920 919 12
920 921 12
921 920 12
920 970 3
970 920 3
921 922 6
922 921 6
922 923 16
923 922 16
922 972 16
972 922 16
923 924 10
924 923 10
924 925 10
925 924 10
924 974 14
974 924 14
925 926 18
926 925 18
926 927 5
927 926 5
926 976 7
976 926 7
927 928 13
928 927 13
928 929 8
929 928 8
929 930 4
930 929 4
930 931 3
931 930 3
930 980 3
980 930 3
931 932 10
932 931 10
932 933 11
933 932 11
932 982 15
982 932 15
933 934 15
934 933 15
934 935 11
935 934 11
934 984 19
984 934 19
935 936 1
936 935 1
936 937 18
937 936 18
936 986 17
986 936 17
937 938 3
938 937 3
938 988 17
988 938 17
939 940 2
940 939 2
940 941 14
941 940 14
940 990 3
990 940 3
941 942 7
942 941 7
942 943 11
943 942 11
942 992 10
992 942 10
944 994 6
994 944 6
945 946 5
946 945 5
946 947 16
947 946 16
946 996 10
996 946 10
947 948 14
948 947 14
948 949 1
949 948 1
948 998 1
998 948 1
950 951 1
951 950 1
951 952 5
952 951 5
951 1001 14
1001 951 14
952 953 2
953 952 2
953 954 8
954 953 8
953 1003 12
1003 953 12
954 955 1
955 954 1
955 956 19
956 955 19
955 1005 14
1005 955 14
956 957 11
957 956 11
957 958 11
958 957 11
957 1007 19
1007 957 19
958 959 2
959 958 2
959 960 16
960 959 16
959 1009 8
1009 959 8
960 961 12
961 960 12
961 962 19
962 961 19
961 1011 2
1011 961 2
962 963 11
963 962 11
963 964 14
964 963 14
963 1013 8
1013 963 8
964 965 10
965 964 10
965 966 10
966 965 10
965 1015 19
1015 965 19
966 967 12
967 966 12
967 968 10
968 967 10
967 1017 4
1017 967 4
968 969 15
969 968 15
969 970 3
970 969 3
969 1019 17
1019 969 17
970 971 18
971 970 18
971 972 11
972 971 11
971 1021 16
1021 971 16
972 973 11
973 972 11
973 974 1
974 973 1
974 975 18
975 974 18
975 976 6
976 975 6
975 1025 16
1025 975 16
976 977 6
977 976 6
977 1027 9
1027 977 9
978 979 8
979 978 8
979 980 1
980 979 1
979 1029 10
1029 979 10
980 981 19
981 980 19
981 982 16
982 981 16
981 1031 11
1031 981 11
983 984 2
984 983 2
983 1033 11
1033 983 11
985 986 4
986 985 4
985 1035 14
1035 985 14
986 987 9
987 986 9
988 989 3
989 988 3
989 1039 16
1039 989 16
990 991 19
991 990 19
991 992 17
992 991 17
992 993 8
993 992 8
993 994 3
994 993 3
993 1043 5
1043 993 5
994 995 2
995 994 2
995 996 17
996 995 17
995 1045 11
1045 995 11
996 997 11
997 996 11
997 998 7
998 997 7
997 1047 1
1047 997 1
998 999 8
999 998 8
999 1049 14
1049 999 14
1000 1001 1
1001 1000 1
1000 1050 14
1050 1000 14
1001 1002 13
1002 1001 13
1002 1003 3
1003 1002 3
1003 1004 9
1004 1003 9
1004 1005 15
1005 1004 15
1004 1054 10
1054 1004 10
1005 1006 5
1006 1005 5
1006 1007 12
1007 1006 12
1007 1008 13
1008 1007 13
1008 1009 6
1009 1008 6
1008 1058 13
1058 1008 13
1009 1010 9
1010 1009 9
1010 1011 9
1011 1010 9
1010 1060 10
1060 1010 10
1011 1012 8
1012 1011 8
1012 1013 14
1013 1012 14
1012 1062 19
1062 1012 19
1013 1014 10
1014 1013 10
1014 1015 13
1015 1014 13
1014 1064 12
1064 1014 12
1015 1016 8
1016 1015 8
1016 1017 5
1017 1016 5
1016 1066 10
1066 1016 10
1018 1019 7
1019 1018 7
1019 1020 3
1020 1019 3
1020 1021 5
1021 1020 5
1020 1070 1
1070 1020 1
1021 1022 13
1022 1021 13
1022 1023 12
1023 1022 12
1022 1072 2
1072 1022 2
1023 1024 11
1024 1023 11
1024 1025 11
1025 1024 11
1024 1074 7
1074 1024 7
1025 1026 4
1026 1025 4
1026 1027 5
1027 1026 5
1026 1076 13
1076 1026 13
1027 1028 4
1028 1027 4
1028 1029 4
1029 1028 4
1028 1078 1
1078 1028 1
1029 1030 17
1030 1029 17
1030 1031 1
1031 1030 1
1030 1080 18
1080 1030 18
1031 1032 7
1032 1031 7
1032 1033 3
1033 1032 3
1032 1082 18
1082 1032 18
1033 1034 10
1034 1033 10
1034 1035 11
1035 1034 11
1034 1084 7
1084 1034 7
1035 1036 9
1036 1035 9
1036 1037 15
1037 1036 15
1036 1086 10
1086 1036 10
1037 1038 15
1038 1037 15
1038 1039 12
1039 1038 12
1039 1040 14
1040 1039 14
1040 1041 19
1041 1040 19
1040 1090 7
1090 1040 7
1041 1042 19
1042 1041 19
1042 1043 6
1043 1042 6
1042 1092 4
1092 1042 4
1043 1044 3
1044 1043 3
1044 1045 1
1045 1044 1
1044 1094 15
1094 1044 15
1046 1047 6
1047 1046 6
1046 1096 1
1096 1046 1
1047 1048 17
1048 1047 17
1048 1049 2
1049 1048 2
1048 1098 18
1098 1048 18
1051 1052 18
1052 1051 18
1051 1101 4
1101 1051 4
1052 1053 16
1053 1052 16
1053 1054 8
1054 1053 8
1053 1103 8
1103 1053 8
1054 1055 9
1055 1054 9
1055 1056 3
1056 1055 3
1055 1105 19
1105 1055 19
1057 1058 10
1058 1057 10
1057 1107 1
1107 1057 1
1058 1059 5
1059 1058 5
1059 1109 14
1109 1059 14
1060 1061 13
1061 1060 13
1061 1062 16
1062 1061 16
1061 1111 5
1111 1061 5
1062 1063 17
1063 1062 17
1063 1064 17
1064 1063 17
1063 1113 15
1113 1063 15
1064 1065 12
1065 1064 12
1065 1066 2
1066 1065 2
1065 1115 18
1115 1065 18
1066 1067 7
1067 1066 7
1067 1068 14
1068 1067 14
1067 1117 10
1117 1067 10
1068 1069 1
1069 1068 1
1069 1070 17
1070 1069 17
1069 1119 17
1119 1069 17
1070 1071 8
1071 1070 8
1071 1072 1
1072 1071 1
1073 1074 15
1074 1073 15
1073 1123 5
1123 1073 5
1074 1075 5
1075 1074 5
1075 1076 9
1076 1075 9
1075 1125 15
1125 1075 15
1076 1077 2
1077 1076 2
1077 1078 10
1078 1077 10
1077 1127 18
1127 1077 18
1078 1079 7
1079 1078 7
1079 1080 18
1080 1079 18
1079 1129 16
1129 1079 16
1081 1082 7
1082 1081 7
1081 1131 18
1131 1081 18
1082 1083 6
1083 1082 6
1083 1084 10
1084 1083 10
1083 1133 10
1133 1083 10
1084 1085 14
1085 1084 14
1085 1086 16
1086 1085 16
1085 1135 1
1135 1085 1
1086 1087 12
1087 1086 12
1087 1088 7
1088 1087 7
1087 1137 18
1137 1087 18
1088 1089 9
1089 1088 9
1089 1090 6
1090 1089 6
1089 1139 13
1139 1089 13
1091 1092 6
1092 1091 6
1091 1141 5
1141 1091 5
1092 1093 9
1093 1092 9
1093 1094 9
1094 1093 9
1093 1143 7
1143 1093 7
1094 1095 18
1095 1094 18
1095 1096 9
1096 1095 9
1095 1145 1
1145 1095 1
1096 1097 1
1097 1096 1
1097 1098 11
1098 1097 11
1097 1147 15
1147 1097 15
1098 1099 18
1099 1098 18
1099 1149 5
1149 1099 5
1100 1101 16
1101 1100 16
1100 1150 15
1150 1100 15
1101 1102 17
1102 1101 17
1102 1103 12
1103 1102 12
1102 1152 8
1152 1102 8
1103 1104 7
1104 1103 7
1104 1105 5
1105 1104 5
1104 1154 19
1154 1104 19
1105 1106 6
1106 1105 6
1106 1107 4
1107 1106 4
1106 1156 9
1156 1106 9
1107 1108 3
1108 1107 3
1108 1109 12
1109 1108 12
1108 1158 19
1158 1108 19
1109 1110 11
1110 1109 11
1110 1111 8
1111 1110 8
1111 1112 4
1112 1111 4
1112 1113 11
1113 1112 11
1112 1162 3
1162 1112 3
1113 1114 3
1114 1113 3
1114 1115 11
1115 1114 11
1114 1164 19
1164 1114 19
1115 1116 12
1116 1115 12
1116 1117 8
1117 1116 8
1116 1166 1
1166 1116 1
1117 1118 14
1118 1117 14
1118 1119 15
1119 1118 15
1118 1168 13
1168 1118 13
1119 1120 15
1120 1119 15
1120 1121 13
1121 1120 13
1120 1170 7
1170 1120 7
1121 1122 10
1122 1121 10
1122 1123 5
1123 1122 5
1122 1172 5
1172 1122 5
1123 1124 19
1124 1123 19
1124 1125 5
1125 1124 5
1124 1174 8
1174 1124 8
1125 1126 9
1126 1125 9
1126 1127 15
1127 1126 15
1127 1128 5
1128 1127 5
1128 1129 2
1129 1128 2
1128 1178 11
1178 1128 11
1129 1130 13
1130 1129 13
1130 1131 7
1131 1130 7
1130 1180 14
1180 1130 14
1131 1132 13
1132 1131 13
1132 1133 16
1133 1132 16
1132 1182 6
1182 1132 6
1133 1134 9
1134 1133 9
1134 1135 16
1135 1134 16
1134 1184 17
1184 1134 17
1135 1136 18
1136 1135 18
1136 1137 14
1137 1136 14
1136 1186 14
1186 1136 14
1137 1138 11
1138 1137 11
1138 1139 4
1139 1138 4
1138 1188 17
1188 1138 17
1139 1140 17
1140 1139 17
1140 1141 4
1141 1140 4
1140 1190 4
1190 1140 4
1142 1143 6
1143 1142 6
1143 1144 5
1144 1143 5
1144 1145 12
1145 1144 12
1144 1194 11
1194 1144 11
1145 1146 1
1146 1145 1
1146 1147 3
1147 1146 3
1146 1196 14
1196 1146 14
1147 1148 9
1148 1147 9
1148 1149 11
1149 1148 11
1148 1198 7
1198 1148 7
1150 1151 14
1151 1150 14
1151 1152 8
1152 1151 8
1151 1200 11
1200 1151 11
1152 1153 5
1153 1152 5
1153 1154 3
1154 1153 3
1153 1202 17
1202 1153 17
1154 1155 17
1155 1154 17
1155 1156 10
1156 1155 10
1156 1157 2
1157 1156 2
1157 1158 14
1158 1157 14
1157 1206 3
1206 1157 3
1158 1159 18
1159 1158 18
1159 1160 12
1160 1159 12
1159 1208 7
1208 1159 7
1160 1161 2
1161 1160 2
1161 1162 9
1162 1161 9
1161 1210 9
1210 1161 9
1162 1163 2
1163 1162 2
1163 1164 16
1164 1163 16
1163 1212 17
1212 1163 17
1164 1165 1
1165 1164 1
1165 1166 15
1166 1165 15
1165 1214 18
1214 1165 18
1166 1167 19
1167 1166 19
1167 1168 12
1168 1167 12
1167 1216 14
1216 1167 14
1169 1170 13
1170 1169 13
1169 1218 15
1218 1169 15
1170 1171 10
1171 1170 10
1171 1220 13
1220 1171 13
1172 1173 9
1173 1172 9
1173 1174 11
1174 1173 11
1173 1222 5
1222 1173 5
1174 1175 14
1175 1174 14
1175 1176 17
1176 1175 17
1175 1224 12
1224 1175 12
1176 1177 12
1177 1176 12
1177 1178 4
1178 1177 4
1177 1226 4
1226 1177 4
1178 1179 10
1179 1178 10
1179 1180 17
1180 1179 17
1179 1228 8
1228 1179 8
1180 1181 1
1181 1180 1
1181 1182 9
1182 1181 9
1181 1230 3
1230 1181 3
1182 1183 1
1183 1182 1
1183 1184 15
1184 1183 15
1183 1232 18
1232 1183 18
1184 1185 5
1185 1184 5
1185 1186 3
1186 1185 3
1185 1234 15
1234 1185 15
1186 1187 12
1187 1186 12
1187 1188 14
1188 1187 14
1188 1189 19
1189 1188 19
1189 1190 2
1190 1189 2
1190 1191 18
1191 1190 18
1191 1192 10
1192 1191 10
1191 1240 19
1240 1191 19
1192 1193 15
1193 1192 15
1193 1194 13
1194 1193 13
1193 1242 2
1242 1193 2
1194 1195 5
1195 1194 5
1195 1196 6
1196 1195 6
1195 1244 12
1244 1195 12
1196 1197 11
1197 1196 11
1197 1198 11
1198 1197 11
1197 1246 11
1246 1197 11
1199 1248 6
1248 1199 6
1200 1201 8
1201 1200 8
1201 1202 10
1202 1201 10
1202 1203 12
1203 1202 12
1203 1204 9
1204 1203 9
1204 1205 10
1205 1204 10
1205 1206 7
1206 1205 7
1206 1207 12
1207 1206 12
1207 1208 17
1208 1207 17
1208 1209 1
1209 1208 1
1209 1210 7
1210 1209 7
1210 1211 3
1211 1210 3
1211 1212 16
1212 1211 16
1212 1213 8
1213 1212 8
1213 1214 13
1214 1213 13
1214 1215 8
1215 1214 8
1215 1216 3
1216 1215 3
1216 1217 13
1217 1216 13
1217 1218 18
1218 1217 18
1218 1219 8
1219 1218 8
1219 1220 17
1220 1219 17
1220 1221 1
1221 1220 1
1221 1222 7
1222 1221 7
1222 1223 16
1223 1222 16
1223 1224 4
1224 1223 4
1224 1225 18
1225 1224 18
1225 1226 3
1226 1225 3
1227 1228 18
1228 1227 18
1228 1229 17
1229 1228 17
1229 1230 9
1230 1229 9
1230 1231 12
1231 1230 12
1231 1232 13
1232 1231 13
1232 1233 17
1233 1232 17
1233 1234 2
1234 1233 2
1235 1236 12
1236 1235 12
1236 1237 3
1237 1236 3
1237 1238 19
1238 1237 19
1238 1239 17
1239 1238 17
1239 1240 4
1240 1239 4
1241 1242 12
1242 1241 12
1242 1243 19
1243 1242 19
1243 1244 8
1244 1243 8
1244 1245 14
1245 1244 14
1245 1246 2
1246 1245 2
1246 1247 10
1247 1246 10
1247 1248 10
1248 1247 10
3
4
6
7
8
11
13
16
17
18
19
20
22
23
24
25
26
29
30
31
32
33
34
35
36
37
39
40
41
46
47
48
54
57
58
59
60
62
63
64
65
69
70
71
74
76
77
79
81
82
84
85
86
87
88
89
90
91
92
94
95
97
106
108
109
110
112
113
114
115
117
119
120
121
123
124
126
127
128
129
130
132
134
135
138
141
143
145
146
147
148
149
150
151
166
168
170
172
173
174
175
176
178
182
183
184
186
187
188
189
190
197
198
199
200
201
202
203
205
207
208
209
211
217
219
220
221
222
223
224
227
229
230
231
232
234
236
237
238
243
244
246
247
248
249
250
251
252
253
254
255
257
258
259
260
261
263
271
273
274
275
276
279
280
281
282
284
285
286
289
291
292
293
295
297
299
303
304
305
306
307
308
310
311
312
313
314
322
323
324
325
326
327
329
331
332
334
336
337
338
339
340
341
342
343
344
345
346
347
348
349
350
353
357
359
361
364
365
366
367
368
369
374
375
376
378
379
382
383
384
386
387
389
390
393
395
397
398
399
400
401
402
404
405
406
407
410
412
413
416
417
418
422
427
428
429
430
431
433
435
436
437
438
439
441
442
444
445
446
447
448
450
451
452
453
455
456
457
458
459
461
464
465
466
468
469
470
471
472
473
476
477
478
479
480
481
483
484
485
486
488
489
490
492
493
494
495
500
502
503
504
506
508
509
510
512
513
516
517
519
520
521
522
523
524
530
531
532
534
535
536
537
538
540
543
545
546
547
548
549
551
554
555
557
558
559
560
562
564
568
571
572
575
577
588
589
590
591
592
593
594
595
596
598
599
601
603
604
605
606
607
608
609
612
613
614
618
623
627
630
631
633
636
638
639
640
641
642
643
644
646
650
652
653
654
655
656
657
658
659
660
661
662
665
666
667
669
673
674
676
678
680
681
682
683
690
691
692
693
695
696
697
699
700
701
702
703
704
705
707
709
711
712
713
714
715
716
717
719
720
721
722
723
725
727
728
730
731
732
734
735
737
741
742
743
745
746
747
748
750
751
753
754
755
756
758
759
760
761
764
765
766
767
768
769
771
774
775
777
779
780
781
782
784
785
786
787
789
792
793
794
796
798
799
800
801
804
805
806
807
808
809
810
812
813
815
817
818
822
823
824
826
828
830
831
832
833
834
837
838
839
843
845
846
847
848
849
851
854
856
858
859
860
861
862
864
866
869
870
871
872
873
876
877
880
881
882
883
885
886
887
889
892
895
896
897
898
899
900
901
905
907
908
909
910
911
912
913
914
917
919
921
923
926
928
929
931
932
933
934
939
940
943
944
946
947
948
950
951
952
953
954
955
957
958
959
962
964
965
966
968
969
970
971
972
973
974
976
977
978
979
980
981
982
983
985
987
988
989
995
998
999
1000
1002
1003
1005
1007
1008
1009
1010
1011
1012
1013
1014
1016
1019
1021
1022
1023
1024
1026
1028
1029
1030
1031
1032
1034
1036
1038
1039
1040
1042
1045
1046
1047
1048
1049
1053
1055
1056
1057
1058
1059
1060
1061
1063
1064
1065
1067
1068
1069
1070
1071
1073
1074
1075
1077
1078
1079
1080
1086
1087
1088
1091
1092
1093
1096
1097
1098
1099
1100
1101
1103
1104
1105
1109
1110
1111
1112
1113
1114
1115
1117
1118
1119
1122
1123
1127
1128
1129
1130
1133
1134
1136
1137
1139
1140
1141
1142
1144
1147
1148
1149
1153
1154
1155
1157
1158
1159
1160
1161
1163
1169
1170
1173
1174
1175
1176
1177
1178
1179
1182
1183
1184
1185
1186
1187
1188
1189
1190
1191
1192
1193
1199
1201
1202
1203
1205
1209
1210
1211
1212
1213
1214
1215
1216
1217
1218
1219
1220
1221
1223
1224
1226
1227
1229
1230
1231
1232
1234
1235
1236
1237
1238
1239
1240
1241
1242
1244
1245
